676,676,676,676,676,705,0,705,0,0,0,0,0,0,0,0,0,720,705,676,676,676,676,676,676,676,676,676,676,676,676,676,676,676,676,676,676,676,676,676,676,676,676,676,676,676,676,676,676,676,676,676,676,676,676,676,676,676,676,676,676,676,676,676,676,676,676,676,676,676,676,676,676,676,676,676,720,0,771,0,720,720,676,676,676,0,771,0,0,0,0,0,0,676,676,720,771,771,771,771,771,771,771,771,771,771,771,771,789,0,0,0,0,0,850,872,850,850,850,850,850,850,850,850,850,0,0,0,0,850,850,850,850,850,850,850,850,850,850,850,850,850,850,850,850,850,850,850,850,850,850,850,850,850,850,850,850,850,850,850,850,850,850,850,850,850,947,0,0,0,0,0,0,0,0,0,0,0,0,0,0,0,0,0,0,0,0,0,0,0,0,0,0,0,0,0,0,0,0,0,0,0,0,0,0,0,0,0,0,0,0,0,0,0,0,0,0,0,0,0,0,0,0,0,0,0,0,0,0,0,0,0,975,975,975,975,975,975,975,975,975,975,975,975,975,975,975,975,975,975,975,975,896,896,896,896,896,896,896,896,896,896,896,896,896,896,896,896,896,896,896,896,896,896,896,896,896,896,896,896,896,896,896,896,896,896,896,896,896,896,896,896,896,896,896,896,896,896,896,896,896,896,896,896,896,896,896,896,896,896,896,808,808,808,808,808,808,808,808,808,808,808,808,808,808,808,808,808,808,808,0,0,0,0,0,0,0,0,0,1035,1035,1035,1035,975,975,975,975,975,975,975,975,975,975,975,975,975,975,975,947,947,896,896,896,872,872,488,488,488,488,488,488,488,488,488,488,488,488,488,488,488,488,488,488,488,488,488,488,488,488,488,488,488,488,488,1578,0,0,0,0,0,0,0,0,0,0,1578,0,0,0,0,0,0,0,0,0,0,0,0,0,0,0,0,0,0,0,0,0,0,0,0,0,0,0,0,0,0,0,0,0,0,1274,0,0,0,1840,1578,360,360,360,360,360,1578,0,0,0,0,0,0,0,0,0,0,0,0,0,0,0,0,0,0,0,0,0,0,0,0,0,0,0,0,0,0,0,0,0,0,0,0,0,0,0,502,454,360,454,454,454,454,454,360,454,0,0,0,0,0,0,0,0,0,0,0,0,2548,2548,2548,2366,2366,2366,2366,2366,2366,2366,2366,2366,2366,2366,2366,2366,2366,2366,2366,2366,2548,2366,2366,2366,2548,2366,2548,0,0,2548,2548,2366,2366,2548,2548,2548,2548,2548,2548,2548,2548,2548,2366,2366,2366,2366,2366,2366,2366,2366,2366,2366,2366,2366,2366,2366,2366,2366,2366,2366,0,552,0,0,0,0,0,0,2366,2208,0,2366,0,0,0,0,2366,2366,2366,2366,2208,828,828,2208,2208,2208,2208,2208,2208,2208,2208,2208,2208,2208,2208,2208,2070,2070,2070,2070,2070,2070,2070,2070,2070,2070,2070,2070,2070,2070,2070,2208,0,0,0,0,0,0,0,0,0,0,0,0,0,0,0
676,676,705,705,705,720,850,850,850,850,872,0,0,0,0,0,0,850,850,705,676,676,676,676,676,676,676,676,676,676,676,676,676,676,676,676,676,676,676,676,676,676,676,676,676,676,676,720,720,720,720,720,720,720,705,676,676,676,676,676,676,676,676,676,676,676,676,676,676,676,676,676,676,676,676,720,720,0,0,0,0,0,771,0,0,0,0,0,0,0,0,0,0,0,771,771,771,771,771,771,771,771,771,771,771,771,771,771,771,771,850,850,850,850,850,872,850,850,850,850,850,850,850,850,850,850,0,0,872,850,850,850,850,850,850,850,850,850,850,850,850,850,850,850,850,850,850,850,850,850,850,850,850,850,850,850,850,850,850,850,850,850,850,872,0,0,0,0,0,0,0,0,0,0,0,0,0,0,0,0,0,0,0,0,0,0,0,0,0,0,0,0,0,0,0,0,0,0,0,0,0,0,0,0,0,0,0,0,0,0,0,0,0,0,0,0,0,0,0,0,0,0,0,0,0,0,0,0,0,0,1004,1004,1004,975,975,975,975,975,975,975,975,975,975,975,975,975,975,975,975,975,975,975,975,975,975,896,896,896,896,896,896,896,896,896,896,896,896,896,896,896,896,896,896,896,896,896,896,896,896,896,896,896,896,896,896,896,896,896,896,896,896,896,896,896,896,896,896,896,896,896,896,896,896,896,896,896,896,896,896,896,896,808,808,808,808,808,808,808,808,808,808,808,808,808,808,808,808,808,808,808,0,0,0,0,0,0,0,0,1035,1035,1035,1035,1004,1004,1004,1004,1004,1004,1004,1004,1004,975,975,975,975,975,975,975,975,947,947,896,896,896,872,495,0,495,488,488,488,488,488,488,488,488,535,535,535,535,488,488,488,488,488,0,0,0,0,0,535,535,0,0,0,0,0,0,1656,1656,1656,0,1656,1656,1578,1578,1578,1656,0,0,0,0,0,0,0,0,0,0,0,0,0,0,0,0,0,0,0,0,0,0,0,0,0,0,0,0,0,0,0,0,0,0,0,0,0,1840,1840,1840,0,0,0,0,0,0,0,0,0,0,0,0,0,0,0,0,0,0,0,0,0,0,0,0,0,0,0,0,0,0,0,0,0,0,0,0,0,0,0,0,0,0,0,0,502,460,0,502,460,454,454,454,0,0,0,0,0,0,2548,0,0,0,0,0,0,2548,2548,2366,2366,2366,2366,2366,2366,2366,2366,2366,2366,2366,2366,2366,2366,2366,2366,2366,2366,2548,2548,2366,2366,2548,2548,2548,0,0,2548,2548,2366,2366,2366,2548,2548,2548,2548,2548,2548,2548,2366,2366,2366,2366,2366,2366,2366,2366,2366,2366,2366,2366,2366,2366,2366,2366,2366,2366,2366,0,2208,0,2366,0,2366,0,0,0,2366,0,2366,0,0,2366,2366,2366,2366,2366,2366,2366,2208,2208,2208,2208,2208,2208,2208,2208,2208,2208,2208,2208,2208,2208,2208,2208,2208,2070,2070,2208,2208,2070,2070,2070,2070,2070,2070,2208,2208,2208,2208,0,0,0,0,0,0,0,0,0,0,0,0,0,0,0
850,705,850,705,705,705,705,705,705,850,850,0,0,0,0,0,850,850,720,705,705,705,705,705,705,705,705,705,705,705,705,705,705,705,705,705,705,720,705,705,705,705,705,705,705,720,720,720,828,828,828,828,828,720,720,720,705,705,705,720,720,705,705,705,705,705,720,720,720,0,0,0,720,828,720,828,828,0,0,0,0,0,0,0,0,0,0,0,0,0,0,0,0,0,789,771,771,771,771,771,771,771,771,771,771,771,771,771,771,771,771,771,771,789,789,789,789,789,789,789,789,789,789,789,789,789,789,789,789,789,789,850,789,789,789,789,789,789,789,789,789,789,789,850,850,850,850,850,850,872,872,872,872,0,0,0,0,0,0,0,0,0,0,0,0,0,0,0,0,0,0,0,0,0,0,0,0,0,0,0,0,0,0,0,0,0,0,0,0,0,0,0,0,0,0,0,0,0,0,0,1035,1035,1035,1035,1035,1035,1035,1035,1035,1035,1035,1035,1004,1004,1004,1004,1004,1035,1035,1035,1035,1004,1004,1035,1035,1035,1035,1035,1035,1035,1004,1004,1004,1004,1004,1004,1004,975,975,975,975,975,975,975,975,975,975,975,975,975,975,975,975,975,975,975,1004,1004,1004,1004,896,896,896,896,896,896,896,896,896,896,896,896,896,896,920,920,920,920,920,896,896,896,896,896,896,896,896,896,896,896,896,896,896,896,896,896,896,896,896,896,896,896,896,896,896,896,896,896,896,896,808,808,808,808,808,808,808,808,808,808,808,808,808,808,808,808,808,808,808,808,1035,0,0,0,0,0,1035,1035,1035,1035,1035,1035,1004,1004,1035,1035,1035,1035,1035,1035,1004,1004,1004,1004,1004,975,975,975,975,975,975,975,1035,0,0,0,0,0,0,0,0,535,488,535,0,0,0,0,0,0,0,0,0,0,0,0,0,0,0,0,0,0,0,0,0,0,1656,1578,1578,1656,1656,1656,1656,1578,1578,1578,1578,1578,1656,0,0,0,0,0,0,0,0,0,0,0,0,0,0,0,0,0,0,0,0,0,0,0,0,0,0,0,0,0,0,0,0,0,0,0,1840,1840,0,0,0,0,0,0,0,0,0,0,0,0,0,0,0,0,0,0,0,0,0,0,0,0,0,0,0,0,0,0,0,0,0,0,0,0,0,0,0,0,0,0,0,0,0,0,0,0,0,0,0,2366,2366,502,2760,0,2760,0,0,0,2548,0,0,0,0,0,0,2548,2548,2548,2548,2366,2366,2366,2366,2366,2366,2366,2366,2548,2366,2366,2366,2366,2366,2366,2548,2548,2548,2548,2548,2548,2548,2548,2548,2548,2548,2548,2548,2548,2548,2548,2548,2548,2548,2548,2548,2548,2548,2366,2366,2366,2366,2366,2366,2366,2366,2366,2366,2366,2366,2366,2366,2366,2366,2366,2366,2208,2208,2208,2208,2366,2366,2366,2366,2366,2366,0,2366,2366,2366,2366,2366,2366,2366,2366,2366,0,0,2366,2208,2208,2208,2208,2208,2208,2208,2208,2208,2208,2208,2208,2208,2208,2208,2208,2208,2208,2208,2208,2208,2208,2208,2208,2208,2208,2208,2208,2208,2366,0,0,0,0,0,0,0,0,0,0,0,0,0,0
850,850,850,705,705,705,705,705,705,705,705,705,850,850,850,850,705,705,705,705,705,705,705,705,705,705,705,705,705,705,705,705,720,828,828,828,720,720,705,705,705,720,720,720,720,828,828,828,0,0,0,0,0,828,828,720,720,720,720,720,720,720,720,720,720,720,736,736,736,0,0,0,753,828,736,736,753,828,771,0,0,0,0,0,0,0,828,771,771,771,771,771,771,789,789,771,771,771,771,771,771,771,771,771,771,771,771,771,771,771,771,771,771,771,771,771,771,771,771,771,771,771,771,771,771,771,771,771,771,771,771,789,771,771,771,771,771,771,771,771,771,771,771,789,789,789,0,0,0,0,0,0,0,0,0,0,0,0,0,0,0,0,0,0,0,0,0,0,0,0,0,0,0,0,0,0,0,0,0,0,0,0,0,0,0,0,0,0,0,0,0,0,0,0,0,0,0,0,0,0,1035,1035,1035,1035,1004,1004,1004,1004,1004,1004,1004,1004,1004,1004,1004,1004,1004,1004,1004,1004,1004,1004,1004,1004,1004,1004,1004,1004,1004,1004,1004,1004,1004,1004,1004,1004,1004,1004,1004,1004,1004,1004,1004,1004,1004,1004,1004,1004,1004,1004,1004,1004,1004,1004,1004,1004,1004,1004,1004,1004,1004,1004,1004,1004,1004,920,920,920,920,920,920,920,920,920,920,920,920,920,920,920,920,920,920,920,920,920,920,920,920,920,920,920,920,920,920,920,920,920,920,920,920,920,920,920,920,920,920,920,920,896,808,808,808,808,808,808,808,808,808,808,808,808,808,808,808,808,1035,808,1069,33119,0,0,0,0,0,1035,1035,1035,1035,1035,1035,1035,1035,1035,1035,1035,1035,1035,1035,1035,1035,1035,1035,1035,1035,1035,1035,1035,1035,1035,1035,1035,1035,1035,0,0,0,0,0,0,0,0,0,0,0,0,0,0,0,0,0,0,0,0,0,0,0,0,0,0,0,0,0,0,0,0,1656,1578,1578,1656,1656,1656,1656,1578,1578,1578,1578,1578,1656,0,0,0,0,0,0,0,0,0,0,0,0,0,0,0,0,0,0,0,0,0,0,0,0,0,0,0,0,0,0,0,0,0,0,1840,1840,1840,0,0,0,0,0,0,0,0,0,0,0,0,0,0,0,0,0,0,0,0,0,0,0,0,0,0,0,0,0,0,0,0,0,0,0,0,0,0,0,0,0,0,0,0,0,0,0,0,0,0,0,0,0,2760,2760,0,2760,3011,3011,0,3011,0,0,0,0,0,0,2548,2548,2548,2548,2548,2548,2548,2366,2548,2548,3011,3011,2548,2548,2548,2548,2548,2548,2548,2548,2548,2548,2548,2548,2548,2548,2548,2548,2548,2548,2548,2548,2548,2548,2548,2548,2548,2548,2548,2548,2548,2548,2548,2548,2548,2548,2548,2366,2366,2366,2366,2366,2366,2366,2366,2366,2366,2366,2366,2366,2208,2208,2208,2208,2366,2366,2366,2366,2366,0,0,2366,2366,2366,2366,2366,2366,2366,2366,0,0,0,0,2208,2208,2208,2208,2208,2208,2208,2208,2208,2208,2208,2208,2208,2208,2208,2208,2208,2208,2208,2208,2208,2208,2208,2208,2208,2208,2208,2208,2208,2366,0,0,0,0,0,0,0,0,0,0,0,0,0,0
0,850,850,850,850,720,705,705,789,850,850,850,850,0,0,0,850,850,705,705,705,705,705,705,705,705,705,705,705,705,828,705,828,828,828,828,828,828,720,720,720,720,720,828,828,828,0,0,0,0,0,0,0,828,828,720,720,720,720,720,736,736,736,736,736,736,736,736,0,0,0,0,0,828,828,736,753,753,771,0,0,0,0,0,0,0,771,753,753,753,753,753,771,771,771,771,771,771,771,771,771,771,771,771,771,771,771,771,771,771,771,771,771,771,771,771,771,771,771,771,771,771,771,771,771,771,771,771,771,771,771,771,771,771,771,771,771,771,771,771,771,771,771,771,789,789,0,0,0,0,0,0,0,0,0,0,0,0,0,0,0,0,0,0,0,0,0,0,0,0,0,0,0,0,0,0,0,0,0,0,0,0,0,0,0,0,0,0,0,0,0,0,0,0,0,0,0,0,0,0,1035,1035,1004,1004,1004,1004,1004,1004,1004,1004,1004,1004,1004,1004,1004,1004,1004,1004,975,975,1004,1004,1004,1004,1004,1004,1004,1004,1004,1004,1004,1004,1004,1004,1004,1004,1004,1004,1004,1004,1004,1004,1004,1004,1004,1004,1004,1004,1004,1004,1004,1004,1004,1004,1004,1004,1004,1004,1004,1004,1004,1004,1004,1004,1004,1004,975,975,975,975,975,975,975,920,920,920,920,920,920,920,920,920,920,920,920,920,920,920,920,920,920,920,920,920,920,920,920,920,920,920,920,920,920,920,920,920,920,920,920,896,808,808,808,808,808,808,808,808,808,808,808,808,808,808,808,808,850,872,1069,1069,0,0,0,0,0,1069,1035,1035,1035,1035,1035,1035,1035,1035,1035,1035,1035,1035,1035,1035,1035,1035,1035,1035,1035,1035,1035,1035,1035,1035,1035,1035,1069,1069,1069,1069,1069,1069,1069,1069,1069,1069,1069,0,0,0,0,0,0,0,0,0,0,0,0,0,0,0,0,0,0,0,0,0,1578,1578,1578,1578,1578,1656,1656,1656,1578,1578,1578,1578,1578,1578,1578,1656,0,0,0,0,0,0,0,0,1744,1656,1744,1744,0,0,0,0,0,0,0,0,0,0,0,0,0,0,0,0,0,0,0,0,0,1840,1840,1840,0,0,0,0,0,0,0,0,0,0,0,0,0,0,0,0,0,0,0,0,0,0,0,0,0,0,0,0,0,0,0,0,0,0,0,0,0,0,0,0,0,0,0,0,0,0,0,0,0,0,0,0,0,0,0,0,0,3011,0,0,3011,3312,3312,0,0,3312,0,0,2548,0,0,0,0,0,0,0,3011,0,3011,3011,3011,2548,2548,2548,2548,2548,2548,0,0,2548,2548,2548,2548,2548,2548,2548,2548,2548,2548,2548,2548,2548,2548,2548,2548,2548,2548,2548,2548,2548,2548,2548,2548,2548,2548,2548,2366,2366,2366,2366,2366,2366,2366,2366,2366,2366,2366,2208,2208,2208,2208,2366,2366,2366,2366,2366,0,0,0,0,2366,2366,2366,2366,2366,0,0,0,0,0,0,2208,2208,2208,2208,2208,2208,2208,2208,2208,2208,2208,2208,2208,2208,2208,2208,2208,2208,2208,2208,2208,2208,2208,2208,2208,2208,2208,2208,2366,0,0,0,0,0,0,0,0,0,0,0,0,0,0
0,0,850,850,850,705,705,705,789,850,850,850,850,850,850,705,705,676,676,676,676,676,690,690,690,690,705,705,705,705,828,705,828,850,828,828,828,705,705,705,828,828,0,0,0,0,0,0,0,0,0,0,0,828,0,828,736,720,720,720,736,736,736,736,736,0,0,0,0,0,753,0,0,828,0,0,828,828,0,0,0,0,0,0,0,753,753,753,753,753,753,753,771,771,771,771,771,771,771,771,771,771,771,771,771,771,771,771,771,771,771,771,771,771,771,771,771,771,771,771,771,771,771,771,771,771,771,771,771,771,771,771,771,771,771,771,771,771,771,771,771,771,771,771,771,1004,0,0,0,0,0,0,0,0,0,0,0,0,0,0,0,0,0,0,0,0,0,0,0,0,0,0,0,0,0,0,0,0,0,0,0,0,0,0,0,0,0,0,0,0,0,0,0,0,0,0,0,0,0,0,0,1035,1035,1035,1004,1035,1004,1035,1004,1004,1004,1004,1004,1004,1004,1004,1004,1004,975,975,1004,1004,1004,1004,1004,1004,1004,1004,1004,1004,1004,1004,1004,1004,1004,1004,1004,1004,1004,1004,1004,1004,1004,1004,1004,1004,1004,1004,1004,1004,1004,1004,1004,1004,1004,1004,1004,1004,1004,1004,1004,1004,1035,1035,1035,1035,1004,1004,1004,1004,1004,1004,975,975,975,975,975,975,975,975,975,975,975,975,975,975,975,975,975,975,975,975,975,975,975,975,975,975,975,975,975,975,975,975,975,975,975,975,975,920,808,808,808,808,808,808,808,808,808,808,808,808,808,808,808,808,808,850,33119,0,0,0,0,0,0,0,1069,1069,1069,1035,1035,1035,1035,1035,1035,1035,1035,1035,1035,1035,1035,1035,1069,1069,1069,1069,1069,1035,1069,1069,1069,1069,1069,1069,1069,1069,1069,0,0,0,0,0,0,0,0,0,0,1069,1069,1069,1069,0,0,0,0,0,0,0,0,0,0,0,0,0,1578,1578,1656,1656,1656,1656,1656,1656,1656,1656,1578,1578,1578,1578,1656,1656,0,0,0,0,0,0,0,0,0,1744,1744,1744,0,0,0,0,0,0,0,0,0,0,0,0,0,0,0,0,0,0,0,0,1840,1840,1840,0,0,0,0,0,0,0,0,0,0,0,0,0,0,0,0,0,0,0,0,0,0,0,0,0,0,0,0,0,0,0,0,0,0,0,0,0,0,0,0,0,0,0,0,0,0,0,0,0,0,0,0,0,0,0,0,0,0,3011,0,3011,0,0,0,0,0,0,0,0,0,0,0,0,0,0,0,2548,3011,0,3011,3011,3011,2760,2548,2548,2548,0,0,0,0,0,2548,2548,2548,2548,2548,2548,2548,2548,2548,2548,2548,2548,2548,2548,2548,2548,2548,2548,2548,2548,2548,2548,2548,2548,2548,2548,2548,2366,2366,2366,2366,2366,2366,2366,2366,2366,2208,2208,2208,2208,2208,2366,2366,2366,2366,2366,0,0,0,0,2366,2366,2366,2366,2366,2548,0,0,0,0,0,2208,2208,2208,2208,2208,2208,2208,2208,2208,2208,2208,2208,2208,2208,2208,2208,2208,2208,2208,2208,2208,2208,2208,2208,2208,2208,2208,2208,2366,0,0,0,0,0,0,0,0,0,0,0,0,0,0
0,0,0,850,690,690,676,676,676,676,676,676,676,676,676,676,676,676,676,676,676,676,676,676,676,676,690,676,690,690,690,690,705,850,0,0,705,690,690,690,705,705,0,0,0,0,0,0,0,0,0,736,0,736,0,720,720,720,720,720,720,720,720,736,736,736,736,736,736,736,736,736,736,736,736,736,753,753,753,753,0,0,0,0,753,753,753,753,753,753,753,753,753,753,753,771,753,753,771,771,771,771,771,771,771,771,771,771,771,771,771,771,771,771,771,771,771,771,771,771,771,771,771,771,771,771,771,771,771,771,771,771,771,771,771,771,771,771,771,771,771,771,771,771,771,1004,0,0,0,0,0,0,0,0,0,0,0,0,0,0,0,0,0,0,0,0,0,0,0,0,0,0,0,0,0,0,0,0,0,0,0,0,0,0,0,0,0,0,0,0,0,0,0,0,0,0,0,0,0,0,0,1035,1035,1035,1004,1035,1004,1035,1004,1004,1004,1004,1004,1004,1004,975,975,975,975,975,975,975,1004,1004,1004,1004,975,975,1004,975,1004,1004,1004,975,1004,1004,1004,1004,1004,1004,975,975,975,975,1004,1004,975,975,975,975,975,975,975,975,975,1004,1004,1004,1004,1004,1004,1004,1004,1004,1035,1004,1004,1004,1004,1004,1004,1004,975,975,975,975,975,975,975,975,975,975,975,975,975,975,975,975,975,975,975,975,975,975,975,975,975,975,975,975,975,975,975,975,975,975,975,975,975,975,808,808,808,808,808,808,808,808,808,808,808,808,808,808,808,808,828,872,0,0,0,0,0,0,0,0,0,1069,1069,1069,1069,1069,1069,1069,1069,1069,1069,1069,1069,1069,1069,1069,0,0,0,0,1069,1069,1069,1069,1069,0,0,0,0,0,0,0,0,0,0,0,0,0,0,0,0,0,0,1104,1104,0,0,0,0,0,0,0,1069,0,0,0,0,0,1578,1578,1578,1578,1578,1656,1656,1656,1656,1578,1578,1578,1578,1578,1578,1656,0,0,0,0,0,0,0,0,1744,1656,1744,1744,1656,1744,0,0,0,0,1656,1656,0,0,0,0,0,0,0,0,0,0,0,1840,1840,1840,1840,1840,0,0,0,0,0,0,0,0,0,0,0,0,0,0,0,0,0,0,0,0,0,0,0,0,0,0,0,0,0,0,0,0,0,0,0,0,0,0,0,0,0,0,0,0,0,0,0,0,0,0,0,0,0,0,0,0,0,0,0,0,0,0,0,0,0,0,0,0,0,0,0,0,0,0,0,2548,2548,3011,3011,3011,3011,3011,2548,2548,2548,2548,0,0,0,2548,2548,2548,2548,2548,2548,2548,2548,2548,2548,2548,2548,2548,2548,2548,2548,2548,2548,2548,2548,2548,2548,2548,2548,2548,2548,2548,2548,2548,2366,2366,2366,2366,2366,2366,2366,2366,2208,2208,2366,2366,2366,2366,2366,2366,2366,2366,2366,0,0,0,2366,2366,2366,2366,2366,2366,0,0,0,0,0,2208,2208,2208,2208,2208,2208,2208,2208,2208,2208,2208,2208,2208,2208,2208,2208,2208,2208,2208,2208,2208,2208,2208,2208,2208,2208,2208,2208,2366,0,0,0,0,0,0,0,0,0,0,0,0,0,0
0,0,676,676,676,676,676,676,676,676,676,663,663,663,663,663,676,676,676,676,676,676,676,676,676,676,676,676,676,690,690,690,705,705,0,705,705,690,690,690,705,705,0,0,0,0,0,0,0,736,736,736,736,736,736,720,720,720,720,720,720,720,720,736,736,736,736,736,736,736,736,736,736,736,736,736,736,736,753,753,753,0,0,753,753,753,753,753,753,753,753,753,753,753,753,753,753,753,771,771,771,771,771,771,771,771,771,771,771,771,771,771,771,771,789,789,0,0,0,0,0,0,0,0,0,0,0,0,0,0,0,0,808,808,808,808,771,0,0,0,0,0,0,0,0,0,0,0,0,0,0,0,0,0,0,0,0,0,0,0,0,0,0,0,0,0,0,0,0,0,0,0,0,0,0,0,0,0,0,0,0,0,0,0,0,0,0,0,0,0,0,0,0,0,0,0,0,0,0,0,0,0,0,1035,1004,1004,1004,1004,1004,1004,1004,1004,1004,1004,975,975,975,975,975,975,975,1004,1004,1004,1004,1004,975,975,1004,975,1004,1004,975,975,975,975,975,1004,1004,975,975,975,975,975,1004,1004,975,975,975,975,975,975,975,975,975,975,1004,1004,1004,1004,1004,1004,1004,1004,1035,1004,1004,1004,1004,1004,1004,1004,1004,1004,1004,1004,1004,1004,1004,1004,1004,1004,975,975,975,975,975,975,975,975,975,975,975,1004,1004,1004,1004,1004,1004,1004,1004,1004,975,975,975,975,1004,1004,975,975,808,808,808,808,808,808,808,808,808,808,808,808,808,808,808,808,828,33119,0,0,0,0,0,0,0,0,0,0,0,1069,0,0,0,0,0,1104,0,0,0,0,0,0,0,0,0,0,1069,1069,1069,1069,0,0,0,0,0,0,0,1069,1069,1069,1069,1069,0,0,0,0,0,0,0,1069,1069,1104,1104,0,0,0,0,1069,1069,1069,1069,1069,1069,0,1578,1578,1578,1578,1578,1656,1656,1656,1656,1578,1578,1578,1578,1578,1578,1656,0,0,0,0,0,0,0,0,0,1744,1744,0,0,0,0,0,0,0,1656,1656,0,0,0,0,0,0,0,0,0,0,0,1840,1840,1840,1840,1840,0,0,0,0,0,0,0,0,0,0,0,0,0,0,0,0,0,0,0,0,0,0,0,0,0,0,0,0,0,0,0,0,0,0,0,0,0,0,0,0,0,0,0,0,0,0,0,0,0,0,0,0,0,0,0,0,0,3011,3011,0,0,0,0,0,0,0,3011,0,0,0,0,0,3011,2548,2548,2548,2548,2548,2366,3011,3011,2760,2548,2760,2548,0,0,0,0,0,2548,2548,2548,2548,2548,2548,2548,2548,2548,2548,2548,2548,2548,2548,2548,2548,2548,2548,2548,2548,2548,2548,2548,2548,2548,2548,2548,2548,2366,2366,2366,2366,2366,2366,2366,2366,2208,2208,2366,2366,2366,2366,2366,2366,2366,2366,2366,0,0,0,2366,2366,2366,2366,2366,0,0,0,0,0,0,0,2208,2208,2208,2208,2208,2208,2208,2208,2208,2208,2070,2070,2070,2070,2208,2208,2208,2208,2208,2208,2208,2208,2208,2208,2208,2208,2208,2366,0,0,0,0,0,0,0,0,0,0,0,0,0,0
0,0,676,663,663,663,663,663,663,663,663,663,663,663,663,663,663,663,676,676,676,676,676,676,676,676,676,676,676,676,690,690,690,690,705,705,705,690,690,690,705,705,705,705,705,705,705,705,705,720,720,720,720,720,720,720,720,720,720,720,720,720,720,720,720,720,736,736,736,736,736,736,720,720,720,736,736,736,753,753,753,0,0,753,753,753,753,753,753,753,753,753,753,753,753,771,771,771,771,771,771,771,771,771,0,0,947,771,771,771,771,771,771,0,0,0,0,0,0,0,0,0,0,0,0,0,0,0,0,0,0,0,0,0,0,0,0,0,0,0,0,0,0,0,0,0,0,0,0,0,0,0,0,0,0,0,0,0,0,0,0,0,0,0,0,0,0,0,0,0,0,0,0,0,0,0,0,0,0,0,0,0,0,0,0,0,0,0,0,0,0,0,0,0,0,0,0,0,0,0,0,0,0,0,0,0,0,0,1004,1004,1004,1004,1004,1004,975,975,975,975,975,975,975,975,975,975,975,975,975,975,975,975,975,975,975,975,975,975,975,975,975,975,975,975,975,975,975,975,975,975,975,975,975,975,975,975,975,975,975,1004,1004,1004,1004,1004,1035,1035,1035,1035,1035,1004,1035,1035,1035,975,975,975,975,1004,1004,1035,975,975,975,975,975,975,975,975,975,975,975,975,975,975,975,975,975,975,975,975,1004,1004,1035,975,975,975,975,975,975,975,975,975,975,808,808,808,808,808,808,808,808,808,808,808,808,808,808,808,808,808,828,828,828,0,828,1069,0,0,0,0,0,0,0,0,0,0,0,0,0,0,0,0,0,0,0,0,0,0,0,0,0,0,0,0,0,0,0,0,0,0,0,0,1069,1069,0,0,0,0,0,0,0,1104,0,0,0,0,0,0,0,1069,1069,1069,1069,1104,0,0,1578,1578,1578,1578,1578,1656,1656,1656,1656,1656,1578,1578,1578,1578,1578,1656,1656,1656,0,1656,1656,1656,1656,1744,1744,1656,1656,1744,1656,1744,0,0,1656,1656,1656,1656,1656,1656,0,0,0,0,0,0,0,0,0,1840,1840,1840,1840,0,0,0,0,0,0,0,0,0,0,0,0,0,0,0,0,0,0,0,0,0,0,0,0,0,0,0,0,0,0,0,0,0,0,0,0,0,0,0,0,0,0,0,0,0,0,0,0,0,0,0,0,0,0,0,0,0,0,0,0,0,0,0,0,0,0,0,0,0,0,3011,2548,3011,2548,2548,2548,2366,2548,2366,2366,3011,3011,2548,2548,2548,2366,2548,0,0,0,0,2548,2548,2548,2548,2548,2548,2548,2548,2548,2548,2548,2366,2366,2366,2548,2548,2548,2548,2548,2548,2548,2548,2548,2548,2548,2548,2548,2366,2366,2366,2366,2366,2366,2366,582,582,582,2208,2366,2366,2366,2366,2366,2366,2366,2366,2366,0,0,0,2366,2366,2366,2366,2366,2208,2070,2070,0,0,2208,0,2208,2208,2366,0,2366,2366,2208,2208,2208,2208,2070,2070,2070,2070,2208,2208,2208,2208,2070,2070,2070,2070,2070,2208,2208,2208,2208,2366,0,0,0,0,0,0,0,0,0,0,0,0,0,0
676,676,663,663,663,663,663,663,663,663,663,663,663,663,663,663,663,663,663,676,676,676,676,676,676,676,676,676,676,676,690,690,690,690,705,705,690,690,690,690,705,705,705,705,705,705,705,705,705,705,705,720,720,720,720,720,705,705,705,705,720,720,720,720,720,720,736,736,736,736,736,736,736,720,720,736,736,753,753,753,753,753,753,753,753,753,753,753,753,753,753,753,753,753,753,771,753,753,771,771,771,771,0,0,0,0,0,947,947,947,947,0,0,0,0,0,0,0,0,0,0,0,771,753,0,0,0,0,0,0,0,0,0,0,0,0,0,0,0,0,0,0,0,0,0,0,0,0,0,0,0,0,0,0,0,0,0,0,0,0,0,0,0,0,0,0,0,0,0,0,0,0,0,0,0,0,0,0,0,0,0,0,0,0,0,0,0,0,0,0,0,0,0,0,0,0,0,0,0,0,0,0,0,0,0,0,0,0,0,0,1004,1004,1004,1004,975,975,975,975,975,975,975,975,975,975,1004,975,1004,975,1004,1004,1004,1004,975,975,975,975,975,975,975,975,975,975,1035,1035,1035,1035,975,975,975,975,975,975,975,975,975,975,975,1004,1035,1035,1035,1035,1035,1035,1035,1035,1035,1035,1035,1069,1069,1069,0,1035,1035,1035,1035,0,0,0,1035,1035,975,975,975,975,975,975,975,975,975,975,975,1004,1004,1004,1004,0,0,0,0,1035,975,975,975,975,975,1004,1004,975,975,808,808,808,808,808,808,808,808,808,808,808,808,808,808,808,808,808,808,828,828,828,828,828,828,0,0,0,0,0,0,0,0,0,0,0,0,0,0,0,0,0,0,0,0,0,0,0,0,0,0,0,0,0,0,0,0,0,0,0,0,0,0,0,0,0,0,0,0,0,0,0,0,0,0,0,0,0,0,0,0,0,0,0,0,0,1656,1656,1656,1656,1656,1656,1656,1656,1578,1578,1578,1578,1656,1656,0,0,0,0,0,0,1656,0,0,1744,0,0,0,0,0,0,0,0,1656,1656,1656,0,0,0,0,0,0,0,0,0,0,1840,1840,1840,1840,0,0,0,0,0,0,0,0,0,0,0,0,0,0,0,0,0,0,0,0,0,0,0,0,0,0,0,0,0,0,0,0,0,0,0,0,0,0,0,0,0,0,0,0,0,0,0,0,0,0,0,0,0,0,0,0,0,0,2760,0,0,0,0,0,0,0,0,2548,2548,2548,2548,2548,2548,2548,2548,2366,2366,2366,2366,2366,2366,2366,2366,2366,2366,2366,2366,2366,2548,0,0,2548,2548,2548,2548,2548,0,0,0,2548,2548,2548,414,414,2366,2548,2548,2548,2548,2548,2548,2548,2548,2548,2548,2548,2548,2366,2366,2366,2366,2366,2366,2366,2366,582,582,582,582,2366,2366,2366,2366,2366,2366,2366,2366,2366,2366,0,2366,2366,2366,2366,2366,2366,2070,2070,2070,2070,2070,2208,2208,2208,2208,0,0,2208,2366,2208,2208,2208,2070,2070,2070,2070,2070,2070,2070,2208,2070,2070,2070,2070,2070,2070,2070,2208,2208,2208,0,0,0,0,0,0,0,0,0,0,0,0,0,0,0
676,663,663,663,663,663,663,663,663,663,663,663,663,663,663,663,663,663,663,663,676,676,676,676,676,676,676,676,676,676,690,690,690,690,705,705,705,690,690,690,705,705,705,705,705,705,705,705,705,705,705,705,720,720,705,705,705,705,705,705,705,720,720,736,736,720,736,736,736,736,736,736,736,736,720,736,736,736,753,753,736,736,753,753,753,753,753,753,753,753,753,753,753,753,736,753,753,753,753,753,771,771,0,0,0,0,0,947,0,0,0,0,0,0,0,0,0,753,0,753,753,753,753,753,753,753,0,0,0,0,0,0,0,0,0,0,0,0,0,0,0,0,0,0,0,0,0,0,0,0,0,0,0,0,0,0,0,0,0,0,0,0,0,0,0,0,0,0,0,0,0,0,0,0,0,0,0,0,0,0,0,0,0,0,0,0,0,0,0,0,0,0,0,0,0,0,0,0,0,0,0,0,0,0,0,0,0,0,0,0,0,0,0,0,975,975,975,975,975,975,975,975,975,975,1004,975,975,975,975,975,975,975,975,975,975,975,975,975,975,975,975,975,1035,1035,1035,1035,975,975,975,975,975,975,975,975,975,975,975,1035,1035,1035,1035,1035,1035,1035,1035,1035,1035,1035,1035,1069,0,0,0,1035,1035,1035,1035,0,0,0,0,0,975,975,975,975,975,0,975,975,975,975,975,0,0,0,0,0,0,0,0,0,975,975,975,975,975,975,0,975,975,808,808,808,808,808,808,808,808,808,808,808,808,808,808,808,808,808,808,828,828,828,828,828,828,828,828,828,0,0,0,0,828,0,0,0,0,0,0,0,0,0,0,0,0,0,0,0,0,0,0,0,0,0,0,0,0,0,0,0,0,0,0,0,0,0,0,0,0,0,0,0,0,0,0,0,0,0,0,1104,0,0,0,0,0,1578,1578,1578,1578,1656,1656,1656,1656,1656,1578,1578,1578,1578,1656,1656,0,0,0,1656,1656,1656,1656,1656,1744,1744,0,0,0,0,0,0,0,0,0,0,0,0,0,0,0,0,0,0,0,0,0,1840,1840,1840,1840,0,0,0,0,0,0,0,0,0,0,0,0,0,0,0,0,0,0,0,0,0,0,0,0,0,0,0,0,0,0,0,0,0,0,0,0,0,0,0,0,0,0,0,0,0,0,0,0,0,0,0,0,0,0,0,0,0,0,3011,3011,0,0,0,0,0,0,0,0,0,0,0,0,2548,2548,2548,2366,2366,2366,2366,2366,2366,2366,2366,2366,2366,2366,2366,2366,2366,2366,3011,2548,2548,2548,2548,2548,0,0,2548,2366,2548,2548,2366,2366,2548,0,2548,2548,2548,2548,2366,2366,2548,2366,2548,2548,2366,2366,2366,2366,2366,2366,2366,2366,2366,2208,582,582,2208,2366,2366,2366,2366,2366,2366,2366,2366,2366,2366,2366,2366,2366,2366,2366,2366,2366,2208,2070,2070,2070,2070,2208,2208,2208,2208,0,0,2366,2548,2208,2208,2208,2070,2070,2070,2070,2070,2070,2070,2208,2070,2070,2070,2070,2070,2070,2070,2208,2208,2208,0,0,0,0,0,0,0,0,0,0,0,0,0,0,0
676,663,663,663,663,663,663,663,663,663,663,663,663,663,663,663,663,663,663,676,676,676,676,676,676,676,676,676,676,676,690,690,690,690,705,690,690,690,690,690,690,705,705,705,705,705,705,705,705,705,705,705,705,720,705,705,705,705,705,705,720,720,736,736,736,736,736,736,736,736,736,736,736,736,736,736,736,736,736,736,736,736,736,736,753,753,753,753,753,753,753,753,753,753,736,753,753,753,753,753,0,0,0,0,0,753,947,0,0,0,0,0,0,0,0,789,753,753,753,753,753,753,753,753,753,0,0,0,0,0,0,0,0,0,0,0,0,0,0,0,0,0,0,0,0,0,0,0,0,0,0,0,0,0,0,0,0,0,0,0,0,0,0,0,0,0,0,0,0,0,0,0,0,0,0,0,0,0,0,0,0,0,0,0,0,0,0,0,0,0,0,0,0,0,0,0,0,0,0,0,0,0,0,0,0,0,0,0,0,0,0,0,0,0,0,0,0,0,0,0,0,1035,1035,1035,1035,1035,1035,1035,0,0,0,0,0,0,1035,1035,1035,1035,1035,1035,1035,1035,1035,1035,1035,1035,1035,1035,975,975,975,975,975,975,975,1035,1035,1035,1035,1035,1035,1035,1035,1035,1035,1035,1035,1035,1035,0,0,0,0,0,1035,0,0,0,0,0,0,0,0,0,0,1035,0,0,1035,0,0,0,0,0,0,0,0,0,0,0,0,0,0,1035,1035,1035,1035,0,0,0,975,808,808,808,808,808,808,808,808,808,808,808,808,808,808,808,808,808,808,808,828,828,808,808,808,808,808,828,828,828,828,828,828,0,0,0,0,0,0,0,0,0,0,0,0,0,0,0,0,0,0,0,0,0,0,0,0,0,0,0,0,0,0,0,0,0,0,0,0,0,0,0,0,0,0,0,0,0,0,0,0,0,0,0,0,1578,1656,1578,1578,1656,1656,1656,1656,1656,1578,1578,1578,1578,1656,1656,0,0,0,0,1656,1656,1656,1656,1744,0,0,0,0,0,0,0,0,0,0,0,0,0,0,0,0,0,0,0,0,0,0,1840,1840,1840,0,0,0,0,0,0,0,0,0,0,0,0,0,0,0,0,0,0,0,0,0,0,0,0,0,0,0,0,0,0,0,0,0,0,0,0,0,0,0,0,0,0,0,0,0,0,0,0,0,0,0,0,0,0,0,0,0,0,0,3011,3011,3011,3011,0,0,0,0,0,0,0,0,0,0,0,2548,2548,2548,2548,3011,0,3011,0,0,0,0,0,3011,2366,0,0,0,0,3011,2760,3011,0,0,0,0,0,2548,2548,2548,414,414,0,0,0,0,0,0,2366,2366,2366,2366,2366,2366,2366,2366,2366,2366,2366,2366,2366,2366,2366,2366,2208,2208,2208,2366,2366,2366,2366,2366,2366,2366,2366,2366,2366,2366,2366,2366,2366,2366,2366,2366,2208,2070,2070,2070,2070,2070,2208,2208,2208,0,0,2208,2366,2208,2208,2208,2070,2070,2070,2070,2070,2070,2070,2070,2070,2070,2070,2070,2070,2070,2070,2070,2070,2208,0,0,0,0,0,0,0,0,0,0,0,0,0,0,0
0,0,663,663,663,663,663,663,663,663,663,663,663,663,663,663,663,663,663,676,676,676,676,676,676,676,676,676,676,676,690,690,690,690,705,690,690,690,690,690,690,705,705,705,705,705,705,705,705,705,705,705,720,720,720,720,720,720,720,720,720,736,736,736,736,736,736,736,736,736,736,736,736,736,736,736,736,736,736,736,736,736,736,736,736,753,753,736,753,753,753,753,753,753,736,736,736,736,753,753,771,0,0,753,753,753,753,0,0,0,0,0,0,0,0,0,753,753,753,753,753,753,753,753,753,0,0,0,0,0,0,0,0,0,0,0,0,0,0,0,0,0,0,0,0,0,0,0,0,0,0,0,0,0,0,0,0,0,0,0,0,0,0,0,0,0,0,0,0,0,0,0,0,0,0,0,0,0,0,0,0,0,0,0,0,0,0,0,0,0,0,0,0,0,0,0,0,0,0,0,0,0,0,0,0,0,0,0,0,0,0,0,0,0,0,0,0,0,0,0,0,1035,1035,1035,1035,1035,1035,1035,1035,1035,1035,1035,1035,1035,1035,1035,1035,1035,1035,1035,1035,1035,1035,1035,1035,1035,1035,1035,1035,975,1035,1035,975,1035,1035,1035,1035,1035,1035,1035,1035,1035,1035,1035,1035,1035,1035,1035,1035,1035,1035,1035,1035,1035,1035,1035,1035,0,1035,0,1035,0,1035,1035,1035,1035,1035,1035,1035,1035,1035,1035,1035,1035,1035,1035,0,0,0,0,0,0,1035,1035,1035,1035,1035,1035,1035,1035,975,808,808,808,808,808,808,808,808,808,808,808,808,808,808,808,808,808,808,828,828,828,828,828,808,808,808,828,828,0,828,828,828,828,0,0,0,0,0,0,0,0,0,0,0,0,0,0,0,0,0,0,0,0,0,0,0,0,0,0,0,0,0,0,0,0,0,0,0,0,0,0,0,0,0,0,0,0,0,0,0,0,0,0,0,1578,1578,1578,1578,1578,1656,1656,1656,1578,1578,1578,1578,1578,1578,1656,1656,1656,1656,1656,1656,1578,1578,1656,1656,1656,0,0,0,0,0,0,0,0,1656,1656,1656,0,0,0,0,0,0,0,0,0,0,1840,0,0,0,0,0,0,0,0,0,0,0,0,0,0,0,0,0,0,0,0,0,0,0,0,0,0,0,0,0,0,0,0,0,0,0,0,0,0,0,0,0,0,0,0,0,0,0,0,0,0,0,0,0,0,0,0,0,0,0,0,0,0,0,0,3011,0,0,0,0,0,0,0,0,0,0,0,0,0,3011,3011,0,0,0,0,0,0,0,0,0,0,0,0,0,0,0,2548,2548,2548,2548,0,0,0,2548,0,0,0,0,0,0,0,0,0,0,2366,2548,2366,2366,2366,2366,2366,2366,2366,2366,2366,2366,2366,2366,2366,2366,2366,0,2208,2366,2366,2366,2366,2366,2366,2366,2366,2366,2366,2366,2208,2366,2208,2366,2366,2208,2208,2208,2070,2070,2070,2070,2208,2208,2208,0,0,2366,2366,2208,2208,2208,2208,2070,2070,2070,2070,2070,2070,2208,2070,2070,2070,2070,2070,2070,2070,2208,2208,2208,0,0,0,0,0,0,0,0,0,0,0,0,0,0,0
0,0,663,663,663,663,663,663,663,663,663,663,663,663,663,663,663,663,663,676,676,676,676,676,676,676,676,676,676,676,690,690,690,690,705,705,705,690,690,690,690,705,705,705,705,705,705,705,705,705,720,720,720,720,720,720,720,720,720,720,720,736,736,736,736,736,736,736,736,736,736,736,736,736,736,736,736,736,736,736,736,736,753,753,753,753,753,753,753,753,753,753,0,0,753,736,736,736,753,753,753,0,0,753,753,736,753,771,0,0,0,0,0,0,0,0,0,753,0,828,0,0,828,828,0,0,0,0,0,0,0,0,0,0,0,0,0,896,0,0,0,0,0,0,0,0,0,0,0,0,0,0,0,0,0,0,0,0,0,0,0,0,0,0,0,0,0,0,0,0,0,0,0,0,0,0,0,0,0,0,0,0,0,0,0,0,0,0,0,0,0,0,0,0,0,0,0,0,0,0,0,0,0,0,0,0,0,0,0,0,0,0,0,0,0,0,0,0,0,0,0,0,0,0,0,0,0,0,0,0,0,0,0,0,0,1035,1035,1035,1035,0,0,1104,1104,1035,1035,1035,1035,1035,1035,1035,1035,1035,1035,1035,1035,1035,1035,1035,1035,1035,1035,1035,1035,1035,1035,1035,1035,1035,1035,1104,1104,0,0,1104,1104,1104,1104,1104,1104,0,0,0,0,0,1104,1104,0,0,0,0,0,0,0,0,0,0,0,0,0,0,1104,1104,1035,1035,1035,1035,1035,1035,1104,1035,896,808,808,808,808,808,808,808,808,808,808,808,808,808,808,808,808,808,828,828,828,828,828,828,828,828,828,828,828,828,828,828,828,828,850,0,0,0,0,0,0,0,0,0,0,0,0,0,0,0,0,0,0,0,0,0,0,0,0,0,0,0,0,0,0,0,0,0,0,0,0,0,0,0,0,0,0,0,0,0,0,0,0,0,0,1578,1578,1578,1578,1578,1578,1578,1578,1578,1578,1578,1578,1578,1578,1656,0,0,0,1656,1578,1578,1578,1578,1578,1656,0,0,0,0,0,0,0,0,0,0,0,0,0,0,0,0,0,0,0,0,0,1840,0,0,0,0,0,0,0,0,0,0,0,0,0,0,0,0,0,0,0,0,0,0,0,0,0,0,0,0,0,0,0,0,0,0,0,0,0,0,0,0,0,0,0,0,0,0,0,0,0,0,0,0,0,0,0,0,0,0,0,3011,0,0,3011,3011,3011,3011,3011,3312,0,0,0,0,0,0,0,0,0,0,3312,0,0,0,0,0,0,0,0,0,0,0,0,0,0,3011,2760,2548,2548,2548,2548,2548,0,2548,2548,3011,0,0,0,0,0,0,0,0,0,2548,2548,2548,2366,2366,2366,2366,2366,2366,2366,2366,2366,2366,2366,2366,2366,0,0,2208,2366,2366,2366,2366,2366,2366,2366,2366,2366,2366,2208,2208,2208,2208,2366,2208,2208,2208,2208,2208,2208,2070,2208,2208,2208,2208,2208,2208,2208,2208,2208,2208,2208,2208,2208,2208,2208,2070,2208,2208,2208,2208,2208,2070,2070,2070,2070,2208,2208,2208,2208,2366,0,0,0,0,0,0,0,0,0,0,0,0,0,0
0,0,753,663,663,663,663,663,663,663,663,663,663,663,663,663,663,663,663,676,676,676,676,676,676,676,676,676,676,676,690,690,690,705,705,705,705,690,690,690,690,705,705,705,705,705,705,705,705,705,720,720,720,720,720,720,720,720,720,720,720,736,736,736,736,736,736,736,736,736,736,736,736,736,736,736,753,736,736,753,736,736,753,753,753,753,753,753,753,753,753,753,0,0,0,736,736,736,753,753,771,771,771,753,753,736,753,789,0,0,0,0,0,0,0,0,0,789,0,0,0,0,0,0,0,0,0,0,0,0,0,0,0,0,0,828,828,828,0,0,0,0,0,0,0,0,0,0,828,828,828,828,828,828,828,0,0,0,0,0,0,0,0,0,0,0,0,0,0,0,0,0,0,0,0,0,0,0,0,0,0,0,0,0,0,0,0,0,0,0,0,0,0,0,0,0,0,0,0,0,0,0,0,0,0,0,0,0,0,0,0,0,0,0,0,0,0,0,0,0,0,0,0,0,0,0,0,0,0,0,0,0,0,0,0,0,0,0,1104,0,1104,1035,1035,1035,1035,1035,1035,1035,1035,1035,1035,1035,1035,1035,1035,1035,1035,1035,1035,1035,1035,1035,1035,1035,1035,1035,1035,1035,1035,1035,1035,1104,1069,1035,1035,1104,1035,1104,1104,1104,0,0,0,0,1104,1104,1104,0,1104,0,1104,1104,0,0,0,0,0,0,0,0,0,0,0,0,0,0,0,1104,1104,1035,828,808,808,808,808,808,808,808,808,808,808,808,808,808,808,808,808,808,828,828,828,828,828,828,828,828,828,828,828,828,828,828,828,828,850,0,0,0,0,0,0,850,850,0,0,0,0,0,0,0,0,0,0,0,0,0,0,0,0,0,0,0,0,0,0,0,0,0,0,0,0,0,0,0,0,0,0,0,0,0,0,0,0,0,1578,1578,1578,1578,1578,1578,1578,1578,1578,1578,1578,1578,1578,1578,1578,1656,0,0,0,0,1578,1578,1578,1578,1578,1578,0,0,0,0,0,0,0,0,0,0,0,0,0,0,0,0,0,0,0,0,0,0,0,0,0,0,0,0,0,0,0,0,0,0,0,0,0,0,0,0,0,0,0,0,0,0,0,0,0,0,0,0,0,0,0,0,0,0,0,0,0,0,0,0,0,0,0,0,0,0,0,0,0,0,0,0,0,0,0,0,0,3011,0,0,3011,3011,3011,3011,3011,3011,3312,0,0,0,0,0,0,0,0,0,0,0,0,0,0,0,0,0,0,0,0,0,0,0,3312,3011,2760,2548,2548,2548,2548,3680,3680,2548,2548,3011,0,0,0,0,0,0,0,0,0,2548,2548,2366,2366,2366,2366,2366,2366,2366,2366,2366,2366,2366,2366,2366,2366,0,0,2366,2366,2208,2208,2366,2366,2366,2366,2366,2208,2208,2208,2208,2208,2208,2208,2208,2208,2208,2208,2208,2208,2208,2208,2208,2208,2208,2208,2208,2208,2208,2208,2208,2208,2208,2208,2208,2208,2208,2208,2208,2208,2208,2208,2208,2208,2208,2208,2208,2208,2208,2208,2366,0,0,0,0,0,0,0,0,0,0,0,0,0,0
0,0,850,753,663,663,663,663,663,663,663,663,663,663,663,663,663,663,676,676,676,676,676,676,676,676,676,676,676,676,690,690,705,705,705,705,705,690,705,690,705,705,705,705,705,705,705,705,705,705,720,720,720,720,720,720,720,720,720,720,720,720,736,736,736,736,736,736,736,736,736,736,736,736,736,736,736,736,736,753,753,753,753,753,753,753,753,753,753,753,753,753,753,753,753,736,753,736,753,771,808,0,0,771,808,789,808,0,0,0,0,0,0,0,0,0,0,0,0,0,0,0,0,0,0,0,0,828,828,828,828,828,828,808,808,808,808,828,828,828,828,828,828,828,828,828,828,828,828,828,828,828,828,828,828,0,0,0,0,0,0,0,0,0,0,0,0,0,0,0,0,0,0,0,0,0,0,0,0,0,0,0,0,0,0,0,0,0,0,0,0,0,0,0,0,0,0,0,0,0,0,0,0,0,0,0,0,0,0,0,0,0,0,0,0,0,0,0,0,0,0,0,0,0,0,0,0,0,0,0,0,0,0,0,0,0,0,0,0,0,1104,1035,1035,1035,1035,1035,1035,1035,1035,1035,1035,1035,1035,1035,1035,1035,1035,1035,1035,1035,1035,1035,1104,1104,1069,1035,1035,1035,1035,1035,1035,1104,1104,1104,1104,1104,1104,1104,1104,1143,0,0,0,0,0,0,0,0,0,0,0,0,0,1143,1069,1069,1104,1143,1143,1143,1143,1143,1143,0,0,0,0,1143,1104,1035,828,808,808,808,808,808,808,808,808,808,808,808,808,808,808,808,808,808,828,828,828,828,828,828,828,828,828,828,828,828,828,828,828,828,850,0,0,0,0,0,0,0,850,0,0,0,0,0,0,0,0,0,0,0,0,0,0,0,0,0,0,0,0,0,0,0,0,0,0,0,0,0,0,0,0,0,0,0,0,0,0,0,0,1578,1578,1578,1578,1578,1578,1578,1578,1578,1578,1578,1578,1578,1578,1578,1578,1656,1578,0,0,0,1578,1578,1578,1578,1578,1656,0,0,0,0,0,0,0,0,0,0,0,0,0,0,0,0,0,0,0,0,0,1840,1840,1840,1840,0,0,0,0,0,0,0,0,0,0,0,0,0,0,0,0,0,0,0,0,0,0,0,0,0,0,0,0,0,0,0,0,0,0,0,0,0,0,0,0,0,0,0,0,0,0,0,0,0,0,0,0,0,0,6624,0,3011,0,0,0,3312,3011,3312,3011,3312,3312,0,0,0,0,0,0,0,0,0,0,0,0,0,0,0,0,0,0,0,0,0,0,0,3312,3011,2548,2548,2548,2548,3680,0,0,3680,2548,3011,0,0,0,0,0,0,0,2760,0,2548,2548,2366,2366,2366,2366,2366,2366,2366,2366,2366,2366,2366,2366,2366,0,0,0,2208,2366,2208,2208,2366,2366,2366,2366,2366,2366,2366,2208,2208,2208,2208,2208,2208,2208,2208,2208,2208,2208,2208,2208,2208,2208,2208,2208,2208,2208,2208,2208,2208,2208,2208,2208,2208,2208,2208,2208,2208,2208,2208,2208,2208,2208,2208,2208,2208,2208,2208,2208,2366,0,0,0,0,0,0,0,0,0,0,0,0,0,0
1440,1440,850,753,663,663,663,663,663,663,663,663,663,663,663,663,676,676,676,676,676,676,676,676,676,676,676,676,676,676,690,690,705,705,705,705,705,705,705,690,705,705,705,705,705,705,705,705,705,720,720,720,720,720,720,720,720,720,720,720,720,720,720,736,736,736,736,736,736,736,736,736,736,736,736,736,736,736,736,753,753,753,753,753,753,753,753,753,753,753,753,753,753,753,753,753,753,753,771,771,771,771,771,771,771,789,789,0,0,0,0,0,0,0,0,0,0,0,0,0,0,0,0,0,0,828,828,808,808,808,808,808,808,808,808,808,808,828,828,828,828,828,828,828,828,828,828,828,828,828,828,828,828,828,828,828,828,828,828,828,828,828,828,0,828,0,0,0,0,0,0,0,0,0,0,0,0,0,0,0,0,0,0,0,0,0,0,0,0,0,0,0,0,0,0,0,0,0,0,0,0,0,0,0,0,0,0,0,0,0,0,0,0,0,0,0,0,0,0,0,0,0,0,0,0,0,0,0,0,0,0,0,0,0,0,0,0,0,0,0,0,1104,1035,1035,1035,1035,1035,1035,1035,0,0,0,1035,1035,1035,1035,1035,1035,1035,1035,1069,1069,1104,1104,1069,1069,1069,1035,1069,1069,1104,0,0,0,0,1143,1143,1104,0,0,0,0,0,0,0,0,0,0,0,0,0,0,0,0,0,0,1143,1143,1143,1143,1143,0,1183,0,0,0,0,0,1143,1104,828,808,808,808,808,808,808,808,808,808,808,808,808,808,808,808,808,808,828,828,828,828,828,828,828,828,828,828,828,828,828,828,828,828,850,0,0,0,0,0,0,0,0,0,0,0,0,0,0,0,0,0,0,0,0,0,0,0,0,0,0,828,850,850,0,0,0,0,0,0,0,0,0,0,0,0,0,0,0,0,0,0,1656,1578,1578,1578,1578,1578,1578,1578,1578,1578,1578,1578,1578,1578,1578,1578,1578,1656,1744,0,0,0,1656,1656,1578,1656,1656,1744,0,0,0,0,0,0,0,0,0,0,0,0,0,0,0,0,0,0,0,0,0,1840,1840,1840,1840,0,0,0,0,0,0,0,0,0,0,0,0,0,0,0,0,0,0,0,0,0,0,0,0,0,0,0,0,0,0,0,0,0,0,0,0,0,0,0,0,0,0,0,0,0,0,0,0,0,0,0,0,0,0,3011,3011,3011,0,0,0,3312,3312,3312,3011,3011,3011,3312,3011,0,0,0,0,0,3312,3312,0,0,0,0,0,0,0,0,0,0,3011,3312,3011,3312,0,3011,2548,2548,2548,2548,3680,3680,3680,2548,2548,2548,0,0,0,0,0,2548,2548,2548,2760,2548,2548,2366,2366,2366,2366,2366,2366,2366,2366,2366,2366,2366,2366,0,0,0,0,2208,2366,2208,2366,2366,2366,2366,2548,0,0,0,2208,2208,2208,2208,2208,2208,2208,2208,2208,2208,2208,2208,2208,2208,2208,2208,2208,2208,2208,2208,2208,2208,2208,2208,2208,2208,2208,2208,2208,2208,2208,2208,2208,2208,2208,2208,2208,2208,2208,2208,2208,0,0,0,0,0,0,0,0,0,0,0,0,0,0,0
1440,1440,1143,1440,705,705,663,663,663,663,663,663,676,663,663,663,676,676,676,676,676,676,676,676,676,676,676,676,676,676,690,690,690,690,705,705,705,690,705,690,705,705,705,705,705,705,705,705,705,720,720,720,720,720,720,720,720,720,720,720,720,720,720,736,736,736,736,736,736,736,736,736,736,736,736,736,736,736,736,753,753,753,753,753,753,753,753,753,753,753,753,753,753,753,753,753,753,753,771,771,771,771,771,771,808,808,808,0,0,0,0,0,0,0,0,0,0,0,0,0,0,0,0,0,0,808,808,808,808,808,808,808,808,808,808,808,808,808,808,828,828,828,828,828,828,828,828,828,828,828,828,828,828,828,828,828,828,828,828,828,828,828,828,828,828,828,828,828,0,0,0,0,0,0,0,0,0,0,0,0,0,0,0,0,0,0,0,0,0,0,0,0,0,0,0,0,0,0,0,0,0,0,0,0,0,0,0,0,0,0,0,0,0,0,0,0,0,0,0,0,0,0,0,0,0,0,0,0,0,0,0,0,0,0,0,0,0,0,0,0,0,0,1035,1035,1035,1035,1035,1035,0,0,0,0,0,1035,1035,1035,1035,1035,1035,1035,1069,1104,1104,1104,1104,1104,1069,1069,1069,0,0,0,0,0,0,1143,0,0,0,0,0,0,0,0,0,0,0,0,0,0,0,0,0,0,0,0,0,0,0,0,0,0,0,0,0,0,0,0,1143,1143,828,808,808,808,808,808,808,808,808,808,808,808,808,808,808,808,808,808,808,828,828,828,808,808,828,828,828,828,828,828,828,828,828,828,850,850,0,0,850,0,0,0,0,0,0,0,0,0,0,0,0,0,0,0,0,0,0,0,0,0,0,828,850,850,0,0,0,0,0,0,0,0,0,0,0,0,0,0,0,0,0,1656,1656,1578,1578,1578,1578,1578,1578,1578,1578,1578,1656,1656,1578,1656,1656,1656,1656,1744,0,0,0,0,0,0,1744,1744,1744,1744,0,0,0,0,0,0,0,0,0,0,0,0,0,0,0,0,0,0,0,0,1744,1840,1840,1840,1840,1840,0,0,0,0,0,0,0,0,0,0,0,0,0,0,0,0,0,0,0,0,0,0,0,0,0,0,0,0,0,0,0,0,0,0,0,0,0,0,0,0,0,0,0,0,0,0,0,0,0,0,0,6624,0,6624,0,3011,0,0,3011,3312,3312,3011,3011,3011,3011,3011,3011,0,0,0,3312,3312,3312,0,0,0,0,0,3312,3312,3011,3011,3011,3011,3011,3312,3011,3011,3011,3011,2548,2548,2548,2548,3680,3680,3680,2548,2548,2548,3011,0,0,3011,3011,2548,2548,2548,2760,2548,2548,2366,2366,2366,2366,2366,2366,2366,2366,2366,2366,2366,2366,2366,0,2366,2366,2366,2366,2366,2366,2366,2366,2366,2366,2548,0,2366,0,2208,2208,2208,2208,2208,2208,2208,2208,2208,2208,2208,2208,2208,2208,2208,2208,2208,2208,2208,2208,2208,2208,2208,2208,2208,2208,2208,2208,2208,2208,2208,2208,2208,2208,2208,2208,2208,2208,2208,2208,0,0,0,0,0,0,0,0,0,0,0,0,0,0,0
0,0,1506,0,1440,1440,705,1440,1440,1440,676,1440,0,676,676,676,676,676,676,676,676,676,676,676,676,676,676,676,676,676,690,690,690,690,690,690,690,690,705,690,705,705,705,705,705,705,705,705,705,720,720,720,720,720,720,720,720,720,720,720,720,720,736,736,736,736,736,736,736,736,736,736,736,736,736,736,736,736,736,753,753,753,753,753,753,753,753,753,753,753,753,753,753,753,753,753,771,771,771,771,771,771,771,771,771,789,771,789,789,789,0,0,0,789,789,789,789,789,789,808,0,0,0,0,0,808,808,789,789,789,808,808,808,808,808,808,808,808,808,808,828,828,828,828,828,828,828,828,828,0,828,0,0,0,0,0,828,828,828,828,828,0,0,0,0,0,0,0,0,0,0,0,0,0,0,0,0,0,0,0,0,0,0,0,0,0,0,0,0,0,0,0,0,0,0,0,0,0,0,0,0,0,0,0,0,0,0,0,0,0,0,0,0,0,0,0,0,0,0,0,0,0,0,0,0,0,0,0,0,0,0,0,0,0,0,0,0,0,0,0,0,0,1035,1035,1035,1035,1035,1035,1035,0,0,0,0,1035,1035,1035,1035,1035,1035,1035,1069,1104,1104,1104,1104,1104,1069,1069,1069,1143,1143,1143,1143,1143,1143,1143,1143,0,0,0,0,0,0,0,0,0,0,0,0,0,0,0,0,0,0,0,0,1143,1143,1143,0,0,0,0,0,1183,1183,0,0,1143,828,808,808,808,808,808,808,808,808,808,808,808,808,808,808,808,808,808,808,828,828,828,808,808,828,808,828,828,828,828,828,828,828,828,850,0,0,0,0,0,0,0,0,0,0,0,0,0,0,0,0,0,0,0,0,0,0,0,0,0,0,850,850,850,0,0,0,0,0,0,0,0,0,0,0,0,0,0,0,0,0,0,1656,1578,1578,1578,1578,1578,1578,1578,1578,1578,1656,1656,1656,1656,1656,1656,1656,1744,1744,0,0,0,0,0,0,0,0,1744,1744,0,0,0,0,0,0,0,0,0,0,0,0,0,0,0,0,0,0,0,1744,1840,1840,1840,1840,1840,0,1143,0,0,0,0,0,0,0,0,0,0,0,0,0,0,0,0,0,0,0,0,0,0,0,0,0,0,0,0,0,0,0,0,0,0,0,0,0,0,0,0,0,0,0,0,0,0,0,0,6624,4732,6624,3011,3011,3312,0,0,0,3312,3312,3312,3312,3312,3011,3011,3011,3011,3011,3312,3312,3312,3312,0,0,0,0,0,0,0,3011,3011,3011,3011,3011,3312,3011,3312,3312,3011,2548,2548,2548,2548,0,0,0,3680,2760,2760,3011,3011,3011,3011,3011,3011,2548,2760,3011,2548,2548,2548,2366,2366,2366,2366,2366,2366,2366,2366,2366,2366,2366,2366,0,2366,2366,2366,2366,2366,2366,2366,2366,2366,2366,0,0,0,0,2208,2208,2208,2208,2208,2208,2208,2208,2208,2208,2208,2208,2208,2208,2208,2208,2208,2208,2208,2208,2208,2208,2208,2208,2208,2208,2070,2070,2070,2070,2070,2070,2208,2208,2208,2208,2208,2208,2208,2208,0,0,0,0,0,0,0,0,0,0,0,0,0,0,0
1440,1440,1440,1506,850,1440,663,705,705,1440,663,663,676,676,676,676,676,676,676,676,676,676,676,676,676,676,676,676,676,676,690,690,690,690,690,690,705,705,705,705,705,705,705,705,705,705,705,705,705,720,720,720,720,720,720,720,720,720,720,720,720,720,736,736,736,736,736,736,736,736,736,736,736,736,736,736,736,736,736,753,753,753,753,753,753,753,753,753,753,753,753,753,753,753,753,753,753,771,771,771,771,771,771,771,808,808,808,808,808,808,0,0,0,0,789,789,789,789,808,808,0,0,0,0,0,808,808,808,808,808,808,808,808,808,808,808,808,808,808,828,828,828,828,828,828,828,828,828,828,850,850,0,850,0,828,828,828,828,828,828,850,850,0,850,850,850,850,850,0,0,0,0,0,0,0,0,0,0,0,0,0,0,0,0,0,0,0,0,0,0,0,0,0,0,0,0,0,0,0,0,0,0,0,0,0,0,0,0,0,0,0,0,0,0,0,0,0,0,0,0,0,0,0,0,0,0,0,0,0,0,0,0,0,0,0,0,0,0,0,0,0,0,0,1035,1035,1035,1035,1035,1035,0,0,0,0,1143,1035,1035,1035,1035,1035,1035,1069,1104,1104,1104,1104,1104,1104,1069,1069,1143,1143,1143,1143,1143,1143,1143,1143,1143,0,0,0,0,0,0,0,0,0,0,0,0,0,0,0,0,0,0,0,1143,1143,1143,1143,0,0,0,1183,1143,1143,1143,1143,1143,828,808,808,808,808,808,808,808,808,808,808,808,808,808,808,808,808,808,808,808,828,808,808,808,808,808,808,828,828,828,828,828,828,850,0,0,0,0,0,0,0,0,0,0,0,0,0,0,0,0,0,0,0,0,0,0,0,0,0,0,0,0,0,0,0,0,0,0,0,0,0,0,0,0,0,0,0,0,0,0,0,0,1656,1578,1578,1578,1578,1578,1578,1656,1656,1656,1656,1656,1656,1656,1656,1656,1656,1744,0,0,0,0,0,0,0,1840,0,1744,1744,1744,0,0,0,0,0,0,0,0,0,0,0,0,0,0,0,0,0,0,1744,1840,1840,1840,1840,0,0,0,0,0,0,0,0,0,0,0,0,0,0,0,0,0,0,0,0,0,0,0,0,0,0,0,0,0,0,0,0,0,0,0,0,0,0,0,0,0,0,0,0,0,0,0,0,0,0,0,6624,2760,2760,2760,3011,3011,0,0,0,3312,3312,3312,3312,3312,3011,3011,2760,2760,2760,3312,3312,3312,3312,0,0,0,0,0,3312,2760,2760,3011,3011,3011,3312,0,3011,3312,3312,2760,2548,2548,2548,2548,0,0,0,0,2548,2548,3011,3011,3011,3011,3011,3011,2548,2760,3011,2548,2548,2548,2366,2366,2366,2366,2366,2366,2366,2366,2366,2366,2366,2366,2366,2366,2366,2366,2366,2366,2366,2366,2366,2366,2366,0,0,0,0,2366,2366,2208,2208,2208,2208,2208,2208,2208,2208,2208,2208,2208,2208,2208,2208,2208,2208,2208,2208,2208,2208,2208,2208,2208,2070,2070,2070,2070,2070,2070,2070,2070,2070,2208,2208,2208,2208,2208,2208,0,0,0,0,0,0,0,0,0,0,0,0,0,0,0
1440,1440,1069,1440,663,663,663,663,663,663,663,663,663,663,663,663,676,676,676,676,676,676,676,676,676,676,676,676,676,676,690,690,690,690,690,690,705,705,705,705,705,705,705,705,705,705,705,705,705,705,720,720,720,720,720,720,720,720,720,720,720,720,736,736,736,736,736,736,736,736,736,736,736,736,736,736,736,736,736,753,753,753,753,771,753,753,753,753,753,753,753,753,753,753,771,771,771,771,771,771,771,771,771,771,771,771,771,771,771,771,771,0,789,0,789,789,789,0,0,0,0,0,0,0,0,789,789,789,789,808,808,808,808,808,808,808,828,828,828,0,0,850,828,828,828,828,828,828,828,850,850,850,850,850,828,828,828,828,828,850,850,850,850,850,850,850,850,850,850,850,850,850,0,0,0,0,0,0,0,0,0,0,0,0,0,0,0,0,0,0,0,0,0,0,0,0,0,0,0,0,0,0,0,0,0,0,0,0,0,0,0,0,0,0,0,0,0,0,0,0,0,0,0,0,0,0,0,0,0,0,0,0,0,0,0,0,0,0,0,0,0,0,0,1143,1035,1035,1035,1035,1143,0,0,0,0,1143,1143,1143,1035,1035,1035,1035,1069,1104,1104,1104,1104,1104,1104,1069,1143,1143,1143,1143,1143,1143,1143,1143,1143,1143,0,0,0,0,0,0,0,0,0,0,0,0,0,1143,1143,1143,0,0,1143,1143,1143,1143,1143,1143,1183,1183,1143,1143,1143,1143,1143,1143,828,808,808,808,808,808,808,808,808,808,808,808,808,808,808,808,808,808,808,828,828,828,828,828,850,0,0,850,850,850,828,828,850,0,0,0,0,0,0,0,0,0,0,0,0,0,0,0,0,0,0,0,0,0,0,0,0,0,0,0,0,850,850,850,0,0,0,0,0,0,0,0,0,0,0,0,0,0,0,0,0,0,1656,1656,1578,1578,1578,1578,1578,1656,1656,1656,1656,1656,1656,1656,1656,1656,1656,1744,0,0,0,0,0,0,0,0,0,1744,1840,0,0,0,0,0,0,0,0,0,0,0,0,0,0,0,0,0,0,0,1744,1840,1840,1840,0,0,0,0,0,0,0,0,0,0,0,0,0,0,0,0,0,0,0,0,0,0,0,0,0,0,0,0,0,0,0,0,0,0,0,0,0,0,0,0,0,0,0,0,0,0,0,0,0,0,0,0,4732,2760,2760,2760,3011,3011,0,3312,3312,3312,3312,3312,3312,3312,3312,3011,2760,2760,2760,3312,3312,3312,3312,0,0,0,0,0,3312,3312,3011,0,0,0,3312,3312,3011,3011,3011,2760,2548,2548,2548,2548,0,0,0,0,2548,2548,2760,3011,3011,3011,3011,2548,2760,3011,2760,2548,2548,2548,2366,2366,2366,2366,2366,2366,2366,2366,2366,2366,2366,2366,2366,2366,2366,0,0,2366,2366,2366,2366,2366,2366,2366,2366,2366,2366,2208,2208,2208,2208,2208,2208,2208,2208,2208,2208,2208,2208,2208,2208,2208,2208,2208,2208,2208,2208,2208,2208,2208,2208,2070,2070,2070,2070,2070,2070,2070,2070,2070,2070,2070,2070,2070,2208,2208,2208,2366,0,0,0,0,0,0,0,0,0,0,0,0,0,0
1069,1069,663,663,663,663,663,663,663,663,663,663,663,663,663,663,663,663,676,676,676,676,676,676,676,676,676,676,676,676,690,690,690,690,690,690,705,705,705,705,705,705,705,705,705,705,705,705,705,705,705,720,720,720,720,720,720,720,720,720,720,720,736,736,736,736,736,736,736,736,736,736,736,736,736,736,736,736,753,753,753,753,753,753,753,753,753,753,753,753,753,753,753,753,771,771,771,771,771,771,771,771,771,771,771,789,771,771,771,771,771,0,0,0,0,0,0,0,0,0,0,0,0,0,0,0,0,808,808,808,808,850,850,0,0,0,0,850,850,850,850,850,850,850,828,828,828,828,828,850,850,850,850,850,850,850,850,850,850,850,850,850,850,850,850,850,850,850,850,850,850,850,850,850,850,850,850,850,872,850,0,0,0,0,0,0,0,0,0,0,0,0,0,0,0,0,0,0,0,0,0,0,0,0,0,0,0,0,0,0,0,0,0,0,0,0,0,0,0,0,0,0,0,0,0,0,0,0,0,0,0,0,0,0,0,0,0,0,0,0,0,0,0,0,1104,1104,1069,1104,1143,0,0,0,0,0,0,1227,1143,1035,1069,1069,1104,1104,1104,1104,1104,1104,1104,1104,1104,1143,1143,1143,1143,1143,1143,1143,1143,1143,1143,1143,0,1143,0,0,0,1143,0,0,1143,1143,1143,1143,1143,1143,0,1143,1143,1143,1143,1143,1143,0,0,1227,1227,1143,1143,1143,1143,1143,828,808,808,808,808,808,808,808,808,808,808,808,808,808,808,808,808,828,828,828,828,828,828,828,828,828,828,828,828,828,828,828,828,828,850,0,0,850,850,850,850,850,850,0,0,0,0,0,0,0,0,0,0,0,0,0,0,0,0,0,0,850,850,0,0,0,0,0,0,0,0,0,0,0,0,0,0,0,0,0,0,0,0,1656,1656,1578,1578,1578,1578,1578,1578,1578,1656,1656,1656,1656,1656,1656,1656,1744,0,0,0,0,0,0,0,0,0,0,0,0,0,0,0,0,0,0,0,0,0,0,0,0,0,0,0,0,0,1744,1744,1840,1840,1840,0,0,0,0,0,0,0,0,0,0,0,0,0,0,0,0,0,0,0,0,0,0,0,0,0,0,0,0,0,0,0,0,0,0,0,0,0,0,0,0,0,0,0,0,0,0,0,4732,4732,4732,0,4732,3680,2760,2760,2760,2760,3011,0,0,0,3312,3312,0,0,0,0,0,3312,2760,2760,3312,3312,0,0,0,0,3312,3312,3312,3312,3312,0,0,0,0,0,0,2760,2760,2548,2548,2548,2548,2548,2548,0,0,0,0,2548,2548,2548,2760,2760,3011,3011,2548,2760,2760,2548,2548,2548,2548,2366,2366,2366,2366,2366,2366,2366,2366,2366,2366,2366,2366,2366,2366,2366,0,2366,2366,2366,2366,2366,2366,2366,2366,2366,2366,2208,2208,2208,2208,2208,2208,2208,2208,2208,2208,2208,2208,2208,2208,2208,2208,2208,2208,2208,2208,2208,2208,2208,2208,2070,2070,2070,2070,2070,2070,2070,2070,2070,2070,2070,2070,2070,2070,2208,2208,2208,2366,0,0,0,0,0,0,0,0,0,0,0,0,0,0
0,850,663,663,663,663,663,663,663,663,663,663,663,663,663,663,663,676,676,676,676,676,676,676,676,676,676,676,676,676,690,690,690,690,690,690,705,705,705,705,705,705,705,705,705,705,705,705,705,705,705,720,720,720,720,720,720,720,720,720,720,720,736,736,736,736,736,736,736,736,736,736,736,736,736,736,736,736,753,753,753,753,753,753,753,753,753,753,753,753,753,753,771,771,0,0,0,0,0,0,771,771,771,771,771,771,771,771,771,771,771,0,0,0,789,789,0,0,0,0,0,0,0,0,0,0,0,0,850,0,0,0,0,0,0,0,0,0,0,0,0,850,850,850,850,850,828,850,850,850,850,850,850,850,850,850,850,850,850,850,850,850,850,850,850,850,850,850,850,850,850,850,850,850,850,850,850,850,850,850,850,872,872,850,872,850,850,850,850,850,872,872,850,850,850,850,850,850,850,850,850,0,0,0,0,0,0,0,0,0,0,0,0,0,0,0,0,0,0,0,0,0,0,0,0,0,0,0,0,1143,1143,1143,1143,1143,1143,1143,1143,1143,1143,0,0,1143,1143,1227,1104,1104,1104,1104,1104,1143,1143,1227,1143,1227,1227,1143,1143,1069,1069,1069,1104,1104,1104,1104,1104,1104,1104,1104,1104,1104,1104,1104,1143,1143,1143,1143,1143,1143,1104,1104,1104,1104,1104,1143,1143,1143,0,0,1143,1143,1143,1143,1143,1143,1143,1143,1143,1143,1143,1143,1143,1143,1143,1143,1143,1143,1143,1143,1143,1104,828,808,808,808,808,808,808,808,808,808,808,808,808,808,808,808,828,828,828,828,828,828,828,828,850,828,0,828,828,828,828,828,828,828,850,0,0,850,850,850,850,850,850,0,0,0,0,0,0,0,0,0,0,0,0,0,0,0,0,0,828,828,850,850,0,0,0,0,0,0,0,0,0,0,0,0,0,0,0,0,0,0,0,0,0,1656,1578,1578,1578,1578,1578,1656,1656,1656,1656,1656,1656,1656,1656,1744,0,0,0,0,0,0,0,0,0,0,0,0,0,0,0,0,0,0,0,0,0,0,0,0,0,0,0,0,0,0,1840,1840,1840,1840,0,0,0,0,0,0,0,0,0,0,0,0,0,0,0,0,0,0,0,0,0,0,0,0,0,0,0,0,0,0,0,0,0,0,0,0,0,0,0,0,0,0,0,0,0,0,0,0,0,0,0,0,3680,2760,2760,2760,2760,3011,3011,3011,0,0,0,0,0,0,0,0,0,3312,2760,3312,3312,0,0,0,3312,2760,2760,3312,0,0,0,0,0,0,0,3312,2760,2760,2548,2548,2548,2548,2548,2548,0,0,0,0,0,2548,2548,2760,2208,2760,3011,2548,2760,2760,2548,2548,2548,2548,2548,2366,2366,2366,2366,2366,2366,2366,2366,2366,2366,2366,2366,2366,2366,2366,0,2366,2366,2366,2366,2366,2366,2366,2366,2366,2366,2208,2208,2208,2208,2208,2208,2208,2208,2208,2208,2366,2366,2208,2208,2208,2208,2208,2366,2366,2208,2208,2208,2208,2070,2070,2070,2070,2070,2070,2070,2070,2070,2070,2070,2070,2070,2070,2208,2208,2208,2366,0,0,0,0,0,0,0,0,0,0,0,0,0,0
0,850,663,663,663,663,663,663,663,663,663,663,663,663,663,663,663,676,676,676,676,676,676,676,676,676,676,676,676,690,690,690,690,690,690,690,705,705,705,705,705,705,705,705,705,705,705,705,705,705,705,720,720,720,720,720,720,720,720,720,720,736,736,736,736,736,736,736,736,736,736,736,736,736,736,736,736,736,753,753,753,753,753,753,753,753,753,753,753,753,753,753,771,771,771,0,0,0,0,0,771,771,771,771,771,789,789,789,789,789,0,0,0,0,789,789,0,0,0,0,0,0,0,0,0,850,850,850,850,0,0,0,0,0,0,0,0,0,0,0,850,850,850,850,828,828,828,828,850,850,850,850,850,850,850,850,850,850,850,850,850,850,850,850,850,850,850,850,850,850,850,850,850,850,850,850,850,850,850,850,850,872,872,850,850,850,850,850,850,850,850,850,850,850,850,850,850,850,850,850,850,850,0,0,0,0,0,0,0,0,0,0,0,0,0,0,0,0,0,0,0,0,0,0,0,0,0,0,1143,1104,1104,1104,1104,1104,1104,1104,1104,1104,1104,1104,1104,1104,1104,1104,1069,1069,1069,1069,1104,1104,1104,1104,1143,1143,1069,1069,1069,1069,1069,1069,1069,1104,1104,1104,1104,1104,1104,1069,1104,1104,1104,1104,1104,1104,1104,1104,1104,1104,1104,1104,1104,1104,1104,1104,1104,1143,1143,1143,1104,1104,1104,1104,1104,1104,1104,1143,1143,1143,1143,1143,1143,1143,1183,1183,1227,1143,1143,1183,1143,1104,828,808,808,808,808,808,808,808,808,808,808,808,808,808,808,808,828,828,828,828,828,828,828,828,828,828,828,828,828,828,828,828,828,828,828,828,828,828,828,828,828,0,0,0,0,0,0,0,0,0,0,0,0,0,0,0,0,0,0,828,828,828,828,850,0,0,0,0,0,0,0,0,0,0,0,0,0,0,0,0,0,0,0,0,0,0,0,0,0,1656,1656,1656,1656,1656,1656,1656,1744,1744,1744,0,0,0,0,0,0,0,0,0,0,0,0,0,0,0,0,0,0,0,0,0,0,0,0,0,0,0,0,0,0,1744,1744,1840,1840,1840,1840,0,0,0,0,0,0,0,0,0,0,0,0,0,0,0,0,0,0,0,0,0,0,0,0,0,0,0,0,0,0,0,0,0,0,0,0,0,0,0,0,0,0,0,0,0,0,4732,0,0,0,3680,2760,2760,2760,2760,2760,2760,3011,3011,0,0,0,0,0,0,0,0,0,0,0,0,0,0,0,0,0,2760,2760,0,0,0,0,0,0,0,0,0,2760,2760,2548,2548,2548,2548,2548,2548,2548,0,0,0,2548,2366,2548,0,2208,2366,0,2548,2548,0,2548,2548,2548,2548,2366,2366,2366,2366,2366,2366,2366,2366,2366,2366,2366,2366,2366,2366,2366,2366,2366,2366,2366,2366,2366,2366,2366,2366,2366,2366,2366,2208,2208,2208,2208,2208,2208,2208,2208,2208,2208,2366,2366,2208,2208,2208,2208,2208,2366,2366,2208,2208,2208,2070,2070,2070,2070,2070,2070,2070,2070,2070,2070,2070,2070,2070,2070,2070,2070,2070,2208,2366,0,0,0,0,0,0,0,0,0,0,0,0,0,0
0,0,690,663,663,690,676,690,676,663,663,663,663,663,663,663,676,676,676,676,676,676,676,676,676,676,676,676,676,690,690,690,690,690,690,690,690,690,705,705,705,705,705,705,705,705,705,705,705,705,705,720,720,720,720,720,720,720,720,720,720,720,736,736,736,736,736,736,736,736,736,736,736,736,736,736,753,753,753,753,753,753,753,753,753,753,753,753,753,753,753,753,753,771,771,771,771,771,771,771,771,771,771,771,771,771,771,771,771,771,789,789,0,0,789,789,789,789,0,0,0,0,0,850,850,850,850,0,0,0,850,0,0,0,0,0,0,0,0,0,850,850,850,850,828,828,828,828,828,850,850,850,850,850,850,850,850,850,850,850,850,850,850,850,850,850,850,850,850,850,850,850,850,850,850,850,850,850,850,850,850,850,850,850,850,850,850,850,850,850,850,850,850,850,850,850,850,850,850,850,850,850,850,0,0,0,0,0,0,0,0,0,0,0,0,0,0,0,0,0,0,0,0,0,0,0,0,1143,1143,1104,1104,1104,1104,1104,1104,1104,1104,1104,1104,1104,1104,1104,1104,1069,1069,1069,1069,1069,1069,1069,1069,1069,1069,1069,1069,1069,1069,1069,1069,1069,1069,1104,1104,1104,1104,1104,1069,1069,1069,1104,1104,1104,1104,1104,1104,1104,1104,1104,1104,1104,1104,1104,1104,1104,1104,1104,1104,1104,1104,1104,1104,1104,1104,1104,1104,1104,1104,1143,1143,1143,1143,1143,1143,1143,1143,1143,1183,1227,1143,1104,828,808,808,808,808,808,808,808,808,808,808,808,808,808,808,808,808,828,828,828,828,828,828,828,828,828,828,828,828,828,828,828,828,828,828,828,828,828,828,828,828,850,850,0,0,0,0,0,872,828,0,872,0,0,0,0,0,0,0,828,828,828,828,850,0,0,0,0,0,0,0,0,0,0,0,0,0,0,0,0,0,0,0,0,0,0,0,0,0,0,0,0,0,0,0,1840,1744,1744,1744,0,0,0,0,0,0,0,0,0,0,0,0,0,0,0,0,0,0,0,0,0,0,0,0,0,0,0,0,0,0,1744,1744,1840,1840,1840,1840,0,0,0,0,0,0,0,0,0,0,0,0,0,0,0,0,0,0,0,0,0,0,0,0,0,0,0,0,0,0,0,0,0,0,0,0,0,0,0,0,0,0,0,2760,2760,2760,3011,0,0,0,3011,2760,2760,2760,2760,2760,2760,3011,3011,0,0,0,0,0,0,0,0,0,0,0,0,0,0,0,0,0,0,0,0,0,0,0,0,0,0,0,0,0,2548,2548,2548,2548,2548,2548,2548,0,0,0,0,2548,2548,2548,0,2208,2366,2548,2548,2548,2548,2548,2548,2548,2366,2366,2366,2366,2366,2366,2366,2366,2366,2366,2366,2366,2548,2548,2548,2366,2366,2366,2366,2366,2366,2366,2366,2366,2366,2366,2366,2366,2366,2366,2208,2208,2208,2208,2208,2208,2208,2208,2366,2366,2208,2208,2208,2208,2208,2208,2208,2208,2208,2208,2070,2070,2070,2070,2070,2070,2070,2070,2070,2070,2070,2070,2070,2070,2070,2208,2208,2208,2366,0,0,0,0,0,0,0,0,0,0,0,0,0,0
0,0,690,676,676,690,676,690,676,676,676,676,676,676,676,676,676,676,676,676,676,676,676,676,676,676,676,676,676,690,690,690,690,690,690,690,690,690,705,690,705,705,705,705,705,705,705,705,705,720,720,720,720,720,720,720,720,720,720,720,720,720,736,736,736,736,736,736,736,736,736,736,736,736,736,736,753,753,753,753,753,753,753,753,753,753,753,753,753,753,753,753,753,753,771,771,771,771,771,771,771,771,771,771,771,771,771,771,789,789,789,850,0,0,789,789,789,789,0,0,0,0,0,850,850,850,0,0,0,0,850,850,850,850,850,850,850,850,850,850,850,850,850,850,828,850,828,850,850,850,850,850,850,850,850,850,850,850,850,850,850,850,850,850,850,850,850,850,850,850,850,850,850,850,850,850,850,850,850,850,850,850,850,850,850,850,850,850,850,850,850,850,850,850,850,850,850,850,850,850,850,850,0,0,0,0,0,0,0,0,0,0,0,0,0,0,0,0,0,0,0,0,0,0,0,0,0,0,0,1104,1104,1104,1104,1104,1104,1104,1069,1104,1104,1104,1104,1104,1069,1069,1069,1069,1069,1069,1069,1069,1069,1069,1069,1069,1069,1069,1069,1069,1069,1069,1069,1069,1069,1069,1069,1069,1069,1069,1069,1069,1069,1104,1104,1104,1104,1104,1104,1104,1104,1104,1104,1104,1104,1104,1104,1104,1104,1104,1104,1104,1104,1104,1104,1104,1104,1104,1143,1143,1183,1183,1143,1143,1143,1143,1143,1183,1227,1227,1143,828,828,808,808,808,808,808,808,808,808,808,808,808,808,808,808,808,808,808,808,808,808,828,828,828,828,828,828,828,828,828,828,828,828,828,828,828,828,850,850,872,850,896,872,0,0,0,0,0,828,828,872,828,872,0,0,828,0,0,828,828,828,828,850,850,0,0,0,0,0,0,0,0,0,0,0,0,0,0,0,0,0,0,0,0,0,0,0,0,0,0,0,0,0,0,0,0,0,0,0,0,0,0,0,0,0,0,0,0,0,0,0,0,0,0,0,0,0,0,0,0,0,0,0,0,0,0,0,0,0,1744,1744,1840,1840,1840,1840,0,0,0,0,0,0,0,0,0,0,0,0,0,0,0,0,0,0,0,0,0,0,0,0,0,0,0,0,0,0,0,0,0,0,0,0,0,0,0,0,0,0,3680,3680,0,0,0,0,0,0,3011,2760,2760,2760,2760,2760,2760,3011,3011,0,0,0,0,0,0,0,0,0,0,0,0,0,0,0,0,0,0,0,0,0,0,0,0,0,0,0,0,0,3011,2548,2548,2548,2548,2548,2548,0,0,0,0,0,2548,0,0,0,2366,2366,2366,2366,2366,2366,2366,2366,2366,2366,2366,2366,2366,2366,2366,2366,2366,2366,2366,2366,2548,2548,2548,2366,2366,2366,2366,2366,2366,2366,2366,2366,2366,2366,2366,2366,2366,2366,2208,2208,2208,2208,2208,2208,2366,2208,2366,2366,2208,2208,2208,2208,2208,2208,2208,2208,2208,2208,2070,2070,2070,2070,2070,2070,2070,2070,2070,2070,2070,2070,2070,2070,2070,2208,2208,2208,2366,0,0,0,0,0,0,0,0,0,0,0,0,0,0
0,0,676,676,676,690,676,690,676,676,676,676,676,676,676,676,676,676,676,676,676,676,676,676,676,676,676,676,676,690,690,690,690,690,690,690,690,690,705,690,705,705,705,705,705,705,705,705,705,720,720,720,720,720,720,720,720,720,720,720,720,736,736,736,736,736,736,736,736,736,736,736,736,736,736,736,753,753,753,753,753,753,753,753,753,753,753,753,753,753,753,753,753,753,753,753,753,771,771,771,771,771,771,771,771,771,771,771,789,789,850,850,0,850,789,789,789,789,789,0,0,850,850,850,850,850,850,850,850,0,0,0,0,0,0,0,828,850,850,850,850,850,850,828,828,828,828,828,850,850,850,850,850,850,850,850,850,850,850,850,850,850,850,850,850,850,850,850,850,850,850,850,850,850,850,850,850,850,850,850,850,850,850,850,850,850,850,850,850,850,850,850,850,850,850,850,850,850,850,850,850,0,0,0,0,0,0,0,0,0,0,0,0,0,0,0,0,0,0,0,0,0,0,0,0,0,0,0,1104,1104,1104,1104,1104,1104,1104,1069,1069,1069,1104,1104,1069,1104,1069,1069,1069,1069,1069,1069,1069,1069,1069,1069,1069,1069,1069,1069,1069,1069,1069,1069,1069,1069,1069,1069,1069,1069,1069,1069,1069,1069,1069,1069,1104,1104,1104,1104,1104,1104,1104,1104,1104,1104,1104,1104,1104,1104,1104,1104,1104,1104,1104,1104,1104,1104,1104,1104,1143,1143,1143,1143,1143,1143,1104,1104,1104,1143,1227,1143,1104,828,828,808,808,808,808,808,808,808,808,808,808,808,808,808,808,808,808,808,808,808,808,808,828,828,828,828,828,828,828,828,828,828,828,828,828,850,850,872,872,872,850,872,872,896,0,0,0,896,828,828,872,828,872,0,0,828,828,828,828,808,828,828,850,850,896,896,0,0,0,0,0,0,0,0,0,0,0,0,0,0,0,0,0,0,0,0,0,0,0,0,0,0,0,0,0,0,0,0,0,0,0,0,0,0,0,0,0,0,0,0,0,0,0,0,0,0,0,0,0,0,0,0,0,0,0,0,0,0,0,1744,1840,1840,1840,1840,1840,0,0,0,0,0,0,0,0,0,0,0,0,0,0,0,0,0,0,0,0,0,0,0,0,0,0,0,0,0,0,0,0,0,0,0,0,0,0,0,0,0,0,3680,0,0,0,0,0,0,0,3680,2760,2760,2760,2760,2760,2760,3011,3011,3011,0,0,0,3312,0,0,0,0,0,0,0,0,0,0,0,0,0,0,0,0,0,0,0,0,3011,0,0,0,0,0,2548,2548,2548,2548,2548,2548,0,0,2548,2548,2548,0,0,0,0,2366,2366,2366,2548,2548,2548,2548,2366,2366,2366,2366,2366,2366,2366,2366,2366,2366,2366,2548,2548,2548,2548,2548,2366,2366,2366,2366,2366,2366,2366,2366,2366,2366,2366,2366,2366,2366,2208,2208,2208,2208,2208,2208,2366,2366,2366,2366,2208,2208,2208,2208,2208,2208,2208,2208,2208,2208,2208,2070,2070,2070,2070,2070,2070,2070,2070,2070,2070,2070,2070,2070,2208,2208,2208,2208,2366,0,0,0,0,0,0,0,0,0,0,0,0,0,0
676,676,663,663,663,676,676,676,676,676,676,676,676,676,676,676,676,676,676,676,676,676,676,676,676,676,676,676,690,690,690,690,690,690,690,690,690,690,705,690,705,705,705,705,705,705,705,705,720,720,720,720,720,720,720,720,720,720,736,720,720,720,736,736,736,736,736,736,736,736,736,736,736,736,736,736,753,753,753,753,753,753,753,753,753,753,753,753,753,753,753,753,753,753,753,753,753,753,753,753,753,771,771,753,771,771,771,771,789,789,789,789,789,789,789,789,789,789,789,808,0,850,850,0,850,789,789,789,808,828,828,0,0,828,828,828,828,828,828,850,828,850,828,828,828,828,828,828,828,850,850,850,850,850,850,850,850,850,850,850,850,850,850,850,850,850,850,850,850,850,850,850,850,850,850,850,850,850,850,850,850,850,850,850,850,850,850,850,850,850,850,872,872,850,850,850,850,850,850,850,850,0,0,0,0,0,0,0,0,0,0,0,0,0,0,0,0,0,0,0,0,0,0,0,0,0,0,0,0,1104,1104,1104,1104,1104,1104,1069,1069,1069,1104,1104,1104,1104,1069,1069,1069,1069,1069,1069,1069,1069,1069,1069,1069,1069,1069,1069,1069,1069,1069,1069,1069,1069,1069,1069,1069,1069,1069,1069,1069,1069,1069,1069,1104,1104,1104,1104,1104,1104,1104,1104,1104,1104,1104,1104,1104,1104,1104,1104,1104,1104,1143,1143,1143,1143,1143,1143,1143,1143,1143,1143,1143,1143,1104,1104,1104,1143,1227,1143,1104,828,828,808,808,808,808,808,808,808,808,808,808,808,808,808,808,808,808,808,808,808,808,808,828,828,828,828,828,828,828,828,828,828,828,828,828,850,850,872,872,872,850,872,872,896,0,0,0,896,828,828,850,828,850,828,850,808,0,0,0,808,828,850,850,850,896,896,0,0,0,0,0,0,0,0,0,0,0,0,0,0,0,0,0,0,0,0,0,0,0,0,0,0,0,0,0,0,0,0,0,0,0,0,0,0,0,0,0,0,0,0,0,0,0,0,0,0,0,0,0,0,0,0,0,0,0,0,0,0,0,1744,1840,1840,1840,1840,1840,0,0,0,0,0,0,0,0,0,0,0,0,0,0,0,0,0,0,0,0,0,0,0,0,0,0,0,0,0,0,0,0,0,0,0,0,0,0,0,0,0,3680,3680,3680,0,0,0,0,0,0,3680,2760,2760,2760,2760,2760,3011,3011,3011,3011,0,0,0,3312,0,0,0,0,0,0,0,0,0,0,0,0,0,0,0,0,0,0,0,0,0,0,0,0,0,0,2548,2548,2548,2548,2548,2548,0,0,2548,2548,2548,0,0,0,0,0,2548,2548,2548,2548,2548,2548,2366,2366,2366,2366,2366,2366,2366,2366,2366,2366,2366,2548,2548,2548,2548,0,0,2366,2366,2366,2366,2366,2366,2366,2366,2366,2366,2366,2366,2366,2366,2208,2208,2208,2208,2208,2366,2366,2366,2366,2208,2208,2208,2208,2208,2208,2208,2208,2208,2208,2208,2208,2070,2070,2070,2070,2070,2070,2070,2208,2208,2208,2208,2208,2208,2208,2208,2208,2366,0,0,0,0,0,0,0,0,0,0,0,0,0,0
663,663,663,663,663,663,663,663,663,676,663,663,663,663,663,663,676,676,676,676,676,676,676,676,676,676,676,676,676,690,690,690,690,690,690,690,690,690,705,705,705,705,705,705,705,705,705,705,705,720,720,720,720,720,720,720,720,720,720,720,720,720,720,736,736,736,736,736,736,736,736,736,736,736,736,753,753,753,753,753,753,753,753,753,753,753,753,753,753,753,753,753,753,753,753,753,753,753,753,753,753,771,771,753,771,771,771,771,771,771,771,789,789,789,789,789,789,789,789,789,808,808,808,808,808,789,789,789,808,808,828,828,828,808,808,808,828,828,828,828,828,850,828,828,828,828,828,828,828,850,828,850,850,850,850,850,850,850,850,850,850,850,850,850,850,850,850,850,850,850,850,850,850,850,850,850,850,850,850,850,850,850,850,850,850,850,850,850,850,850,872,0,0,0,850,850,850,850,850,0,0,0,0,0,0,0,0,0,0,0,0,0,0,0,0,0,0,0,0,0,0,0,0,0,0,0,0,0,0,1104,1104,1104,1104,1104,1104,1069,1069,1069,1104,1104,1104,1104,1069,1069,1069,1069,1069,1069,1069,1069,1069,1069,1069,1069,1069,1069,1069,1069,1069,1069,1069,1069,1069,1069,1069,1069,1069,1069,1069,1069,1069,1069,1104,1104,1104,1104,1104,1104,1104,1104,1104,1104,1104,1104,1104,1104,1104,1069,1069,1104,1143,1143,1143,1143,1143,1143,1143,1143,1143,1143,1143,1143,1104,1104,1104,1143,1183,1143,1104,828,828,808,808,808,808,808,808,808,808,808,808,808,808,808,808,808,808,808,808,808,828,828,828,828,828,872,872,872,872,0,0,0,872,872,0,0,872,0,0,872,872,872,872,872,872,896,896,828,828,828,828,828,872,872,872,0,0,0,0,872,872,850,850,872,896,896,0,0,0,0,0,0,0,0,0,0,0,0,0,0,0,0,0,0,0,0,0,0,0,0,0,0,0,0,0,0,0,0,0,0,0,0,0,0,0,0,0,0,0,0,0,0,0,0,0,0,0,0,0,0,0,0,0,0,0,0,0,0,0,1744,1840,1840,1840,1840,1840,0,0,0,0,0,0,0,0,0,0,0,0,0,0,0,0,0,0,0,0,0,0,0,0,0,0,0,0,0,0,0,0,0,0,0,0,0,0,0,0,0,3680,3680,3680,0,0,0,0,0,0,3680,2760,2760,2760,2760,2760,3011,3011,3011,3011,3011,0,0,3011,0,0,3011,3011,0,0,0,0,0,0,0,0,0,0,0,0,0,0,0,0,0,0,0,0,3011,2548,2548,2548,2548,2548,2548,2548,0,0,2548,2548,2548,2548,0,0,0,2548,2548,2548,2548,2548,2548,2548,2548,2366,2366,2366,2366,2366,2366,2366,2366,2366,2366,2548,2548,2548,0,0,0,2366,2366,2366,2366,2366,2366,2366,2366,2366,2366,2366,2366,2208,2208,2208,2208,2208,2208,2208,2366,2366,2366,2366,2208,2208,2208,2208,2208,2208,2208,2208,2208,2208,2208,2208,2208,2070,2070,2070,2070,2070,2208,2208,2208,2208,2208,2208,2208,2208,2208,2208,2366,0,0,0,0,0,0,0,0,0,0,0,0,0,0
663,663,663,663,663,663,663,663,663,663,663,663,663,663,663,663,676,663,676,676,676,676,676,676,676,676,676,676,690,690,690,690,690,690,690,690,690,690,705,690,705,705,705,705,705,705,705,705,705,720,720,720,720,720,720,720,720,720,720,720,720,720,736,736,736,736,736,736,736,736,736,736,736,736,736,736,753,753,753,753,753,753,753,753,753,753,753,753,753,753,753,753,753,753,753,753,753,753,771,771,771,771,771,771,771,771,771,771,771,789,789,789,789,789,789,789,789,789,789,789,789,789,808,808,808,789,789,789,789,808,808,850,850,808,808,808,808,828,828,828,828,850,828,828,828,828,828,828,828,850,828,850,850,850,850,850,850,850,850,850,850,850,850,850,850,850,850,850,850,850,850,850,850,850,850,850,850,850,850,850,850,850,850,850,850,850,850,850,0,0,0,0,0,0,850,850,850,850,850,0,0,0,0,0,0,0,0,0,0,0,0,0,0,0,0,0,0,0,0,0,0,0,0,0,0,0,0,0,1104,1104,1104,1104,1104,1104,1104,1069,1069,1069,1104,1104,1104,1104,1069,1069,1069,1069,1069,1069,1069,1069,1069,1069,1069,1069,1069,1069,1069,1069,1069,1069,1069,1069,1069,1069,1069,1069,1069,1069,1069,1069,1069,1069,1104,1104,1104,1104,1104,1104,1104,1104,1104,1104,1104,1104,1104,1104,1104,1104,1104,1104,1143,1143,1143,1143,1143,1143,1143,1143,1143,1143,1143,1143,1143,1143,1143,1183,0,1143,1104,828,828,808,808,808,808,808,808,808,808,808,808,808,808,808,808,808,808,828,808,828,828,828,828,828,828,872,872,872,872,828,828,828,828,828,850,872,872,0,872,872,872,872,872,872,896,0,0,872,828,828,828,828,850,850,872,0,0,872,828,828,828,850,850,850,896,896,0,0,0,0,0,0,0,0,0,0,0,0,0,0,0,0,0,0,0,0,0,0,0,0,0,0,0,0,0,0,0,0,0,0,0,0,0,0,0,0,0,0,0,0,0,0,0,0,0,0,0,0,0,0,0,0,0,0,0,0,0,0,0,3011,1840,1840,1840,1840,1840,0,0,0,0,0,0,0,0,0,0,0,0,0,0,0,0,0,0,0,0,0,0,0,0,0,0,0,0,0,0,0,0,0,0,0,0,0,0,0,0,0,3680,0,0,0,0,0,0,0,0,3680,2760,2760,2760,2760,2760,3011,3011,3011,3011,3312,0,0,0,0,0,3011,3011,0,3680,3680,0,0,0,3011,0,0,0,0,0,0,0,0,0,0,0,3011,3011,2548,2548,2548,2548,2548,2548,2548,2548,2548,2548,2548,2548,2548,2548,2548,0,2548,2548,2548,2548,2548,2548,2548,2548,2548,2548,2548,2366,2366,2366,2366,2366,2366,2366,2366,2548,2548,2548,0,0,0,2366,2366,2366,2366,2366,2366,2366,2366,2366,2366,2366,2366,2208,2208,2208,2208,2208,2208,2208,2366,2366,2366,2366,2208,2208,2208,2208,2208,2208,2208,2208,2208,2208,2208,2208,2208,2208,2070,2070,2208,2208,2208,2208,2208,2208,2208,2208,2208,2208,2208,2208,2366,0,0,0,0,0,0,0,0,0,0,0,0,0,0
663,663,663,663,663,663,663,663,663,663,663,663,663,663,663,663,676,663,676,676,676,676,676,676,676,676,676,690,690,690,690,690,690,690,690,690,690,690,705,690,705,705,705,705,705,705,705,705,705,720,720,720,720,720,720,720,720,720,720,720,720,720,736,736,736,736,736,736,736,736,736,736,736,736,736,736,753,736,736,753,753,753,753,753,753,753,753,753,753,753,753,753,753,771,771,771,771,771,771,771,771,771,771,771,771,771,771,771,771,771,789,789,789,789,789,789,789,789,789,789,789,789,789,789,789,789,789,789,789,789,789,808,808,808,808,808,808,808,808,808,828,828,828,828,828,828,828,828,828,828,828,828,828,828,828,850,850,850,850,850,850,850,850,850,850,850,850,850,850,850,850,850,850,850,850,850,850,850,850,850,850,850,850,850,850,850,850,850,0,0,0,0,0,0,850,850,850,850,0,0,0,0,0,0,0,0,0,0,0,0,0,0,0,0,0,0,0,0,0,0,0,0,0,0,0,0,0,1143,1104,1104,1104,1104,1104,1104,1104,1104,1104,1104,1104,1104,1104,1104,1104,1104,1069,1069,1069,1069,1069,1069,1069,1069,1069,1069,1069,1069,1069,1069,1069,1069,1069,1069,1069,1069,1069,1069,1069,1069,1069,1069,1069,1104,1104,1104,1104,1104,1104,1104,1104,1104,1104,1104,1104,1104,1104,1104,1104,1104,1104,1143,1143,1143,1143,1143,1143,1143,1143,1143,1143,1143,1143,1143,1143,1143,1143,1183,0,1143,1104,828,828,808,808,808,808,808,808,808,808,808,808,808,808,808,808,808,828,828,828,828,828,828,828,828,828,872,872,872,872,828,828,828,828,828,872,872,872,947,872,872,872,872,872,872,872,0,0,0,850,828,828,828,872,872,872,0,0,872,872,872,872,850,850,872,0,0,0,0,0,0,0,0,0,0,0,0,0,0,0,0,0,0,0,0,0,0,0,0,0,0,0,0,0,0,0,0,0,0,0,0,0,0,0,0,0,0,0,0,0,0,0,0,0,0,0,0,0,0,0,0,0,0,0,0,0,0,0,0,0,0,3011,1840,1840,1840,1949,0,0,0,0,0,0,0,0,0,0,0,0,0,0,0,0,0,0,0,0,0,0,0,0,0,0,0,0,0,0,0,0,0,0,0,0,0,0,0,0,0,0,0,0,0,0,0,0,0,0,3011,2760,2760,2760,2760,2760,3011,3011,3011,3011,0,0,0,0,0,0,0,0,0,0,0,0,0,0,0,0,0,3011,0,0,0,0,0,0,0,0,3011,2548,2548,2548,2548,2548,2548,2548,2548,2548,2548,2548,2548,2548,2548,2548,2548,2548,2548,2548,2548,2548,2548,2548,2548,2548,2548,2548,2548,2548,2366,2366,2366,2366,2366,2366,2366,2548,2548,0,0,0,0,2366,2366,2366,2366,2366,2366,2366,2366,2366,2366,2366,2208,2208,2208,2208,2208,2208,2208,2208,2366,2366,2366,2366,2208,2208,2208,2208,2208,2208,2208,2208,2208,2208,2208,2208,2208,2208,2070,2070,2208,2208,2208,2208,2208,2208,2208,2208,2208,2208,2208,2208,2366,0,0,0,0,0,0,0,0,0,0,0,0,0,0
663,663,663,663,663,663,663,663,663,663,663,663,663,663,663,663,676,676,676,676,676,676,676,676,676,676,676,690,690,690,690,690,690,690,690,690,690,690,705,705,705,705,705,705,705,705,705,705,705,720,720,720,720,720,720,720,720,720,720,720,720,720,720,736,736,736,736,736,736,736,736,736,736,736,736,736,753,753,753,753,753,753,753,753,753,753,753,753,753,753,753,771,771,771,771,771,771,771,771,771,771,771,771,771,771,771,771,771,771,771,771,789,789,789,789,789,789,789,789,789,789,789,789,789,789,789,789,789,789,789,808,808,808,808,808,808,808,808,808,808,808,808,808,828,828,828,828,828,828,828,828,828,808,828,828,828,828,850,850,850,850,850,850,828,828,828,850,850,850,850,850,828,828,828,828,828,850,828,828,828,828,828,850,850,0,0,0,0,0,0,0,850,808,808,808,808,808,850,0,0,0,0,0,0,0,0,0,0,0,0,0,0,0,0,0,0,0,0,0,0,0,0,0,0,0,0,1143,1143,1104,1104,1104,1104,1104,1104,1104,1104,1104,1104,1104,1104,1104,1104,1104,1104,1104,1104,1104,1104,1104,1104,1104,1104,1104,1104,1104,1104,1104,1104,1104,1104,1104,1104,1104,1104,1104,1104,1104,1104,1104,1104,1104,1104,1104,1104,1104,1104,1104,1104,1104,1104,1104,1104,1104,1104,1104,1104,1104,1104,1104,1143,1143,1143,1143,1143,1143,1143,1143,1183,1183,1183,1143,1143,1143,1143,1143,1183,1183,1143,1104,828,828,808,808,808,808,808,808,808,808,808,808,808,808,808,808,808,828,828,828,828,828,872,872,872,896,896,896,947,0,0,0,0,872,872,896,947,947,0,0,0,0,0,896,896,0,0,0,0,947,872,872,872,872,896,0,0,0,0,0,0,0,0,896,0,0,0,0,0,0,0,0,0,0,0,0,0,0,0,0,0,0,0,0,0,0,0,0,0,0,0,0,0,0,0,0,0,0,0,0,0,0,0,0,0,0,0,0,0,0,0,0,0,0,0,0,0,0,0,0,0,0,0,0,0,0,0,3011,3011,0,3011,1840,1840,1840,1840,1949,0,0,0,0,0,0,0,0,0,0,0,0,0,0,0,0,0,0,0,0,0,0,0,0,0,0,0,0,0,0,0,0,4140,4140,0,0,0,0,0,0,0,0,0,0,0,0,0,0,0,6624,3011,2760,2760,2760,2760,3011,3011,3011,3011,3011,0,0,0,0,0,0,0,0,0,0,0,0,0,0,0,2548,2548,2548,2548,0,0,0,0,0,0,0,2548,2366,2548,2548,2548,2548,2548,2548,2548,2548,2548,2366,2548,2366,2548,2548,2548,2548,2366,2366,2366,2548,2548,2548,2548,2548,2548,2548,2548,2548,2366,2366,2366,2366,2366,2366,2366,2548,0,0,0,0,0,2366,2366,2366,2366,2366,2366,2366,2366,2366,2366,2208,2208,2208,2208,2208,2208,2208,2208,2208,2366,2366,2366,2366,2208,2208,2208,2208,2208,2208,2208,2208,2208,2208,2208,2208,2208,2070,2070,2070,2070,2070,2070,2208,2208,2208,2208,2208,2208,2208,2208,2208,0,0,0,0,0,0,0,0,0,0,0,0,0,0,0
650,650,650,663,663,663,663,663,663,663,663,663,663,663,663,676,676,676,676,676,676,676,676,676,676,676,676,676,690,690,690,690,690,690,690,690,690,690,705,705,705,705,705,705,705,705,705,705,705,720,720,720,720,720,720,720,720,720,720,720,720,720,736,736,736,736,736,736,736,736,736,736,736,736,736,736,753,753,753,753,753,753,753,753,753,753,753,753,753,753,771,771,771,771,771,771,771,771,771,771,771,771,771,771,771,771,771,771,771,771,771,789,789,789,789,789,789,789,789,789,789,789,789,789,789,789,789,789,789,789,789,808,808,808,808,808,808,808,808,808,808,808,808,828,828,828,828,828,828,828,828,808,808,828,828,828,828,828,828,828,828,828,828,828,828,828,828,828,828,828,828,828,808,808,808,828,808,808,828,808,808,808,828,808,808,808,808,850,850,0,808,808,808,808,808,808,808,808,0,0,0,0,0,0,0,0,0,0,0,0,0,0,1143,0,0,0,0,0,0,0,0,0,0,0,0,0,1143,1143,1104,1104,1104,1104,1104,1104,1104,1104,1104,1104,1104,1104,1104,1104,1104,1104,1069,1069,1104,1104,1104,1104,1104,1104,1069,1069,1069,1069,1069,1069,1069,1069,1069,1104,1104,1104,1104,1104,1104,1069,1069,1104,1069,1104,1104,1104,1104,1104,1104,1104,1104,1104,1104,1104,1104,1104,1104,1104,1104,1104,1104,1143,1143,1143,1143,1143,1143,1143,1143,1183,1183,1183,1143,1183,1183,1143,1183,0,0,1183,1104,828,828,808,808,808,808,808,808,808,808,808,808,808,808,808,808,808,828,828,828,872,920,0,872,896,896,896,947,0,0,0,0,0,896,947,896,947,947,0,0,0,0,0,0,0,0,0,0,0,0,947,872,896,896,0,0,0,0,0,0,0,0,0,0,0,0,0,0,0,0,0,0,947,947,947,0,0,0,0,0,0,0,0,0,896,0,0,0,0,0,0,0,0,0,0,0,0,0,0,0,0,0,0,0,0,0,0,0,0,0,0,0,0,0,0,0,0,0,0,0,0,0,0,0,0,0,0,0,0,0,0,1840,1840,1840,1949,0,0,0,0,0,0,0,0,0,0,0,0,0,0,0,0,0,0,0,0,0,0,0,0,0,0,0,0,0,0,0,0,0,0,0,0,0,0,0,0,0,0,0,0,0,0,0,0,6624,0,6624,3011,2760,3011,2760,3011,3011,3011,3011,3011,3011,3011,0,0,0,0,0,0,0,0,0,0,0,0,0,0,2548,2548,2548,2548,0,0,0,0,0,0,2548,2548,2548,2548,2548,2548,2548,2548,2548,2548,2548,2548,2366,2548,2366,2366,2548,2548,2366,2366,2366,2366,2548,2548,2548,2548,2548,2548,2548,2548,2548,2366,2366,2366,2366,2366,2366,2366,2548,2548,2548,0,2548,0,2366,2366,2366,2366,2366,2366,2366,2366,2366,2366,2208,2208,2208,2208,2208,2208,2208,2208,2208,2366,2366,2366,2366,2208,2208,2208,2208,2208,2208,2208,2208,2208,2208,2208,2070,2070,2070,2070,2070,2070,2070,2070,2070,2070,2070,2070,2070,2208,2208,2208,2366,0,0,0,0,0,0,0,0,0,0,0,0,0,0,0
650,650,663,663,663,663,663,663,663,663,663,663,663,663,663,676,676,676,676,676,676,676,676,676,676,676,676,676,690,690,690,690,690,690,690,690,690,690,705,690,705,705,705,705,705,705,705,705,705,720,720,720,720,720,720,720,720,720,720,720,720,720,736,736,736,736,736,736,736,736,736,736,736,736,736,736,753,753,753,753,753,753,753,753,753,753,753,753,753,753,771,771,771,771,771,771,771,771,771,771,771,771,771,771,771,771,771,771,771,771,771,789,789,789,789,789,789,789,789,789,789,789,789,789,789,789,789,789,789,789,789,808,808,808,808,808,808,808,808,808,808,808,808,828,828,828,828,828,828,828,828,808,808,828,828,828,828,828,828,828,828,828,828,828,828,828,828,828,828,828,828,828,808,808,808,828,808,808,828,808,808,808,808,808,808,808,808,828,828,0,808,808,808,808,808,808,808,808,828,0,0,0,0,0,0,0,0,0,0,0,0,0,1143,0,0,0,0,0,0,0,0,0,0,0,0,0,1143,1143,1104,1104,1104,1104,1104,1104,1143,1104,1104,1104,1104,1104,1104,1104,1104,1104,1104,1104,1104,1104,1104,1104,1104,1104,1104,1069,1069,1069,1069,1069,1069,1069,1069,1104,1104,1104,1104,1104,1104,1069,1069,1104,1104,1104,1104,1104,1104,1104,1104,1104,1104,1104,1104,1104,1104,1104,1104,1104,1104,1143,1143,1143,1143,1143,1143,1143,1143,1143,1143,1183,1183,1183,1143,1183,1183,1143,1183,0,0,1183,1104,828,828,808,808,808,808,808,808,808,808,808,808,808,808,808,808,808,828,0,872,0,0,0,896,947,0,0,0,0,0,0,0,0,0,0,896,0,0,0,0,0,0,0,0,0,0,0,0,0,0,0,947,0,0,0,0,0,0,0,0,0,0,0,0,0,0,0,0,0,0,0,0,920,947,947,0,0,0,0,0,0,0,0,0,0,0,0,0,0,0,0,0,0,0,0,0,0,0,0,0,0,0,0,0,0,0,0,0,0,0,0,0,0,0,0,0,0,0,0,0,0,0,0,0,0,0,0,0,0,0,0,1840,1840,1840,1949,1949,0,0,0,0,0,0,0,0,0,0,0,0,0,0,0,0,0,0,0,0,0,0,0,0,0,0,0,0,0,0,0,0,0,0,0,0,0,0,0,0,4140,3680,0,0,0,0,6624,6624,6624,6624,3680,2760,3312,3011,3011,3011,3011,3011,2760,2760,2760,0,0,0,0,0,0,0,0,0,0,0,0,0,3011,2760,2760,2548,2760,2760,0,0,0,2760,0,2548,2548,2548,2548,2548,2548,2548,2548,2548,2548,2548,2548,2366,2366,2366,2366,2366,2548,2366,2366,2366,2366,2366,2548,2548,2548,2548,2548,2548,2548,2548,2366,2366,2366,2366,2366,2366,2366,2548,2548,2548,0,2548,0,2366,2366,2366,2366,2366,2366,2366,2366,2366,2366,2366,2208,2208,2208,2208,2208,2208,2208,2208,2366,2366,2366,2366,2208,2208,2208,2208,2208,2070,2208,2208,2208,2070,2208,2070,2070,2070,2070,2070,2070,2070,2070,2070,2070,2070,2070,2070,2070,2208,2208,2366,0,0,0,0,0,0,0,0,0,0,0,0,0,0,0
663,663,663,663,663,663,663,663,663,663,663,663,663,663,663,676,676,676,676,676,676,676,676,676,676,676,676,676,690,690,690,690,690,690,690,690,705,705,705,705,705,705,705,705,705,705,705,705,705,720,720,720,720,720,720,720,720,720,720,720,720,720,736,736,736,736,736,736,736,736,736,736,736,736,736,753,753,753,753,753,753,753,753,753,753,753,753,753,753,771,771,771,771,771,771,771,771,771,771,771,771,771,771,771,771,771,771,771,771,771,771,789,789,789,789,789,789,789,789,789,789,789,789,789,789,789,789,789,789,789,789,808,808,808,808,808,808,808,808,808,808,808,808,828,828,828,828,828,828,828,828,828,828,828,828,828,828,828,828,828,828,828,828,828,828,828,828,828,828,828,828,828,808,808,808,828,828,808,828,828,828,828,828,808,808,828,828,850,0,0,808,808,808,808,808,808,808,828,828,0,0,0,0,0,0,0,0,0,0,0,0,0,1143,0,0,0,0,0,0,0,0,0,0,0,0,0,1143,1143,1104,1104,1104,1104,1104,1104,1143,1104,1104,1104,1104,1104,1104,1104,1104,1104,1104,1104,1104,1104,1104,1104,1104,1104,1104,1069,1069,1069,1069,1069,1069,1069,1069,1104,1104,1104,1104,1104,1104,1069,1069,1104,1069,1104,1104,1104,1104,1104,1104,1104,1104,1104,1104,1104,1104,1104,1104,1104,1104,1143,1143,1143,1143,1143,1143,1143,1143,1143,1143,1143,1143,1143,1143,1183,1183,1143,1183,0,0,1143,1104,828,828,808,808,808,808,808,808,808,808,808,808,808,808,808,808,808,828,828,828,872,920,920,872,920,947,947,0,0,0,0,0,0,0,0,896,0,0,0,0,0,0,0,0,0,0,0,0,0,0,0,947,0,0,0,0,0,0,0,0,0,0,0,0,0,0,0,0,0,0,0,0,920,920,947,947,0,0,0,0,0,0,0,0,896,0,0,0,0,0,0,0,0,0,0,0,0,0,0,0,0,0,0,0,0,0,0,0,0,0,0,0,0,0,0,0,0,0,0,0,0,0,0,0,0,0,0,0,0,0,0,1840,1840,1840,1949,1949,0,0,0,0,0,0,0,0,0,0,0,0,0,0,0,0,0,0,0,0,0,0,0,0,0,0,0,0,0,0,0,0,0,0,0,0,0,0,0,0,3680,3680,3680,5520,5520,6624,6624,5520,6624,6624,6624,3680,3680,3312,3011,3011,3011,3011,2760,2760,2760,0,0,0,0,0,0,0,0,0,0,0,0,0,0,2760,2760,2760,0,0,0,0,0,0,2760,2760,2760,2548,2548,2548,2548,2548,2548,2548,2548,2548,2548,2366,2366,2366,2366,2548,2548,2366,2366,2366,2366,2366,2548,2548,2548,2548,2548,2548,2548,2548,2366,2366,2366,2366,2366,2366,2366,2548,2548,2548,2548,2366,2366,2366,2366,2366,2366,2366,2366,2208,2366,2366,2366,2366,2208,2208,2208,2208,2208,2208,2208,2208,2366,2366,2366,2366,2208,2208,2208,2208,2208,2070,2208,2070,2070,2070,2070,2070,2070,2070,2070,2070,2070,2070,2070,2070,2070,2070,2070,2070,2070,2070,2070,2366,0,0,0,0,0,0,0,0,0,0,0,0,0,0,0
663,663,663,663,663,663,663,663,663,663,663,663,663,663,676,676,676,676,676,676,676,676,676,676,676,676,676,676,676,690,690,690,690,690,690,690,705,690,705,705,705,705,705,705,705,705,705,705,705,705,720,720,720,720,720,720,720,720,720,720,720,720,736,736,736,736,736,736,736,736,736,736,736,736,753,753,753,753,753,753,753,753,753,753,753,753,753,753,753,771,771,771,771,771,771,771,771,771,771,771,771,771,771,771,771,771,771,771,771,771,771,789,789,789,789,789,789,789,789,789,789,789,789,789,789,789,789,789,789,789,789,808,808,808,808,808,808,808,808,808,808,808,808,828,828,828,828,828,828,828,828,828,828,828,828,828,828,828,828,828,850,828,850,850,828,828,828,828,828,828,828,828,828,828,828,828,828,828,828,828,828,828,828,828,828,850,0,0,0,0,828,828,828,808,808,808,808,828,828,0,0,0,0,0,0,0,0,0,0,0,0,0,0,0,0,0,0,0,0,0,0,0,0,0,0,0,0,0,1104,1104,1104,1104,1104,1104,1104,1104,1104,1104,1104,1104,1104,1104,1104,1069,1069,1069,1069,1069,1069,1069,1069,1069,1069,1069,1069,1069,1069,1069,1069,1069,1069,1069,1069,1069,1069,1069,1069,1069,1069,1069,1069,1069,1069,1104,1104,1104,1104,1104,1104,1104,1104,1104,1104,1104,1104,1104,1104,1104,1143,1143,1143,1143,1143,1143,1143,1143,1143,1143,1143,1183,1143,1183,1183,1143,0,0,0,1143,1104,828,828,808,808,808,808,808,808,808,808,808,808,808,808,808,808,808,828,828,828,828,872,872,872,920,0,0,0,0,0,0,0,896,896,0,896,0,0,0,0,0,0,0,0,0,0,0,947,0,947,947,947,0,0,0,0,0,0,0,0,0,896,0,0,0,0,0,0,0,0,0,920,920,947,947,0,0,0,0,0,0,0,0,0,0,0,0,0,0,0,0,0,0,0,0,0,0,0,0,0,0,0,0,0,0,0,0,0,0,0,0,0,0,0,0,0,0,0,0,0,0,0,0,0,0,0,0,0,0,0,0,1840,1840,1840,1949,1949,0,0,0,0,0,0,0,0,0,0,0,0,0,0,0,0,0,0,0,0,0,0,0,0,0,0,0,0,0,0,0,0,0,0,0,0,0,0,0,3680,3680,3680,3680,5520,5520,6624,6624,6624,6624,6624,6624,0,0,0,3312,3011,3011,3011,2760,2760,2760,2760,0,0,0,0,0,0,0,0,0,0,0,0,2760,2760,2760,2760,0,0,0,2760,2760,2760,2760,2548,2548,2548,2548,2548,2548,2548,2548,2548,2548,2548,2366,2366,2366,2366,2366,2548,2548,2548,2366,2366,2366,2366,2366,2548,2548,2548,2548,2548,2548,2548,2366,2366,2366,2366,2366,2366,2366,2548,2548,2548,2548,2366,2366,2366,2366,2366,2366,2366,2366,2208,2208,2366,2366,2366,2366,2208,2208,2208,2208,2208,2208,2208,2366,2366,2366,2366,2208,2208,2208,2208,2208,2070,2208,2070,2070,2070,2070,2070,2070,2070,2070,2070,2070,2070,2070,2070,2070,2070,2070,2070,2070,2070,2208,0,0,0,0,0,0,0,0,0,0,0,0,0,0,0,0
663,663,663,663,663,676,676,676,676,676,663,663,676,676,676,676,676,676,676,676,676,676,676,676,676,676,676,676,690,690,690,690,690,690,690,690,705,705,705,705,705,705,705,705,705,705,705,705,705,705,720,720,720,720,720,720,720,720,720,720,720,720,736,736,736,736,736,736,736,736,736,736,736,736,753,753,753,753,753,753,753,753,753,753,753,753,753,753,771,771,771,771,771,771,771,771,771,771,771,771,771,771,771,771,771,771,771,771,771,771,789,789,789,789,789,789,789,789,789,789,789,789,789,789,789,789,789,789,789,789,789,808,808,808,808,808,808,828,828,828,828,828,828,828,828,828,828,828,828,828,828,828,828,828,828,828,850,850,850,850,850,850,850,850,850,828,850,828,828,828,828,828,828,828,828,828,850,828,828,828,828,828,828,850,850,850,0,0,0,0,0,828,828,828,828,828,828,828,828,0,0,0,0,0,0,0,0,0,0,0,0,0,0,0,0,0,0,0,0,0,0,0,0,0,0,0,0,0,0,1104,1104,1104,1104,1069,1104,1069,1069,1104,1104,1104,1104,1104,1069,1069,1069,1069,1069,1069,1069,1069,1069,1069,1069,1069,1069,1069,1069,1069,1069,1069,1069,1069,1069,1069,1069,1069,1069,1069,1069,1069,1069,1069,1069,1069,1069,1104,1104,1104,1104,1104,1104,1104,1104,1104,1104,1104,1104,1104,1143,1143,1143,1143,1143,1183,1143,1183,1183,1183,1183,1183,1183,1183,1183,0,0,0,0,1183,1104,828,828,808,808,808,808,808,808,808,808,808,808,808,808,808,808,808,828,828,828,872,872,872,872,920,0,0,0,0,0,0,1035,1004,896,0,1035,0,0,0,0,0,0,0,0,0,0,0,0,0,947,1035,896,0,0,0,0,0,0,0,0,872,896,0,0,0,0,0,0,0,0,0,0,1004,0,0,0,0,0,0,0,0,0,0,0,0,0,0,0,0,0,0,0,0,0,0,0,0,0,0,0,0,0,0,0,0,0,0,0,0,0,0,0,0,0,0,0,0,0,0,0,0,0,0,0,0,0,0,0,0,0,0,1840,1949,1949,1949,1949,0,0,0,0,0,0,0,0,0,0,0,0,0,0,0,0,0,0,0,0,0,0,0,0,0,0,0,0,0,0,0,0,0,0,0,0,0,0,0,3680,3680,3680,5520,5520,5520,5520,6624,6624,6624,6624,0,0,0,0,3680,3011,3011,2760,2760,2760,2760,2760,0,0,0,0,0,0,0,0,0,0,0,0,2760,2760,2760,2760,0,0,0,2760,2760,2760,2760,2548,2548,2548,2548,2548,2548,2548,2548,2548,2548,2548,2548,2366,2366,2366,2366,2548,0,0,2548,2366,2366,2208,2366,2548,2548,2548,2548,2548,2548,2548,2366,2366,2366,2366,2366,2366,2366,2548,2548,2548,2548,2366,2366,2366,2366,2366,2366,2366,2366,2366,2366,2366,2366,2366,2366,2366,2208,2208,2208,2208,2208,2208,2366,2366,2366,2366,2208,2208,2208,2208,2208,2208,2208,2208,2208,2070,2070,2070,2070,2070,2070,2070,2070,2070,2070,2070,2070,2070,2070,2070,2070,2070,2208,2208,2366,0,0,0,0,0,0,0,0,0,0,0,0,0,2208
676,676,663,663,663,676,676,676,676,676,663,663,676,663,676,676,676,676,676,676,676,676,676,676,676,676,690,690,690,690,690,690,690,690,690,690,705,705,705,705,705,705,705,705,705,705,705,705,705,720,720,720,720,720,720,720,720,720,720,720,720,720,736,736,736,736,736,736,736,736,736,736,736,736,736,753,753,753,753,753,753,753,753,753,753,753,753,771,771,771,771,771,771,771,771,771,771,771,771,771,771,771,771,771,771,771,771,771,771,789,789,789,789,789,789,789,789,789,789,789,789,789,789,789,789,789,789,789,789,789,789,808,808,808,808,808,808,828,828,828,828,828,828,828,828,828,828,828,828,828,828,828,828,828,828,850,850,850,850,850,850,850,850,850,850,828,850,828,828,828,850,828,850,850,850,850,850,850,828,828,828,828,828,850,0,0,0,0,0,0,0,828,828,828,828,828,828,828,828,0,0,0,0,0,0,0,0,0,0,0,0,0,0,0,0,0,0,0,0,0,0,0,0,0,0,0,0,0,0,1104,1143,0,1104,1104,0,1069,1069,1104,1104,0,0,0,1104,1069,1069,1069,1069,1069,1069,1069,1069,1069,1069,1069,1069,1069,1069,1069,1069,1069,1069,1069,1069,1069,1069,1069,1069,1069,1069,1069,1069,1069,1069,1069,1069,1104,1104,1104,1104,1104,1104,1104,1104,1104,1104,1104,1104,1104,1143,1143,1143,1143,1143,1143,1143,1143,1143,1143,1143,1183,1143,1143,1183,1183,0,0,0,1183,1104,828,828,808,808,808,808,808,808,808,808,808,808,808,808,808,808,808,828,828,872,0,872,872,872,872,0,0,0,0,0,0,872,872,872,0,0,0,0,0,0,0,0,0,0,0,0,0,0,0,872,872,872,872,0,0,0,0,0,0,872,872,896,0,0,0,0,0,0,0,0,0,0,0,0,0,0,0,0,0,0,0,0,0,0,0,0,0,0,0,0,0,0,0,0,0,0,0,0,0,0,0,0,0,0,0,0,0,0,0,0,0,0,0,0,0,0,0,0,0,0,0,0,0,0,0,0,0,0,0,0,0,1949,1949,1949,1949,1949,1949,0,0,0,0,0,0,0,0,0,0,0,0,0,0,0,0,0,0,0,0,0,0,0,0,0,0,0,0,0,0,0,0,0,0,0,0,0,0,11040,0,0,0,5520,6624,6624,6624,6624,6624,6624,0,0,0,0,3312,3011,3011,2760,2760,2760,2760,2760,0,0,0,0,0,0,0,0,0,0,0,0,2760,2760,2760,2760,0,0,0,2760,2760,2760,2760,2548,2548,2548,2548,2548,2548,2548,2548,2548,2548,2548,2548,2366,2366,2366,2548,2548,0,0,2548,2366,2366,2366,2366,2548,2548,2548,2548,2548,2548,2548,2366,2366,2366,2366,2366,2366,2366,2366,2366,2366,2366,2366,2366,2366,2366,2366,2366,2366,2366,2366,2366,2366,2366,2366,2366,2366,2366,2366,2208,2208,2208,2366,2366,2366,2366,2366,2208,2208,2208,2208,2208,2208,2208,2208,2208,2208,2208,2070,2070,2070,2070,2070,2070,2070,2070,2070,2070,2070,2070,2070,2070,2208,2208,2208,2208,2366,2208,0,0,0,0,0,0,0,0,0,0,2208,2208
663,676,663,663,676,676,676,676,676,676,676,676,676,676,676,676,676,676,676,676,676,676,676,676,676,690,690,690,690,690,690,690,690,690,690,705,705,705,705,705,705,705,705,705,705,705,705,705,720,720,720,720,720,720,720,720,720,720,720,720,720,720,736,736,736,736,736,736,736,736,736,736,736,736,736,736,753,753,753,753,753,753,753,753,753,753,753,771,771,771,771,771,771,771,771,771,771,771,771,771,771,771,771,771,771,771,771,771,789,789,789,789,789,789,789,789,789,789,789,789,789,789,789,789,789,789,789,789,789,789,789,789,808,808,808,808,828,828,828,828,828,828,828,828,828,828,828,828,828,828,828,828,828,828,828,850,850,850,850,850,850,850,850,850,850,828,828,828,828,828,850,828,850,850,850,850,850,850,828,828,828,828,828,0,0,0,0,0,0,0,0,828,828,828,828,828,828,828,828,0,0,0,0,0,0,0,0,0,0,0,0,0,0,0,0,0,0,0,0,0,0,0,0,0,0,0,0,0,0,1104,1143,0,1104,1104,0,1069,1069,1104,1104,1104,1104,0,1104,1069,1069,1069,1069,1069,1069,1069,1069,1069,1069,1069,1069,1069,1069,1069,1069,1069,1069,1069,1069,1069,1069,1069,1069,1069,1069,1069,1069,1069,1069,1069,1069,1104,1104,1104,1104,1104,1104,1104,1104,1104,1104,1104,1104,1104,1143,1143,1143,1143,1143,1143,1143,1143,1143,1143,1143,1183,1183,1183,1183,1183,0,0,1183,1143,1069,828,828,808,808,808,808,808,808,808,808,808,808,808,808,808,808,808,828,828,828,828,828,828,828,850,947,0,0,0,0,0,872,872,872,1035,0,0,0,0,0,0,0,0,0,0,0,0,1035,1035,872,872,872,0,0,0,0,0,0,0,0,872,872,0,0,0,0,0,0,0,0,0,0,0,0,0,0,0,0,0,0,0,0,0,0,872,0,0,0,0,0,0,0,0,0,0,0,0,0,0,0,0,0,0,0,0,0,0,0,0,0,0,0,0,0,0,0,0,0,0,0,0,0,0,0,0,0,0,0,0,0,0,1949,1949,1949,1949,1949,1949,0,0,0,0,0,0,0,0,0,0,0,0,0,0,0,0,0,0,0,0,0,0,0,0,0,0,0,0,0,0,0,0,0,0,0,0,0,0,0,0,0,0,0,0,6624,6624,6624,6624,0,0,0,0,3312,3011,3011,2760,2760,2760,2760,2760,3312,0,0,0,0,0,0,0,0,0,0,0,0,0,2760,0,0,0,0,0,0,2760,2760,2760,2548,2548,2548,2548,2548,2548,2548,2548,2548,2548,2548,2548,2366,2366,2366,2548,2548,0,0,0,2366,2366,2366,2366,2366,2366,2366,2548,2548,2548,2548,2366,2366,2366,2366,2366,2366,2366,2366,2366,2366,2366,2366,2366,2366,2366,2366,2366,2366,2366,2366,2366,2366,2366,2366,2366,2366,2366,2366,2366,2208,2208,2366,2366,2366,2366,2366,2208,2208,2366,2208,2208,2208,2208,2208,2208,2208,2208,2208,2070,2070,2070,2070,2070,2070,2070,2070,2070,2208,2208,2070,2208,2208,2208,2208,2208,2208,2208,2208,2208,0,0,0,0,0,0,0,2208,2208,2208
663,663,663,676,676,676,676,676,676,676,676,676,676,676,676,676,676,676,676,676,676,676,676,676,690,690,690,690,690,690,690,690,690,690,690,705,705,705,705,705,705,705,705,705,705,705,705,720,720,720,720,720,720,720,720,720,720,720,720,720,720,720,720,736,736,736,736,736,736,736,736,736,736,736,736,736,753,753,753,753,753,753,753,753,753,753,753,753,771,771,771,771,771,771,771,771,771,771,771,771,771,771,771,771,771,771,771,789,789,789,789,789,789,789,789,789,789,789,789,789,789,789,789,789,789,789,789,789,789,789,789,789,808,808,808,808,828,828,828,828,828,828,828,828,828,828,828,828,828,828,828,828,828,828,828,850,850,850,850,850,850,850,850,850,850,828,828,828,828,828,850,828,850,850,850,850,850,850,828,828,828,828,850,0,0,0,0,0,0,0,0,0,828,828,828,828,828,828,828,0,0,0,0,0,0,0,0,0,0,0,0,0,0,0,0,0,0,0,0,0,0,0,0,0,0,0,0,0,0,1104,1104,1143,1104,1104,1143,1104,1104,1104,1104,1104,1104,1143,1104,1069,1069,1069,1069,1069,1104,1104,1104,1104,1069,1069,1069,1069,1069,1069,1069,1069,1069,1069,1069,1069,1069,1069,1069,1069,1069,1069,1069,1069,1104,1104,1104,1104,1104,1104,1104,1104,1104,1104,1104,1104,1104,1104,1104,1104,1143,1143,1143,1143,1143,1143,1143,1143,1143,1143,1143,1143,1143,1143,1183,1183,0,1183,1183,1143,1104,828,828,808,808,808,808,808,808,808,808,808,808,808,808,808,808,808,828,828,828,828,828,828,828,850,947,0,0,0,0,0,1004,872,872,1035,0,0,0,0,0,0,0,0,0,0,0,0,1035,1035,872,872,872,872,0,0,0,0,0,0,0,872,0,0,0,0,0,0,0,0,0,0,0,0,0,0,0,0,0,0,0,0,0,0,0,1578,0,0,0,0,0,0,0,0,0,0,0,0,0,0,0,0,0,0,0,0,0,0,0,0,0,0,0,0,0,0,0,0,0,0,0,0,0,0,0,0,0,0,0,0,0,0,1949,1949,1949,1949,1949,1949,0,0,0,0,0,0,0,0,0,0,0,0,0,0,0,0,0,0,0,0,0,0,0,0,0,0,0,0,0,0,0,0,0,0,0,0,0,0,0,0,0,0,0,0,6624,6624,6624,6624,0,0,0,0,3312,3011,3011,2760,2760,2760,2760,2760,3312,0,0,0,0,0,0,0,0,0,0,0,0,0,2760,0,0,0,0,0,2760,2760,2760,2548,2548,2548,2548,2548,2548,2548,2548,2548,2548,2548,2548,2548,2366,2366,2366,2366,2548,0,0,2366,2366,2366,2366,2366,2366,2366,2548,2548,2366,2366,2366,2366,2366,2366,2366,2366,2366,2366,2366,2366,2366,2366,2366,2366,2366,2366,2366,2366,2366,2366,2366,2366,2366,2366,2366,2366,2366,2366,2366,2366,2208,2208,2366,2366,2366,2366,2366,2208,2208,2366,2208,2208,2208,2208,2208,2208,2208,2208,2208,2070,2070,2070,2070,2070,2070,2070,2208,2208,2208,2208,2208,2208,2208,2208,2208,2208,2208,2208,2208,2208,0,0,0,0,0,0,0,0,2208,2208
663,663,663,676,676,676,676,676,676,676,663,663,676,663,676,676,676,676,676,676,676,676,676,676,690,690,690,690,690,690,690,690,690,690,690,705,705,705,705,705,705,705,705,705,705,705,705,720,720,720,720,720,720,720,720,720,720,720,720,720,720,720,720,736,736,736,736,736,736,736,736,736,736,736,736,736,753,753,753,753,753,753,753,753,753,753,753,771,771,771,771,771,771,771,771,771,771,771,771,771,771,771,771,771,771,771,789,789,789,789,789,789,789,789,789,789,789,789,789,789,789,789,789,789,789,789,789,789,789,789,789,808,808,808,808,808,808,828,828,828,828,828,828,828,828,828,828,828,828,828,828,828,828,828,828,850,850,850,850,850,850,850,850,850,850,828,828,828,828,828,828,828,850,850,850,850,850,850,828,828,828,828,850,0,0,0,0,0,0,0,0,828,828,828,828,828,828,828,828,0,0,0,0,0,0,0,0,0,0,0,0,0,0,0,0,0,0,0,0,0,0,0,0,0,0,0,0,0,0,1104,1104,1104,1104,1104,1104,1104,1104,1104,1104,1104,1104,1104,1104,1069,1069,1069,1069,1104,1104,1104,1104,1104,1104,1069,1069,1069,1069,1069,1069,1069,1069,1069,1069,1069,1069,1069,1069,1069,1069,1104,1069,1069,1104,1104,1104,1104,1104,1104,1104,1104,1104,1104,1104,1104,1104,1104,1104,1104,1104,1143,1143,1143,1143,1143,1143,1143,1143,1143,1143,1143,1143,1143,1143,1143,1143,1143,1143,1143,1104,828,828,808,808,808,808,808,808,808,808,808,808,808,808,808,808,808,828,828,850,850,828,828,828,850,947,0,0,0,0,0,0,1004,1035,0,0,0,0,0,0,0,0,0,0,0,0,0,0,0,1035,0,1035,0,0,0,0,0,0,0,0,872,0,0,0,0,0,0,0,0,0,0,0,0,0,0,0,0,0,0,0,0,0,0,0,1578,0,0,0,0,0,0,0,0,0,0,0,0,0,0,0,0,0,0,0,0,0,0,0,0,0,0,0,0,0,0,0,0,0,0,0,0,0,0,0,0,0,0,0,0,0,0,1840,1949,1949,1949,1949,1949,0,0,0,0,0,0,0,0,0,0,0,0,0,0,0,0,0,0,0,0,0,0,0,0,0,0,0,0,0,0,0,0,0,0,0,0,0,0,0,0,0,0,0,0,0,0,6624,11040,0,0,0,0,3011,2760,2760,2760,2760,2760,2760,2760,3312,0,0,0,0,0,0,0,0,0,0,0,0,0,2760,0,0,0,0,0,2760,2760,2760,2548,2548,2548,2548,2548,2548,2548,2548,2548,2548,2548,2548,2548,2366,2366,2366,2366,2548,2548,2366,2366,2366,2366,2366,2366,2366,2366,2366,2366,2366,2366,2366,2366,2366,2366,2366,2366,2366,2366,2366,2366,2366,2366,2366,2366,2366,2366,2366,2366,2366,2366,2366,2366,2366,2366,2366,2366,2366,2366,2366,2366,2208,2208,2366,2366,2366,2366,2366,2366,2208,2366,2208,2366,2208,2208,2208,2208,2208,2208,2208,2208,2208,2070,2208,2070,2208,2208,2208,2208,2208,2208,2208,2208,2208,2208,2208,2208,2208,2208,2208,2208,2208,0,0,0,0,0,0,2208,2208,2208
663,676,690,0,0,690,676,676,676,676,676,663,676,676,676,676,676,676,676,676,676,676,676,690,690,690,690,690,690,690,690,690,690,690,690,690,705,705,705,705,705,705,705,705,705,705,705,720,720,720,720,720,720,720,720,720,720,720,720,720,720,720,736,736,736,736,736,736,736,736,736,736,736,736,736,753,753,753,753,753,753,753,753,753,753,753,753,753,753,771,771,771,771,771,771,771,771,771,771,771,771,771,771,771,771,771,789,789,789,789,789,789,789,789,789,789,789,789,789,789,789,789,789,789,789,789,789,789,789,789,808,808,808,808,808,808,808,828,828,828,828,808,808,828,828,828,828,828,828,828,828,828,828,828,828,850,850,850,850,850,850,850,850,850,850,828,828,828,828,828,850,828,850,850,850,850,850,850,850,828,0,0,0,0,0,0,0,0,0,0,0,0,828,828,828,828,828,828,0,0,0,0,0,0,0,0,0,0,0,0,0,0,0,0,0,0,0,0,0,0,0,0,0,0,0,0,0,0,1143,1104,1104,1104,1104,1104,1104,1104,1104,1104,1104,1104,1104,1104,1104,1069,1069,1069,1069,1104,1104,1104,1104,1104,1104,1069,1069,1069,1069,1069,1069,1069,1069,1069,1069,1069,1069,1069,1069,1069,1069,1104,1069,1069,1104,1104,1104,1104,1104,1104,1104,1104,1104,1104,1104,1104,1104,1104,1104,1104,1104,1143,1143,1143,1143,1143,1143,1143,1143,1143,1143,1143,1143,1143,1143,1143,1143,1143,1143,1143,1069,828,828,828,808,808,808,808,808,808,808,808,808,808,808,808,808,808,808,828,828,828,828,828,828,828,872,0,0,0,0,0,872,872,872,0,0,0,0,0,0,0,0,0,0,0,0,0,0,0,850,872,872,0,0,0,0,0,0,0,0,872,872,0,0,0,0,0,0,0,0,0,0,0,0,0,0,0,0,0,0,0,0,0,0,0,0,0,0,0,0,0,0,0,0,0,0,0,0,0,0,0,0,0,0,0,0,0,0,0,0,0,0,0,0,0,0,0,0,0,0,0,0,0,0,0,0,0,0,0,0,0,1949,1949,1949,1949,1949,1949,0,1949,0,0,0,0,0,0,975,975,0,0,0,0,0,0,0,0,0,0,0,0,0,0,0,0,0,0,0,0,0,0,0,0,0,0,0,0,0,0,0,0,0,0,0,0,6624,0,0,0,0,3312,3011,2760,2760,2760,2760,2760,2760,2760,0,0,0,0,2760,3011,0,0,0,0,0,0,0,0,0,0,0,0,0,0,0,2760,2760,2760,2548,2548,2548,2548,2548,2548,2548,2548,2548,2548,2366,2366,2366,2366,2366,2366,2366,2548,2366,2366,2366,2366,2366,2366,2366,2366,2366,2366,2366,2366,2366,2366,2366,2366,2366,2366,2366,2366,2366,2366,2366,2366,2366,2366,2366,2366,2366,2366,2366,2366,2366,2366,2366,2366,2366,2366,2366,2366,2366,2208,2208,2208,2366,2366,2366,2366,2366,2366,2208,2366,2208,2208,2208,2208,2070,2208,2208,2208,2208,2208,2208,2208,2208,2208,2208,2208,2208,2208,2208,2208,2208,2208,2208,2208,2208,2208,2208,2208,2208,2208,2208,0,0,0,0,0,0,2208,2208,2208
663,663,676,690,690,676,676,676,676,676,663,663,663,676,676,676,676,676,676,676,676,676,676,690,690,690,690,690,690,690,690,690,690,690,690,690,705,705,705,705,705,705,705,705,705,705,705,705,720,720,720,720,720,720,720,720,720,720,720,720,720,720,736,736,736,736,736,736,736,736,736,736,736,736,736,753,753,753,753,753,753,753,753,753,753,753,753,753,753,753,771,771,771,771,771,771,771,771,771,771,771,771,771,771,771,771,789,789,789,789,789,789,789,789,789,789,789,789,789,789,789,789,789,789,789,789,789,789,789,789,808,808,808,808,808,808,808,828,828,828,828,808,808,828,828,828,828,828,828,828,828,828,828,828,850,850,850,850,850,850,0,0,850,0,0,850,850,828,828,850,850,850,0,0,0,0,0,0,0,0,0,0,0,0,0,0,0,0,0,0,0,0,0,0,0,850,850,0,0,0,0,0,0,0,0,0,0,0,0,0,0,0,0,0,0,0,0,0,0,0,0,1104,1104,1104,1104,1104,1104,1104,1104,1104,1104,1104,1104,1104,1104,1104,1104,1104,1104,1104,1104,1104,1104,1069,1069,1069,1069,1104,1104,1104,1104,1104,1069,1069,1069,1069,1069,1069,1069,1069,1069,1069,1069,1069,1069,1069,1069,1069,1069,1104,1069,1069,1104,1104,1104,1104,1104,1104,1104,1104,1104,1104,1104,1104,1104,1104,1104,1104,1104,1143,1143,1143,1143,1143,1143,1143,1143,1143,1143,1143,1143,1143,1143,1104,1104,1143,1143,1143,1069,828,828,828,808,808,808,808,808,808,808,808,808,808,808,808,808,808,808,828,828,828,828,828,828,828,947,0,0,0,0,0,0,0,0,0,0,0,0,0,0,0,0,0,0,0,0,0,947,947,850,0,0,0,0,0,0,0,0,0,0,947,0,0,0,0,0,0,0,0,0,0,0,0,0,0,0,0,0,0,0,0,0,0,0,0,0,0,0,0,0,0,0,0,0,0,0,0,0,0,0,0,0,0,0,0,0,0,0,0,0,0,0,0,0,0,0,0,0,0,0,0,0,0,0,0,0,0,0,0,0,0,1949,1949,1949,1949,1949,0,0,0,0,0,0,0,0,0,975,975,0,0,0,0,0,0,0,0,0,0,0,0,0,0,0,0,0,0,0,0,0,0,0,0,0,0,0,0,0,0,0,0,0,0,0,0,0,0,0,0,0,3011,3011,2760,2760,2760,2760,2760,2760,2760,0,0,0,0,3011,3011,0,0,0,0,0,0,0,0,2760,0,0,0,2760,0,2760,2760,2760,2548,2548,2548,2548,2548,2548,2548,2548,2548,2548,2548,2366,2366,2366,2366,2366,2366,2366,2366,2366,2366,2366,2366,2366,2366,2366,2366,2366,2366,2366,2366,2366,2366,2366,2366,2366,2366,2366,2366,2366,2366,2366,2366,2366,2366,2366,2366,2366,2366,2366,2366,2366,2366,2366,2366,2366,2366,2366,2366,2208,2208,2208,2208,2208,2366,2366,2366,2366,2366,2208,2366,2208,2208,2208,2208,2208,2208,2208,2208,2208,2208,2208,2208,2208,2208,2208,2208,2208,2208,2208,2208,2208,2208,2208,2208,2208,2208,2208,2208,2208,2208,2208,2208,0,0,0,0,0,2208,2208,2208
663,663,663,676,676,676,676,676,676,676,663,663,663,663,676,676,676,676,676,676,676,676,676,690,690,690,690,690,690,690,690,690,690,690,690,705,705,705,705,705,705,705,705,705,705,705,705,705,705,720,720,720,720,720,720,720,720,720,720,720,720,736,736,736,736,736,736,736,736,736,736,736,736,736,736,753,753,753,753,753,753,753,753,753,753,753,753,753,753,753,771,771,771,771,771,771,771,771,771,771,771,771,771,771,771,771,771,789,789,789,789,789,789,789,789,789,789,789,789,789,789,789,789,789,789,789,808,808,808,808,808,808,808,808,808,808,808,828,828,828,808,808,808,828,828,828,828,828,828,828,828,828,828,828,850,850,850,850,850,850,0,0,850,0,0,0,0,0,850,850,0,0,0,0,0,0,0,0,0,0,0,0,0,0,0,0,0,0,0,0,0,0,0,0,0,0,0,0,0,0,0,0,0,0,0,0,0,0,0,0,0,1143,1143,1104,1104,1104,1104,0,0,1104,1104,1104,1104,1104,1104,1104,1104,1104,1104,1104,1104,1104,1104,1104,1104,1104,1104,1104,1104,1104,1104,1104,1104,1104,1104,1104,1104,1104,1104,1104,1104,1104,1104,1069,1069,1069,1069,1069,1069,1069,1069,1069,1069,1069,1069,1104,1104,1104,1104,1104,1104,1104,1104,1104,1104,1104,1104,1104,1104,1104,1104,1104,1104,1104,1104,1104,1104,1104,1104,1104,1143,1143,1143,1143,1143,1143,1143,1143,1143,1143,1143,1143,1104,1104,1104,1104,1143,1143,1104,828,828,828,808,808,808,808,808,808,808,808,808,808,808,808,808,808,808,828,828,828,808,828,808,808,947,0,0,0,0,0,0,0,0,0,0,0,0,0,0,0,0,0,0,0,0,0,0,0,947,0,0,0,0,0,0,0,0,0,0,828,0,0,0,0,0,0,0,0,0,0,0,0,0,0,0,0,0,0,0,0,0,0,0,0,0,0,0,0,0,0,0,0,0,0,0,0,0,0,0,0,0,0,0,0,0,0,0,0,0,0,0,0,0,0,0,0,0,0,0,0,0,0,0,0,0,0,0,0,0,0,1949,1949,1949,0,1949,0,0,1069,975,771,1069,975,0,0,0,0,0,0,0,0,0,0,0,0,0,0,0,0,0,0,0,0,0,0,0,0,0,0,0,0,0,0,0,0,0,0,0,0,0,0,0,0,6624,0,0,0,0,3011,3011,2760,2760,2760,2760,2760,2760,2760,2760,0,0,0,3011,0,0,0,0,0,0,0,0,0,2760,0,0,0,0,0,0,0,2760,2760,2548,2548,2548,2548,2548,2548,2548,2548,2548,2548,2548,2366,2366,2366,2366,2366,2366,2548,2366,2366,2366,2366,2366,2366,2366,2366,2366,2366,2366,2366,2366,2366,2366,2366,2366,2366,2366,2366,2366,2366,2366,2366,2366,2366,2366,2366,2366,2366,2366,2366,2548,2366,2366,2366,2366,2366,2366,2366,2208,2208,2208,2208,2208,2366,2366,2366,2366,2208,2208,2208,2208,2208,2208,2208,2208,2208,2208,2208,2208,2208,2208,2208,2208,2208,2208,2208,2208,2208,2208,2208,2208,2208,2208,2208,2208,2208,2208,2208,2208,2208,2208,2208,2208,2208,0,0,0,2208,2208,2208
663,663,676,676,676,676,676,676,676,676,663,663,663,663,676,676,676,676,676,676,676,676,676,690,690,690,690,690,690,690,690,690,690,690,690,690,705,705,705,705,705,705,705,705,705,705,705,705,705,705,720,720,720,720,720,720,720,720,720,720,736,736,736,736,736,736,736,736,736,736,736,736,736,736,736,736,753,753,753,753,753,753,753,753,753,753,753,753,753,771,771,771,771,771,771,771,771,771,771,771,771,771,771,771,771,771,771,789,789,789,789,789,789,789,789,789,789,789,789,789,789,789,789,789,789,789,808,808,808,808,808,808,808,808,808,808,808,828,828,828,828,828,808,828,828,828,828,828,828,828,828,828,828,828,850,850,850,850,850,850,850,850,850,850,0,850,850,828,828,828,850,850,850,850,0,0,0,0,0,0,0,0,0,0,0,0,0,0,0,0,0,0,0,0,0,0,0,0,0,0,0,0,0,0,0,0,0,0,0,0,0,1143,1143,1104,1104,1104,1104,0,0,1104,1104,1104,1104,1104,1104,1104,1104,1104,1104,1104,1104,1104,1104,1104,1104,1104,1104,1104,1104,1104,1104,1104,1104,1104,1104,1104,1104,1104,1104,1104,1104,1104,1104,1104,1069,1069,1069,1069,1069,1069,1069,1069,1104,1104,1104,1104,1104,1104,1104,1104,1104,1104,1104,1104,1104,1104,1104,1104,1104,1104,1104,1104,1104,1104,1104,1104,1104,1104,1104,1104,1143,1143,1143,1143,1143,1143,1143,1143,1143,1143,1143,1143,1104,1104,1104,1104,1143,1143,1104,828,828,828,808,808,808,808,808,808,808,808,808,808,808,808,808,808,808,828,0,0,828,828,828,828,947,0,0,0,0,0,0,0,0,0,0,0,0,0,0,0,0,0,0,0,0,0,0,0,0,0,0,0,0,0,0,0,0,0,0,0,0,0,0,0,0,0,0,0,0,0,0,0,0,0,0,0,0,0,0,0,0,0,0,0,0,0,0,0,0,0,0,0,0,0,0,0,0,0,0,0,0,0,0,0,0,0,0,0,0,0,0,0,0,0,0,0,0,0,0,0,0,0,0,0,0,0,0,0,0,0,1949,1949,1949,0,0,0,0,1069,1069,920,1069,0,0,0,0,0,0,0,0,0,0,0,0,0,0,0,0,0,0,0,0,0,0,0,0,0,0,0,0,0,0,0,0,0,0,0,0,0,0,0,0,0,0,0,0,0,0,3011,3011,2760,2760,2760,2760,2760,2760,2760,2760,0,0,0,3011,3011,0,0,0,0,0,0,0,0,2760,0,2760,0,0,0,2760,2760,2760,2760,2548,2548,2548,2548,2548,2548,2548,2548,0,0,0,0,2366,2366,2366,2366,3011,0,3011,2366,2366,2366,2366,2366,2548,2548,2548,2548,2366,2366,2366,2366,2366,2366,2366,2366,2366,2366,2366,2366,2366,2366,2366,2366,2366,2366,2366,2366,2366,2366,2366,2366,2366,2366,2366,2366,2366,2208,2208,2208,2208,2208,2208,2366,2366,2548,2366,2208,2208,2208,2208,2208,2208,2208,2208,2208,2208,2208,2208,2208,2208,2208,2208,2208,2208,2208,2208,2208,2208,2208,2208,2208,2208,2208,2208,2208,2208,2208,2208,2208,2208,2208,2208,2208,0,0,0,2208,2208,2208
663,676,676,676,663,676,676,676,676,676,663,663,663,663,676,676,676,676,676,676,676,676,676,676,690,690,690,690,690,690,690,690,690,690,690,705,705,705,705,705,705,705,705,705,705,705,705,705,705,720,720,720,720,720,720,720,720,720,720,720,720,736,736,736,736,736,736,736,736,736,736,736,736,736,736,736,753,753,753,753,753,753,753,753,753,753,753,753,753,771,771,771,771,771,771,771,771,771,771,771,771,771,771,771,771,771,771,789,789,789,789,789,789,789,789,789,789,789,789,789,789,789,789,789,789,789,808,808,808,808,808,808,808,808,808,808,828,828,828,828,828,828,828,828,828,828,828,828,828,828,828,828,828,828,850,850,850,850,850,850,850,850,850,850,0,850,850,828,828,828,850,850,850,850,0,0,0,0,0,0,0,0,0,0,0,0,0,0,0,0,0,0,0,0,0,0,0,0,0,0,0,0,0,0,0,0,0,0,0,0,0,1143,1143,1104,1104,1104,0,0,0,0,0,1104,1104,1104,1104,1104,1104,1104,1104,1104,1104,1104,1104,1104,1104,1104,1104,1104,1104,1104,1104,1104,1104,1104,1104,1104,1104,1104,1104,1104,1104,1104,1104,1104,1104,1104,1104,1104,1104,1104,1104,1104,1104,1104,1104,1104,1104,1104,1104,1104,1104,1104,1104,1104,1104,1104,1104,1104,1104,1104,1104,1104,1104,1104,1104,1104,1104,1104,1104,1104,1143,1143,1143,1143,1143,1143,1143,1143,1143,1143,1143,1143,1104,1104,1104,1143,1143,1143,1104,828,828,828,808,808,808,808,808,808,808,808,808,808,808,808,808,808,808,828,828,828,808,828,808,808,947,0,0,0,0,0,0,0,0,0,0,0,0,0,0,0,0,0,0,0,0,0,0,0,0,0,0,0,0,0,0,0,0,0,0,0,0,0,0,0,0,0,0,0,0,0,0,0,0,0,0,0,0,0,0,0,0,0,0,0,0,0,0,0,0,0,0,0,0,0,0,0,0,0,0,0,0,0,0,0,0,0,0,0,0,0,0,0,0,0,0,0,0,0,0,0,0,0,0,0,0,0,0,0,0,0,2208,2070,0,0,0,0,0,0,1069,1069,1069,0,0,0,0,0,0,0,0,0,0,0,0,0,0,0,0,0,0,0,0,0,0,0,0,0,0,0,0,0,0,0,0,0,0,0,0,0,0,0,0,6624,6624,0,0,0,0,6624,3011,3011,2760,2760,2760,2760,2760,2760,0,0,0,0,0,0,0,0,0,0,0,0,0,0,0,0,0,0,0,0,0,0,2760,2760,2760,2548,2548,2548,2548,2548,2548,2548,0,0,0,0,2366,2366,2366,2366,3011,0,3011,2366,2366,2366,2366,2366,2548,2548,2548,2548,2548,2366,2366,2366,2366,2366,2366,2366,2366,2366,2366,2366,2366,2366,2366,2366,2366,2366,2366,2366,2366,2366,2366,2366,2366,2366,2366,2366,2366,2208,2208,2208,2208,2208,2208,2366,2366,2366,2366,2208,2208,2208,2208,2208,2208,2208,2208,2208,2208,2208,2208,2208,2208,2208,2208,2208,2208,2208,2208,2208,2208,2208,2208,2208,2208,2208,2208,2208,2208,2208,2208,2208,2208,2208,2208,2208,2208,2208,2208,2208,2208,2208
663,676,663,663,663,663,663,663,663,663,663,663,663,663,676,676,676,676,676,676,676,676,676,676,690,690,690,690,690,690,690,690,690,690,705,705,705,705,705,705,705,705,705,705,705,705,705,705,705,720,720,720,720,720,720,720,720,720,720,720,720,736,736,736,736,736,736,736,736,736,736,736,736,736,736,736,753,753,753,753,753,753,753,753,753,753,753,753,771,771,771,771,771,771,771,771,771,771,771,771,771,771,771,771,771,771,771,789,789,789,789,789,789,789,789,789,789,789,789,789,789,808,789,808,808,808,808,808,808,808,808,808,808,808,808,808,828,828,828,828,828,828,828,828,828,828,828,828,828,828,828,828,828,828,828,850,850,850,850,850,850,850,850,850,828,828,828,828,828,828,828,828,828,828,828,828,828,828,828,828,828,0,0,0,0,0,0,0,0,0,0,0,0,828,828,828,828,828,0,0,0,0,0,0,0,0,0,0,0,0,0,1143,1143,1143,1143,1143,0,0,0,0,0,0,1143,1143,1143,1104,1104,1104,1104,1104,1104,1104,1104,1104,1104,1104,1104,1104,1104,1104,1104,1104,1104,1104,1104,1104,1104,1104,1104,1104,1104,1104,1104,1104,1104,1104,1104,1104,1104,1104,1104,1104,1104,1104,1104,1104,1104,1104,1104,1104,1104,1104,1104,1104,1104,1104,1104,1104,1104,1104,1104,1104,1104,1104,1104,1104,1104,1104,1104,1104,1143,1143,1143,1143,1143,1143,1143,1143,1143,1143,1143,1143,1104,1104,1104,1143,1143,1143,1143,828,828,828,808,808,808,808,808,808,808,808,808,808,808,808,808,808,808,828,828,828,808,808,808,808,947,0,0,0,0,0,0,0,0,0,0,0,0,0,0,0,0,0,0,0,0,0,0,0,0,0,0,0,0,0,0,0,0,0,0,0,0,0,0,0,0,0,0,0,0,0,0,0,0,0,0,0,0,0,0,0,0,0,0,0,0,0,0,0,0,0,0,0,1656,0,0,0,0,0,0,0,0,0,0,0,0,0,0,0,0,0,0,0,0,0,0,0,0,0,0,0,0,0,0,0,0,0,0,0,0,0,0,2208,0,0,0,0,0,0,0,0,1069,0,0,0,0,0,0,0,0,0,0,0,0,0,0,0,0,0,0,0,0,0,0,0,0,0,0,0,0,0,0,0,0,0,0,0,0,0,0,0,0,6624,6624,0,0,0,0,6624,3011,3011,3011,2760,2760,2760,2760,2760,0,0,0,0,0,0,0,0,0,0,0,0,0,0,0,0,0,2366,2366,0,2760,2760,2760,2760,2548,2548,2548,2548,2548,2760,2548,2548,0,0,0,0,2366,2366,2366,2366,0,0,3011,2366,2366,2366,2366,2366,2548,2548,2548,2548,2548,2366,2366,2366,2366,2366,2366,2366,2366,2548,2548,2548,2366,2366,2366,2366,2366,2366,2366,2366,2366,2366,2366,2366,2366,2366,2366,2366,2366,2208,2208,2208,2208,2208,2208,2366,2366,2366,2366,2208,2208,2208,2208,2208,2208,2208,2208,2208,2208,2208,2208,2208,2208,2208,2208,2208,2208,2208,2208,2208,2208,2208,2208,2208,2208,2208,2208,2208,2208,2208,2208,2208,2208,2208,2208,2208,2208,2208,2208,2208,2208,2208
676,676,663,663,663,663,663,663,676,676,663,663,663,663,676,676,676,676,676,676,676,676,676,676,676,690,690,690,690,690,690,690,690,690,705,705,705,705,705,705,705,705,705,705,705,705,705,705,705,720,720,720,720,720,720,720,720,720,720,720,720,736,736,736,736,736,736,736,736,736,736,736,736,736,736,736,736,753,753,753,753,753,753,753,753,753,753,771,771,771,771,771,771,771,771,771,771,771,771,771,771,771,771,771,771,771,789,789,789,789,789,789,789,789,789,789,789,789,789,789,808,808,789,808,808,808,808,808,808,808,808,808,808,808,808,808,828,828,828,828,828,828,828,828,828,828,828,828,828,828,828,828,828,828,828,828,850,828,828,850,850,828,850,850,828,828,828,828,828,828,828,828,828,828,828,828,828,828,828,828,828,828,828,828,828,828,828,0,0,0,828,828,828,828,828,828,828,828,828,0,0,0,0,0,0,0,0,0,0,0,0,0,1183,1143,1183,0,0,0,0,0,0,0,0,0,0,0,1143,1183,1104,1104,1104,1104,1104,1104,1104,1104,1104,1104,1104,1104,1104,1104,1104,1104,1104,1104,1104,1104,1104,1104,1104,1104,1104,1104,1104,1104,1104,1104,1104,1104,1104,1104,1104,1104,1104,1104,1104,1104,1104,1104,1104,1104,1104,1104,1104,1104,1104,1104,1104,1104,1104,1104,1104,1104,1104,1104,1104,1104,1104,1143,1143,1143,1143,1143,1143,1143,1143,1143,1143,1143,1143,1143,1143,1143,1143,1143,1183,1143,1143,828,828,828,808,808,808,808,808,808,808,808,808,808,808,808,808,808,808,808,828,808,808,808,808,808,975,0,0,0,0,0,0,0,0,0,0,0,0,1004,1004,1004,1004,1004,0,0,0,0,0,0,0,0,0,0,0,0,0,0,0,0,0,0,0,0,0,0,0,0,0,0,0,0,0,0,0,0,0,0,0,0,0,0,0,0,0,0,0,0,0,0,0,0,0,0,1744,0,0,0,0,0,0,0,0,0,0,0,0,0,0,0,0,0,0,0,0,0,0,0,0,0,0,0,0,0,0,0,0,0,0,0,0,0,0,0,0,0,0,0,0,0,0,0,0,0,0,0,0,0,0,0,0,0,0,0,0,0,0,0,0,0,0,0,0,0,0,0,0,0,0,0,0,0,0,0,0,0,0,0,0,0,0,0,6624,6624,6624,0,0,0,0,0,6624,3011,3011,2760,2760,2760,2760,2760,0,0,0,0,0,0,0,0,0,0,0,0,0,0,0,0,2548,2366,2366,2760,2760,2760,2760,2760,2548,2548,2548,2548,2548,2548,2548,2548,2548,0,0,0,2760,2366,2366,2548,3011,0,3011,2366,2366,2366,2366,2366,2548,2548,2548,2548,2548,2548,2366,2366,2366,2366,2366,2366,2366,2548,2548,2548,2366,2366,2366,2366,2366,2366,2366,2366,2366,2366,2366,2366,2366,2366,2366,2366,2366,2366,2208,2208,2208,2208,2208,2366,2366,2366,2366,2208,2208,2208,2208,2208,2208,2208,2208,2208,2208,2208,2208,2208,2208,2208,2208,2208,2208,2208,2208,2208,2208,2208,2208,2208,2208,2208,2208,2208,2208,2208,2208,2208,2208,2208,2208,2208,2208,2208,2208,2208,2208,2208
676,676,676,663,663,663,663,663,676,676,663,663,676,676,676,676,676,676,676,676,676,676,676,676,676,690,690,690,690,690,690,690,690,690,690,705,705,705,705,705,705,705,705,705,705,705,705,720,720,720,720,720,720,720,720,720,720,720,720,720,720,736,736,736,736,736,736,736,736,736,736,736,736,736,736,736,736,753,753,753,753,753,753,753,753,753,753,771,771,771,771,771,771,771,771,771,771,771,771,771,771,771,771,771,771,789,789,789,789,789,789,789,789,789,789,789,789,789,789,789,808,808,789,808,808,808,808,808,808,808,808,808,808,808,808,808,828,828,828,828,828,828,828,828,828,828,828,828,828,828,828,828,828,828,828,828,828,850,850,850,850,850,850,850,828,828,828,828,828,828,828,828,828,828,828,828,828,828,828,828,828,828,828,828,828,828,828,850,0,828,828,828,828,828,828,828,828,828,828,850,0,0,0,0,0,0,0,0,0,0,0,0,1183,1183,0,0,0,0,0,0,0,0,0,0,0,0,0,0,1143,1104,1104,1104,1104,1104,1104,1104,1104,1104,1104,1104,1104,1104,1104,1104,1104,1104,1104,1104,1104,1104,1104,1104,1104,1104,1104,1104,1104,1104,1069,1069,1069,1104,1104,1104,1104,1104,1104,1104,1104,1104,1104,1104,1104,1104,1104,1104,1104,1104,1104,1104,1104,1104,1104,1104,1104,1104,1104,1104,1143,1143,1143,1143,1143,1143,1143,1143,1143,1143,1183,1183,1143,1143,1143,1143,1143,1143,1183,1143,1143,828,828,828,808,808,808,808,808,808,808,808,808,808,808,808,808,808,808,828,0,0,808,0,808,947,0,0,0,0,0,0,0,0,0,0,1004,975,975,975,975,1004,1004,1004,1004,1004,0,1004,975,975,975,1004,0,0,0,0,0,0,0,0,0,0,0,0,0,0,0,0,0,1004,0,0,0,0,0,0,0,0,0,0,0,0,0,0,0,0,0,0,0,0,0,0,0,0,1744,0,0,0,0,0,0,0,0,0,0,0,0,0,0,0,0,0,0,0,0,0,0,0,0,0,0,0,0,0,0,0,0,0,0,0,0,0,0,0,0,0,0,0,0,0,0,0,0,0,0,0,0,0,0,0,0,0,0,0,0,0,0,0,0,0,0,0,0,0,0,0,0,0,0,0,0,0,0,0,0,0,0,0,0,0,0,0,6624,6624,6624,0,0,0,0,0,0,3011,3011,2760,2760,2760,2760,0,0,0,0,0,0,0,0,0,0,0,0,0,0,0,0,0,2366,2208,2208,2366,2760,2760,2760,2366,2366,2366,2366,2548,2548,2548,2548,2548,2548,2760,0,2760,2366,2366,2366,2366,2366,2548,2366,2366,2366,2366,2366,2366,2366,2366,2548,2548,2366,2366,2366,2366,2366,2366,2366,2366,2366,2366,2366,2366,2366,2366,2366,2366,2366,2366,2366,2366,2366,2366,2366,2366,2366,2366,2366,2366,2366,2208,2208,2208,2208,2208,2366,2366,2366,2366,2366,2208,2208,2208,2208,2208,2208,2208,2208,2208,2208,2208,2208,2208,2208,2208,2208,2208,2208,2208,2208,2208,2208,2208,2208,2208,2208,2208,2208,2366,2366,2208,2208,2208,2208,2208,2208,2208,2208,2208,2208,2208,2208,2208
676,676,663,663,663,663,663,663,676,676,663,663,676,676,676,676,676,676,676,676,676,676,676,676,676,690,690,690,690,690,690,690,690,690,690,705,705,705,705,705,705,705,705,705,705,705,705,720,720,720,720,720,720,720,720,720,720,720,720,720,720,720,736,736,736,736,736,736,736,736,736,736,736,736,736,736,736,753,753,753,753,753,753,753,753,753,753,771,771,771,771,771,771,771,771,771,771,771,771,771,771,771,771,771,771,771,771,789,789,789,789,789,789,789,789,789,789,789,789,789,789,789,789,789,789,789,808,808,808,808,808,808,808,808,808,808,808,828,828,828,828,828,828,828,828,828,828,828,828,828,828,828,828,828,828,828,850,850,850,850,850,850,850,850,828,828,828,828,828,828,828,828,828,828,828,828,828,828,828,828,828,828,828,828,828,850,850,850,850,850,850,850,828,828,828,828,828,828,828,850,0,0,0,0,0,0,0,0,0,0,0,0,1183,1183,0,0,0,0,0,0,0,0,0,0,0,0,0,0,1183,1143,1143,1143,1143,1143,1143,1143,1143,1104,1104,1104,1104,1143,1143,1143,1104,1104,1104,1104,1104,1143,1143,1143,1143,1143,1143,1104,1104,1104,1069,1069,1069,1104,1104,1104,1104,1104,1104,1104,1104,1104,1104,1143,1143,1143,1104,1104,1104,1104,1104,1104,1104,1104,1104,1104,1104,1104,1104,1143,1143,1143,1143,1143,1143,1143,1143,1143,1143,1183,1183,1183,1183,1183,1183,1143,1143,1183,1183,1183,1143,828,828,828,808,808,808,808,808,808,808,808,808,808,808,808,808,808,808,828,0,0,808,808,808,808,0,0,0,0,0,0,0,0,0,0,1004,975,975,975,975,1004,1004,1004,1004,1004,1004,1004,975,975,975,1004,0,0,0,0,0,0,0,0,0,0,0,0,0,0,0,0,0,1004,0,0,0,0,0,0,0,0,0,0,0,0,0,0,0,0,0,0,0,0,0,0,0,0,0,0,0,0,0,0,0,0,0,0,0,0,0,0,0,0,0,0,0,0,0,0,0,0,0,0,0,0,0,0,0,0,0,0,0,0,0,0,0,0,0,0,0,0,0,0,0,0,0,0,0,0,0,0,0,0,0,0,0,0,0,0,0,0,0,0,0,0,0,0,0,0,0,0,0,0,0,0,0,0,0,0,0,0,0,0,5520,6624,6624,6624,6624,0,0,0,0,0,0,3011,3011,3011,2760,2760,0,0,0,0,0,0,0,0,0,0,0,0,0,0,0,0,0,0,3011,2208,2208,0,0,0,2760,2760,2366,2366,2548,2548,2548,2548,2548,2548,2548,2548,2548,2548,2366,2366,2366,2366,2366,2366,2366,2366,2366,2366,2366,2366,2366,2366,2548,2366,2366,2366,2366,2366,2366,2366,2366,2366,2366,2366,2366,2366,2366,2366,2366,2366,2366,2366,2366,2366,2366,2366,2548,2366,2366,2366,2366,2366,2366,2366,2208,2208,2208,2208,2366,2366,2366,2366,2366,2208,2208,2208,2208,2208,2208,2208,2208,2208,2208,2208,2208,2208,2208,2208,2208,2070,2208,2070,2070,2208,2208,2208,2208,2208,2208,2208,2366,2366,2366,2208,2208,2208,2208,2208,2208,2208,2208,2208,2208,2208,2208,2208
676,663,663,663,663,663,663,663,663,663,663,663,663,663,676,676,676,676,676,676,676,676,676,676,690,690,690,690,690,690,690,690,690,690,690,705,705,705,705,705,705,705,705,705,705,705,705,720,720,720,720,720,720,720,720,720,720,720,720,720,720,720,736,736,736,736,736,736,736,736,736,736,736,736,736,736,736,753,753,753,753,753,753,753,753,753,771,771,771,771,771,771,771,771,771,771,771,771,771,771,771,771,771,771,771,771,771,771,789,789,789,789,789,789,789,789,789,789,789,789,789,789,789,789,789,789,808,808,808,808,808,808,808,808,808,808,808,828,828,828,828,828,828,828,828,828,828,828,828,828,828,828,828,850,850,850,850,850,850,850,850,850,850,850,850,828,828,828,828,828,828,828,828,850,850,850,850,850,828,828,828,828,828,828,850,850,850,850,850,850,850,850,850,850,850,828,828,828,850,850,850,850,0,0,0,0,0,0,0,0,0,0,1183,1183,0,0,0,0,0,0,0,0,0,0,0,0,0,0,1183,1143,1143,1143,1143,1143,1143,1143,1143,1104,1143,1143,1143,1143,1143,1143,1143,1104,1104,1104,1104,1143,1143,1143,1143,1143,1143,1143,1104,1104,1069,1069,1069,1104,1104,1104,1104,1104,1104,1104,1104,1104,1104,1143,1143,1143,1143,1143,1104,1104,1104,1104,1104,1104,1104,1104,1104,1143,1104,1143,1143,1143,1143,1143,1143,1143,1143,1143,1183,1183,1183,1183,1183,1183,1183,1143,1183,1183,1183,1183,1183,828,828,828,808,808,808,808,808,808,808,808,808,808,808,808,808,808,808,828,0,0,808,808,808,808,0,0,0,0,0,0,0,0,0,0,1004,975,975,975,975,1004,1004,1004,1004,1004,0,0,1004,975,1004,0,0,0,0,0,0,0,0,0,0,0,0,0,0,0,0,0,0,0,0,0,0,0,0,0,0,0,0,0,0,0,0,0,0,0,0,0,0,0,0,0,0,0,0,0,0,0,0,0,0,0,0,0,0,0,0,0,0,0,0,0,0,0,0,0,0,0,0,0,0,0,0,0,0,0,0,0,0,0,0,0,0,0,0,0,0,0,0,0,0,0,0,0,0,0,0,0,0,0,0,0,0,0,0,0,0,0,0,0,0,0,0,0,0,0,0,0,0,0,0,0,0,0,0,0,0,0,0,0,5520,6624,6624,6624,6624,6624,0,0,0,0,0,3011,3011,3011,2760,2760,0,0,0,0,0,0,0,0,0,0,0,0,0,0,0,0,0,3011,2208,2208,2208,3011,0,0,0,2760,2366,2366,2548,2548,2548,2548,2548,2548,2548,2548,2548,2366,2366,2366,2366,2366,2366,2366,2366,2366,2366,2366,2366,2366,2548,2548,2548,2548,2548,2366,2366,2366,2366,2366,2366,2366,2366,2366,2366,2548,2366,2366,2366,2366,2366,2366,2366,2366,2366,2548,2548,2548,2366,2366,2366,2366,2366,2366,2208,2208,2208,2208,2366,2366,2366,2366,2366,2208,2208,2208,2208,2208,2208,2208,2208,2208,2208,2208,2208,2208,2208,2208,2208,2070,2070,2070,2070,2208,2208,2208,2208,2208,2208,2208,2366,2366,2548,2548,2208,2208,2208,2208,2208,2208,2208,2208,2208,2208,2208,2208
663,663,663,663,663,663,663,663,663,663,663,663,663,663,663,676,676,676,676,676,676,676,676,676,690,690,690,690,690,690,690,690,690,690,705,705,705,705,705,705,705,705,705,705,705,705,720,720,720,720,720,720,720,720,720,720,720,720,720,720,720,720,736,736,736,736,736,736,736,736,736,736,736,736,736,736,736,753,753,753,753,753,753,753,753,753,753,771,771,771,771,771,771,771,771,771,771,771,771,771,771,771,771,771,771,771,771,789,789,789,789,789,789,789,789,789,789,789,789,789,789,789,789,789,789,808,808,808,808,808,808,808,808,808,808,808,808,828,828,828,828,828,828,828,828,828,828,828,828,828,828,828,850,850,850,850,850,850,850,850,850,850,850,850,850,850,850,828,828,850,850,850,850,850,850,850,850,850,850,850,850,850,850,850,850,850,850,850,850,850,0,0,850,850,850,850,850,850,850,850,0,0,0,0,0,0,0,0,0,0,0,0,0,0,0,0,0,0,0,0,0,0,0,0,0,0,0,0,1183,1143,1143,1143,1143,1143,1143,1143,1143,1143,1143,1143,1143,1143,1143,1143,1143,1143,1104,1104,1143,1143,1143,1143,1143,1143,1143,1143,1104,1104,1069,1069,1069,1104,1104,1104,1104,1104,1104,1104,1104,1104,1143,1143,1143,1143,1143,1143,1104,1104,1104,1104,1104,1104,1104,1104,1143,1143,1143,1143,1143,1143,1143,1143,1143,1143,1143,1143,1183,1183,1183,1183,1183,1183,1183,1143,1183,1183,1183,1183,1183,828,828,828,808,808,808,808,808,808,808,808,808,808,808,808,808,808,808,828,828,0,808,0,0,0,0,0,0,0,0,0,0,0,0,0,0,0,0,0,1004,1004,1004,0,0,0,0,0,0,0,0,0,0,0,0,0,0,0,0,0,0,0,0,0,0,0,0,0,0,0,0,0,0,0,0,0,0,0,0,0,0,0,0,0,0,0,0,0,0,0,0,0,0,0,0,0,0,0,0,0,0,0,0,0,0,0,0,0,0,0,0,0,0,0,0,0,0,0,0,0,0,0,0,0,0,0,0,0,0,0,0,0,0,0,0,0,0,0,0,0,0,0,0,0,0,0,0,0,0,0,0,0,0,0,0,0,0,0,0,0,0,0,0,0,0,0,0,0,0,0,0,0,0,0,0,0,0,0,0,0,5520,6624,6624,6624,6624,8280,0,0,0,0,0,3011,2760,2760,2760,2760,0,0,0,0,0,0,0,0,0,0,0,0,0,0,0,0,0,3011,2548,2208,2208,0,0,0,0,2548,2548,2548,2548,2548,2548,2548,2548,2548,2548,2548,2548,2548,2366,2366,2366,2366,2366,2366,2366,2366,2366,2366,2366,2548,2548,2548,2548,2548,2366,2366,2366,2366,2366,2366,2366,2366,2366,2366,2366,2366,2366,2366,2366,2366,2366,2366,2366,2366,2366,2548,2548,2366,2366,2366,2366,2366,2366,2366,2208,2208,2208,2208,2366,2366,2366,2366,2366,2366,2208,2208,2208,2208,2208,2208,2208,2208,2208,2208,2208,2208,2208,2208,2070,2070,2070,2070,2070,2070,2208,2208,2208,2208,2208,2208,2366,2548,2760,2760,2208,2208,2208,2208,2208,2208,2208,2208,2208,2208,2208,2208
663,663,663,663,663,663,663,663,663,663,663,663,663,663,663,676,676,676,676,676,676,676,676,690,690,690,690,690,690,690,690,690,690,690,705,705,705,705,705,705,705,705,720,720,720,720,720,720,720,720,720,720,720,720,720,720,720,720,720,720,720,736,736,736,736,736,736,736,736,736,736,736,736,736,736,736,736,753,753,753,753,753,753,753,753,753,753,771,771,771,771,771,771,771,771,771,771,771,771,771,771,771,771,771,771,771,771,771,789,789,789,789,789,789,789,789,789,789,789,789,789,789,789,789,789,789,789,808,808,808,808,808,808,808,808,808,808,828,828,828,828,828,828,828,828,828,828,828,828,828,828,850,850,850,850,850,850,850,850,850,850,850,850,850,850,850,850,828,850,850,850,850,850,850,850,850,850,850,850,850,850,850,850,850,850,850,850,850,0,0,0,0,0,0,850,850,850,850,850,850,0,0,0,0,0,0,0,0,0,0,0,0,0,0,0,0,0,0,0,0,0,0,0,0,0,0,0,0,1143,1143,1143,1143,1143,1143,1143,1143,1143,1143,1143,1143,1143,1143,1143,1143,1143,1143,1143,1143,1143,1143,1143,1143,1143,1143,1143,1143,1143,1104,1104,1104,1104,1104,1104,1104,1104,1104,1104,1104,1104,1143,1143,1143,1143,1143,1143,1143,1143,1143,1143,1104,1143,1143,1143,1143,1143,1143,1143,1143,1143,1143,1143,1143,1143,1143,1143,1143,1143,1183,1183,1183,1183,1143,1143,1143,1143,1183,1183,1183,1183,828,828,828,808,808,808,808,808,808,808,808,808,808,808,808,808,808,808,808,828,808,808,808,808,975,0,0,0,0,0,0,0,0,0,0,0,0,0,0,0,0,0,0,0,0,0,0,0,0,0,0,0,0,0,0,0,0,0,0,0,0,0,0,0,0,0,0,0,0,0,0,0,0,0,0,0,0,0,0,0,0,0,0,0,0,0,1744,1744,1744,1656,1656,0,0,0,0,0,0,0,0,0,0,0,0,0,0,0,0,0,0,0,0,0,0,0,0,0,0,0,0,0,0,0,0,0,0,0,0,0,0,0,0,0,0,0,0,0,0,0,0,0,0,0,0,0,0,0,0,0,0,0,0,0,0,0,0,0,0,0,0,0,0,0,0,0,0,0,0,0,0,0,0,0,0,0,0,0,0,4140,0,5520,6624,6624,6624,6624,8280,0,0,0,0,3011,3011,2760,2760,2760,2760,0,0,0,0,0,0,0,0,0,0,0,0,0,0,0,0,0,3011,2548,3011,2760,0,0,0,2760,2548,2548,2548,0,2548,2548,2548,2548,2548,2548,2548,2548,2548,2366,2366,2366,2366,2366,0,2366,2366,2366,2366,2366,2548,2548,2548,2548,2548,2366,2366,2366,2366,2366,2366,2366,2366,2366,2366,2366,2366,2366,2366,2366,2366,2366,2366,2366,2366,2548,2548,2548,2548,2366,2366,2366,2366,2366,2208,2208,2208,2208,2208,2366,2366,2366,2366,2366,2366,2208,2208,2208,2208,2070,2208,2070,2208,2070,2208,2208,2208,2208,2208,2070,2070,2070,2070,2070,2070,2208,2208,2208,2208,2208,2208,2366,2548,0,0,2208,2208,2208,2208,2208,2208,2208,2208,2208,2208,2208,2208
663,663,663,663,663,663,663,663,663,663,663,663,663,663,676,676,676,676,676,676,676,676,676,690,690,690,690,690,690,690,690,690,690,705,705,705,705,705,705,705,705,705,720,720,720,720,720,720,720,720,720,720,720,720,720,720,720,720,720,720,720,736,736,736,736,736,736,736,736,736,736,736,736,736,736,736,753,753,753,753,753,753,753,753,753,753,753,753,771,771,771,771,771,771,771,771,771,771,771,771,771,771,771,771,771,771,771,771,789,789,789,789,789,789,789,789,789,789,789,789,789,789,789,789,789,789,789,808,808,808,808,808,808,808,808,808,808,828,828,828,828,828,828,828,828,828,828,828,828,828,828,850,850,850,850,850,850,850,850,850,850,850,850,850,850,850,850,850,850,850,850,850,850,850,850,850,850,850,850,850,850,850,850,850,850,850,850,850,850,0,0,0,0,0,850,850,850,850,850,850,850,850,0,0,0,0,0,0,0,0,0,0,0,0,0,0,0,0,0,0,0,0,0,0,0,0,0,0,1143,1143,1143,1143,1143,1143,1143,1143,1143,1143,1143,1143,1143,1143,1143,1143,1143,1143,1143,1143,1143,1143,1143,1143,1143,1143,1183,0,0,1143,1143,1104,1104,1104,1104,1104,1104,1104,1104,1104,1143,1143,1143,1143,1143,1143,1143,1143,1143,1143,1143,1143,1143,1143,1143,1143,1143,1143,1143,1143,1143,1143,1143,1143,1143,1143,1143,1143,1143,1183,1183,1183,1183,1143,1143,1143,1143,1183,1183,1183,1183,828,828,828,808,808,808,808,808,808,808,808,808,808,808,808,808,808,808,808,828,808,808,808,808,808,0,0,0,0,0,0,0,0,0,0,0,0,0,0,0,0,0,0,0,0,0,0,0,0,0,0,0,0,0,0,0,0,0,0,0,0,0,0,0,0,0,0,0,0,0,0,0,0,0,0,0,0,0,0,0,0,0,0,0,0,1744,1744,1744,1744,1656,0,0,0,0,0,0,0,1744,0,0,1744,0,0,0,0,0,0,0,0,0,0,0,0,0,0,0,0,0,0,0,0,0,0,0,0,0,0,0,0,0,0,0,0,0,0,0,0,0,0,0,0,0,0,0,0,0,0,0,0,0,0,0,0,0,0,0,0,0,0,0,0,0,0,0,0,0,0,0,0,0,0,0,0,0,0,3312,3312,4140,4732,4732,6624,6624,6624,6624,6624,0,0,0,6624,3011,3011,2760,2760,2760,2760,2760,0,0,0,0,0,0,0,0,0,0,0,0,0,0,0,2548,2548,2548,3011,2760,0,0,0,2760,2548,2548,2548,0,2548,2548,2548,2548,2548,2548,2548,2548,2548,2366,2366,2366,2366,0,0,2366,2366,2366,2366,2366,2548,2548,2548,2548,2548,2548,2366,2366,2366,2366,2366,2366,2366,2366,2366,2366,2548,2366,2366,2366,2366,2366,2366,2366,2366,2366,2548,2548,2548,2366,2366,2366,2366,2366,2366,2208,2208,2208,2366,2366,2366,2366,2366,2366,2366,2208,2366,2070,2208,2070,2208,2208,2208,2208,2208,2208,2208,2208,2208,2070,2070,2070,2070,2070,2070,2208,2208,2208,2208,2208,2208,2366,2548,0,0,2208,2208,2208,2208,2208,2208,2208,2208,2208,2208,2208,2208
676,676,663,663,663,663,663,663,663,663,663,663,663,663,676,676,676,676,676,676,676,676,676,690,690,690,690,690,690,690,690,690,705,705,705,705,705,705,705,705,705,705,720,720,720,720,720,720,720,720,720,720,720,720,720,720,720,720,720,720,720,720,736,736,736,736,736,736,736,736,736,736,736,736,736,736,753,753,753,753,753,753,753,753,753,753,753,753,753,771,771,771,771,771,771,771,771,771,771,771,771,771,771,771,771,771,771,771,789,789,789,789,789,789,789,789,789,789,789,789,789,789,789,808,808,808,808,808,808,808,808,808,808,808,808,808,808,828,828,828,828,828,828,828,828,828,828,828,828,828,828,850,850,850,850,850,850,850,850,850,850,850,850,850,850,850,850,0,850,850,850,850,850,850,850,850,850,850,850,850,850,850,850,850,850,850,850,850,850,0,0,0,0,0,0,850,850,850,850,850,850,850,0,0,0,0,0,0,0,0,0,0,0,0,0,0,0,0,0,0,0,0,0,0,0,0,0,0,1143,1143,1143,1143,1143,1143,1143,1143,1143,1143,1143,1143,1143,1143,1143,1143,1143,1143,1143,1143,1143,1143,1143,1143,1143,0,0,0,0,0,1143,1104,1104,1104,1104,1104,1104,1104,1104,1104,1143,1143,1143,1143,1143,1143,1143,1143,1143,1143,1143,1143,1143,1143,1143,1143,1143,1143,1143,1143,1143,1143,1143,1143,1143,1143,1143,1143,1143,1183,1183,1183,1183,1143,1143,1143,1143,1183,1183,1183,1183,828,828,828,808,808,808,808,808,808,808,808,808,808,808,808,808,808,808,828,828,808,808,808,808,808,0,0,0,0,0,0,0,0,0,0,0,0,0,0,0,0,0,0,0,0,0,0,0,0,0,0,0,0,0,0,0,0,0,0,0,0,0,0,0,0,0,0,0,0,0,0,0,0,0,0,0,0,0,0,0,0,0,0,0,0,0,1744,1744,1744,1744,0,0,0,0,0,1744,1656,1656,1744,1744,0,0,0,0,0,0,0,0,0,0,0,0,0,0,0,0,0,0,0,0,0,0,0,0,0,0,0,0,0,0,0,0,0,0,0,0,0,0,0,0,0,0,0,0,0,0,0,0,0,0,0,0,0,0,0,0,0,0,0,0,0,0,0,0,0,0,0,0,0,0,0,0,0,0,0,3312,3312,4140,4732,4732,6624,6624,6624,6624,6624,6624,16560,0,6624,3011,2760,2760,2760,2760,2760,2760,2760,0,0,0,0,0,0,0,0,0,0,0,0,0,0,2548,2548,2548,2366,2366,2760,2760,2760,2548,2548,2548,2548,2548,2548,2548,2548,2548,2548,2548,2548,2548,2548,2366,2548,2548,2548,2548,0,2366,2366,2366,2366,2548,2548,2548,2548,2548,2548,2548,2366,2366,2366,2366,2366,2366,2366,2366,2548,2548,2548,2366,2366,2366,2366,2366,2366,2366,2366,2366,2548,2548,2548,2366,2366,2366,2366,2366,2366,2366,2366,2366,2366,2366,2366,2366,2366,2366,2366,2208,2208,2070,2208,2208,2208,2208,2208,2208,2208,2208,2208,2208,2208,2208,2070,2070,2070,2070,2208,2208,2208,2208,2208,2208,2208,2366,2548,3312,0,2760,2208,2208,2208,2208,2208,2208,2208,2208,2208,2208,2208
676,676,663,663,663,663,663,663,663,663,663,663,663,676,676,676,676,676,676,676,676,676,676,690,690,690,690,690,690,690,690,690,705,705,705,705,705,705,705,705,705,705,720,720,720,720,720,720,720,720,720,720,720,720,720,720,720,720,720,720,720,736,736,736,736,736,736,736,736,736,736,736,736,736,736,736,753,753,753,753,753,753,753,753,753,753,753,753,753,771,771,771,771,771,771,771,771,771,771,771,771,771,771,771,771,771,771,771,789,789,789,789,789,789,789,789,789,789,789,789,789,789,789,808,808,808,808,808,808,808,808,808,808,808,808,808,808,828,828,828,828,828,828,828,828,828,828,828,828,828,828,828,850,850,850,850,850,850,850,850,850,850,850,850,850,850,0,0,850,850,850,850,850,850,850,850,850,850,850,850,850,850,850,850,850,850,850,850,0,0,0,0,0,0,0,850,850,850,850,850,850,850,0,0,0,0,0,0,0,0,0,0,0,0,0,0,0,0,0,0,0,0,0,0,0,0,0,0,1143,1143,1143,1143,1143,1143,1143,1143,1143,1143,1143,1143,1143,1143,1143,1143,1143,1143,1143,1143,1143,1143,1143,1143,1143,0,0,0,0,0,0,0,1069,1069,1104,1104,1104,1104,1104,1104,1143,1143,1143,1143,1143,1143,1143,1143,1143,1143,1143,1143,1143,1143,1143,1143,1143,1143,1143,1143,1143,1143,1143,1143,1143,1143,1143,1143,1143,1183,1183,1183,1183,1143,1143,1143,1143,1183,1183,1183,1183,828,828,828,808,808,808,808,808,808,808,808,808,808,808,808,808,808,828,828,828,828,808,850,828,0,0,0,0,0,0,0,0,0,0,0,0,0,0,0,0,0,0,0,0,0,0,0,0,0,0,0,0,0,0,0,0,0,0,0,0,0,0,0,0,0,0,0,0,0,0,0,0,0,0,0,0,0,0,0,0,0,0,0,0,0,0,0,1744,0,0,0,0,0,0,0,0,1656,1656,1744,1744,0,0,0,0,0,0,0,0,0,0,0,0,1840,0,1840,0,0,0,0,0,0,0,0,0,0,0,0,0,0,0,0,1840,0,0,0,0,0,0,0,0,0,0,0,0,0,0,0,0,0,0,0,0,0,0,0,0,0,0,0,0,0,0,0,0,0,0,0,0,0,0,0,0,0,0,0,0,0,4140,4732,5520,6624,6624,6624,6624,16560,0,0,0,0,6624,3011,3011,2760,2760,2760,2760,2760,0,0,0,0,0,0,0,0,0,0,0,0,0,0,2548,2548,2548,2366,2366,2548,2548,2548,2548,2548,2548,2548,2548,2548,2548,2548,2548,2548,2548,2548,2548,2548,2366,2548,2548,2548,2548,2548,2366,2366,2366,2366,2366,2548,2548,2548,2548,2548,2548,2366,2366,2366,2366,2366,2366,2366,2366,2548,2548,2366,2366,2366,2366,2366,2366,2366,2366,2366,2366,2366,2366,2366,2366,2366,2366,2366,2366,2366,2366,2366,2366,2366,2366,2366,2366,2366,2366,2366,2208,2208,2208,2208,2208,2208,2208,2208,2208,2208,2208,2208,2208,2208,2208,2070,2208,2208,2070,2208,2208,2208,2208,2208,2208,2208,2366,2760,3312,0,3011,2208,2208,2208,2208,2208,2208,2208,2208,2208,2208,2208
676,663,663,663,663,663,663,663,663,663,663,663,676,676,676,676,676,676,676,676,676,676,676,690,690,690,690,690,690,690,690,690,705,705,705,705,705,705,705,705,705,705,720,720,720,720,720,720,720,720,720,720,720,720,720,720,720,720,720,720,720,736,736,736,736,736,736,736,736,736,736,736,736,736,736,736,753,753,753,753,753,753,753,753,753,753,753,753,753,771,771,771,771,771,771,771,771,771,771,771,771,771,771,771,771,771,771,771,789,789,789,789,789,789,789,789,789,789,789,789,789,789,789,808,808,808,808,808,808,808,808,808,808,808,808,808,808,828,828,828,828,828,828,828,828,828,828,828,828,828,828,828,850,850,850,850,850,850,850,850,850,850,850,850,0,0,0,0,0,850,850,850,850,850,850,850,850,850,850,850,850,850,850,850,850,850,850,850,0,0,0,0,0,0,0,850,850,850,850,850,850,850,0,0,0,0,0,0,0,0,0,0,0,0,0,0,0,0,0,0,0,0,0,0,0,0,0,0,1143,1143,1143,1143,1143,1143,1143,1143,1143,1143,1143,1143,1143,1143,1143,1143,1143,1143,1143,1143,1143,1143,1143,1143,1143,0,0,0,0,0,0,1143,1069,1104,1104,1104,1104,1104,1104,1104,1143,1143,1143,1143,1143,1143,1143,1143,1143,1143,1143,1143,1143,1143,1143,1143,1143,1143,1143,1143,1143,1143,1143,1143,1143,1143,1143,1143,1143,1183,1183,1183,1183,1143,1143,1143,1143,1183,1183,1183,1183,828,828,828,808,808,808,808,808,808,808,808,808,808,808,808,808,828,828,828,828,828,828,828,828,828,0,0,0,0,0,0,0,0,0,0,0,0,0,0,0,0,0,0,0,0,0,0,0,0,0,0,0,0,0,0,0,0,0,0,0,0,0,0,0,0,0,0,0,0,0,0,0,0,0,0,0,0,0,0,0,0,0,0,0,0,0,0,1744,0,0,0,0,0,0,0,0,0,1744,0,0,0,0,0,0,0,0,0,0,0,0,0,0,0,0,0,0,0,0,0,0,0,0,0,0,0,0,0,0,0,0,0,1840,1949,1949,0,0,0,0,0,0,0,0,0,0,0,0,0,0,0,0,0,0,0,0,0,0,0,0,0,0,0,0,0,0,0,0,0,0,0,0,0,0,0,0,0,0,0,16560,16560,5520,6624,6624,6624,6624,16560,33119,33119,16560,33119,6624,3011,3011,2760,2760,2760,0,0,0,0,0,0,0,0,0,0,0,0,0,0,0,0,2548,2548,2548,2366,2366,2548,2548,2548,2548,2548,2548,2548,2548,2548,2548,2548,2548,2548,2548,2548,2548,2548,2366,2548,2548,2548,2548,2548,2548,2366,2366,2366,2366,2548,2548,2548,2548,2548,2548,2548,2366,2366,2366,2366,2366,2366,2366,2366,2366,2366,2366,2366,2366,2366,2366,2366,2366,2366,2366,2366,2366,2366,2366,2366,2366,2366,2366,2366,2208,2208,2208,2208,2208,2366,2366,2366,2366,2208,2208,2208,2208,2208,2208,2208,2208,2208,2208,2208,2208,2208,2208,2208,2208,2070,2208,2208,2208,2208,2208,2208,2208,2208,2208,2208,2366,2760,3011,3312,3011,3011,2208,2208,2208,2208,2208,2208,2208,2208,2208,2208
663,663,663,663,663,663,663,676,676,676,676,676,676,676,676,676,676,676,676,676,676,676,690,690,690,690,690,690,690,690,690,690,705,705,705,705,705,705,705,705,705,705,720,720,720,720,720,720,720,720,720,720,720,720,720,720,720,720,720,720,720,736,736,736,736,736,736,736,736,736,736,736,736,736,736,736,753,753,753,753,753,753,753,753,753,753,753,753,753,771,771,771,771,771,771,771,771,771,771,771,771,771,771,771,771,771,771,789,789,789,789,789,789,789,789,789,789,789,789,789,789,808,808,808,808,808,808,808,808,808,808,808,808,808,808,808,828,828,828,828,828,828,828,828,828,828,828,828,828,828,828,828,850,850,850,850,850,850,850,850,850,850,850,850,0,0,0,0,0,850,850,850,850,850,850,850,850,850,850,850,850,850,850,850,850,850,850,850,850,0,0,0,0,0,850,850,850,850,850,850,850,850,850,0,0,0,0,0,0,0,0,0,0,0,0,0,0,0,0,0,0,0,0,0,0,0,0,0,1143,1143,1143,1143,1143,1143,1143,1143,1143,1143,1143,1143,1143,1143,1143,1143,1143,1143,1143,1143,1143,1143,1143,1143,1143,0,0,0,0,0,1104,1069,1069,1069,1104,1104,1104,1104,1104,1104,1143,1143,1143,1143,1143,1143,1143,1143,1143,1143,1143,1143,1143,1143,1143,1143,1143,1143,1143,1143,1143,1143,1143,1143,1143,1143,1143,1143,1183,1183,1183,1183,1183,1183,1183,1143,1143,1183,1183,1183,1183,828,828,828,808,808,808,808,808,808,808,808,808,808,808,808,808,828,828,850,828,828,828,850,828,850,0,0,0,0,0,0,0,0,0,0,0,0,0,0,0,0,0,0,0,0,0,0,0,0,0,0,0,0,0,0,0,0,0,0,0,0,0,0,0,0,0,0,0,0,0,0,0,0,0,0,0,0,0,0,0,0,0,0,0,0,0,0,1744,0,0,0,0,0,1744,0,0,0,1744,0,0,0,0,0,0,0,0,0,0,0,0,0,0,0,0,0,0,0,0,0,0,0,0,0,0,0,0,0,0,0,0,0,1840,1840,0,0,0,0,0,0,0,0,0,0,0,0,0,0,0,0,0,0,0,0,0,0,0,0,0,0,0,0,0,0,0,0,0,0,0,0,0,0,0,0,0,0,0,0,0,0,0,0,6624,6624,6624,16560,33119,33119,33119,33119,0,3011,3011,0,2760,2760,0,0,2760,0,0,0,0,0,0,0,0,0,0,0,0,0,2548,2548,2366,2366,2366,2548,2548,2548,2548,2548,2548,2548,2548,2548,2548,2548,2548,2548,2548,2548,2548,2548,2366,2366,2366,2366,2548,2548,2366,2366,2366,2366,2366,2548,2548,2548,2548,2548,2548,2548,2366,2366,2366,2366,2366,2366,2366,2366,2366,2366,2366,2366,2366,2366,2366,2366,2366,2366,2366,2366,2366,2366,2366,2366,2208,2366,2366,2366,2366,2366,2208,2208,2208,2208,2208,2366,2366,2208,2208,2208,2208,2208,2208,2208,2208,2208,2208,2208,2208,2208,2208,2208,2208,2070,2208,2208,2208,2208,2208,2208,2208,2208,2208,2208,2366,2760,3011,3312,3011,3011,2208,2208,2208,2208,2208,2208,2208,2208,2208,2208
663,663,663,663,663,663,663,663,663,663,663,676,676,676,676,676,676,676,676,676,676,676,690,690,690,690,690,690,690,690,690,705,705,705,705,705,705,705,705,705,705,705,720,720,720,720,720,720,720,720,720,720,720,720,720,720,720,720,720,720,720,736,736,736,736,736,736,736,736,736,736,736,736,736,736,736,753,753,753,753,753,753,753,753,753,753,753,753,753,753,771,771,771,771,771,771,771,771,771,771,771,771,771,771,771,771,771,771,789,789,789,789,789,789,789,789,789,808,789,808,808,808,808,808,808,808,808,808,808,808,808,808,808,808,808,808,828,828,828,828,828,828,828,828,828,828,828,828,828,828,828,828,850,850,850,850,850,850,850,850,850,850,850,850,850,0,0,0,0,850,850,850,850,850,850,850,850,850,850,850,850,850,850,850,850,850,850,850,850,0,0,0,0,0,850,850,850,850,850,850,850,850,850,0,0,0,0,0,0,0,0,0,0,0,0,0,0,0,0,0,0,0,0,0,0,0,0,0,1143,1143,1143,1143,1143,1143,1143,1143,1143,1143,1143,1143,1143,1143,1143,1143,1143,1143,1143,1143,1143,1143,1143,1143,1143,1183,1183,0,1143,1143,1104,1104,1069,1104,1104,1104,1104,1104,1104,1104,1143,1143,1143,1143,1143,1143,1143,1143,1143,1143,1143,1143,1143,1143,1143,1143,1143,1143,1143,1143,1143,1143,1143,1143,1143,1143,1143,1143,1183,1183,1183,1183,1183,1183,1183,1143,1143,1183,1183,1183,1183,1183,828,828,828,808,808,808,808,808,808,808,808,808,808,808,828,828,828,828,828,828,828,850,828,850,920,0,0,0,920,0,850,850,0,0,0,0,0,0,0,0,0,0,0,0,0,0,0,0,0,0,0,0,0,0,0,0,0,0,0,0,0,0,0,0,0,0,0,0,0,0,0,0,0,0,0,0,0,0,0,0,0,0,0,0,1744,1578,1578,1578,1656,1656,1656,1656,1656,1656,1840,1840,1744,0,0,0,0,0,0,0,0,0,0,0,0,0,0,1840,0,1840,1840,1840,1840,0,0,0,0,0,0,0,0,0,0,0,0,0,1840,1840,1840,1949,0,0,0,0,0,0,0,0,0,0,0,0,0,0,0,0,0,0,0,0,0,0,0,0,1840,0,0,0,0,0,0,0,0,0,0,0,0,0,0,0,0,0,0,0,0,0,0,0,0,33119,0,0,33119,0,0,3011,3011,0,2760,2760,0,0,0,0,0,0,0,0,0,0,0,0,0,0,0,0,0,2548,2366,2366,2366,2548,2548,2548,2548,2548,2548,2548,2548,2548,2548,2548,2548,2548,2548,2548,2548,2366,2366,2366,2366,2366,2548,2548,2366,2366,2366,2366,2366,2548,2548,2548,2548,2548,2548,2548,2366,2366,2366,2366,2366,2366,2366,2366,2366,2366,2366,2366,2366,2366,2366,2366,2366,2366,2366,2366,2366,2366,2366,2366,2208,2366,2208,2366,2366,2366,2208,2208,2208,2208,2208,2366,2366,2208,2208,2208,2208,2208,2208,2208,2208,2208,2208,2208,2208,2208,2208,2208,2208,2070,2208,2208,2070,2208,2208,2208,2208,2208,2208,2208,2366,2548,2760,3312,3011,3011,2208,2208,2208,2208,2208,2208,2208,2208,2208,2208
663,663,663,663,663,663,663,663,663,676,676,676,676,676,676,676,676,676,676,676,676,676,690,690,690,690,690,690,690,690,690,705,705,705,705,705,705,705,705,705,705,705,720,720,720,720,720,720,720,720,720,720,720,720,720,720,720,720,720,720,720,736,736,736,736,736,736,736,736,736,736,736,736,736,736,736,753,753,753,753,753,753,753,753,753,753,753,753,753,753,771,771,771,771,771,771,771,771,771,771,771,771,771,771,771,771,771,771,789,789,789,789,789,789,789,789,789,808,789,808,808,808,808,808,808,808,808,808,808,808,808,808,808,808,808,828,828,828,828,828,828,828,828,828,828,828,828,828,828,828,828,828,850,850,850,850,850,850,850,850,850,850,850,850,850,0,0,0,0,850,850,850,850,850,850,850,850,850,850,850,850,850,850,850,850,850,850,850,850,850,0,0,0,850,850,850,850,850,850,850,850,850,0,0,0,0,0,0,0,0,0,0,0,0,0,0,0,0,0,0,0,0,0,0,0,0,0,0,1183,1143,1143,1143,1143,1143,1143,1143,1143,1143,1143,1143,1143,1143,1143,1143,1143,1143,1143,1143,1143,1143,1143,1143,1143,1183,1183,0,0,1143,1143,1143,1104,1104,1104,1104,1104,1104,1104,1104,1143,1143,1143,1143,1143,1143,1143,1143,1143,1143,1143,1143,1143,1143,1143,1143,1143,1143,1143,1143,1143,1143,1143,1143,1143,1143,1143,1143,1183,1183,1183,1183,1183,1183,1183,1183,1183,1183,1183,1183,1183,1183,828,828,828,808,808,808,808,808,808,808,808,808,808,808,828,828,828,850,828,828,828,828,828,850,0,0,0,0,920,0,850,850,0,0,0,0,0,0,0,0,0,0,0,0,0,0,0,0,0,0,0,0,0,0,0,0,0,0,0,0,0,0,0,0,0,0,0,0,0,0,0,0,0,0,0,0,0,0,0,0,0,0,0,0,1578,1578,1578,1578,1578,1578,1578,1656,1656,1656,1840,1840,1840,0,0,0,0,0,0,0,0,0,0,0,0,1840,1840,1840,1840,1840,1840,1840,1840,0,0,0,0,0,1840,1840,1840,1840,1840,1840,1840,1840,1840,1840,1840,1840,0,0,0,0,0,0,0,0,0,0,0,0,0,0,0,0,0,0,0,0,0,0,0,0,0,0,0,0,0,0,0,0,0,0,0,0,0,0,0,0,0,0,0,0,0,0,0,0,0,33119,0,0,0,0,0,6624,3011,0,0,3011,0,0,0,0,0,0,0,0,0,0,0,0,0,0,0,0,0,2548,2548,2760,2760,2760,2760,2760,2548,2548,2548,2548,2548,2548,2548,2548,2548,2548,2548,2548,2548,2366,2366,2366,2366,2366,2366,2548,2366,2366,2366,2366,2366,2548,2548,2548,2548,2548,2548,2548,2366,2366,2366,2366,2366,2366,2366,2366,2366,2366,2366,2366,2366,2366,2366,2366,2366,2366,2366,2366,2366,2366,2366,2208,2208,2208,2208,2208,2208,2208,2208,2208,2208,2208,2208,2208,2208,2208,2070,2208,2070,2208,2208,2208,2208,2208,2208,2208,2208,2208,2208,2208,2070,2070,2070,2070,2070,2070,2208,2208,2070,2208,2208,2208,2366,2548,2760,3011,3011,3011,2208,2208,2208,2208,2208,2208,2208,2208,2208,2208
663,663,663,663,663,663,663,663,663,676,676,676,676,676,676,676,676,676,676,676,676,690,690,690,690,690,690,690,690,690,705,705,705,705,705,705,705,705,705,705,705,705,720,720,720,720,720,720,720,720,720,720,720,720,720,720,720,720,720,720,720,736,736,736,736,736,736,736,736,736,736,736,736,736,736,736,753,753,753,753,753,753,753,753,753,753,753,753,753,753,771,771,771,771,771,771,771,771,771,771,771,771,771,771,771,771,771,771,789,789,789,789,789,789,789,789,789,808,789,808,808,808,808,808,808,808,808,808,808,808,808,808,808,808,808,828,828,828,828,828,828,828,828,828,828,828,828,828,828,828,828,828,850,850,850,850,850,850,850,850,850,850,850,850,850,850,850,0,850,850,850,850,850,850,850,850,850,850,850,850,850,850,850,850,850,850,850,850,850,850,850,872,850,850,850,850,850,850,850,850,850,850,850,0,0,0,0,0,0,0,0,0,0,0,0,0,0,0,0,0,0,0,0,0,0,0,0,0,0,1143,1143,1143,1143,1143,1143,1143,1143,1143,1143,1143,1143,1143,1143,1143,1143,1143,1143,1143,1143,1143,1143,1143,1143,1183,1183,0,0,1143,1143,1143,1143,1143,1104,1104,1104,1104,1104,1104,1143,1143,1143,1143,1143,1143,1143,1143,1143,1143,1143,1143,1143,1143,1143,1143,1143,1143,1143,1143,1143,1143,1143,1143,1143,1143,1143,1183,1183,1183,1183,1183,1183,1183,1183,1183,1183,1183,1183,1183,1183,1183,828,828,828,808,808,808,808,808,808,808,808,808,808,808,828,828,828,828,828,828,828,850,850,850,0,0,0,0,0,0,0,0,0,0,0,0,0,0,0,0,0,0,0,0,0,0,0,0,0,0,0,0,0,0,0,0,0,0,0,0,0,0,0,0,0,0,0,0,0,0,0,0,0,0,0,0,0,0,0,0,0,0,0,0,1578,1578,1578,1578,1578,1578,1578,1656,1656,1656,1656,1656,1744,1840,1840,0,0,0,0,0,0,0,0,0,0,1840,1840,1840,1840,1840,1840,1840,1840,1840,0,0,0,1840,1840,1840,1840,1840,0,0,0,1840,1840,1840,1840,1840,0,0,0,0,0,0,0,0,0,0,828,0,0,1380,0,0,0,0,0,0,0,0,0,0,0,0,0,0,0,0,0,0,0,0,0,0,0,0,0,0,0,0,0,0,0,0,0,0,0,33119,0,0,0,0,0,3011,3011,0,0,0,0,0,0,0,0,0,3011,0,0,0,0,0,0,0,0,0,2760,2548,2548,2760,2760,2760,2760,2760,2760,2548,2548,2548,2548,2548,2548,3011,2548,2548,2548,2548,2548,2548,2366,2366,2366,2366,2548,2548,2366,2366,2366,2366,2366,2548,2548,2548,2548,2548,2548,2548,2366,2366,2366,2366,2366,2366,2366,2366,2366,2366,2366,2366,2366,2366,2366,2366,2366,2366,2366,2366,2366,2366,2366,2208,2208,2208,2208,2208,2208,2208,2208,2208,2208,2208,2208,2208,2208,2070,2070,2070,2070,2070,2070,2208,2208,2208,2208,2208,2208,2208,2208,2208,2070,2070,2070,2070,2070,2070,2070,2070,2070,2070,2208,2208,2366,2548,2760,3011,3011,3011,2208,2208,2070,2070,2070,2070,2070,2070,2070,2070
663,663,663,663,663,663,663,663,663,676,676,676,676,676,676,676,676,676,676,676,676,690,690,690,690,690,690,690,690,690,705,705,705,705,705,705,705,705,705,705,705,705,720,720,720,720,720,720,720,720,720,720,720,720,720,720,720,720,720,720,720,720,736,736,736,736,736,736,736,736,736,736,736,736,736,736,753,753,753,753,753,753,753,753,753,753,753,753,753,753,771,771,771,771,771,771,771,771,771,771,771,771,771,771,771,771,771,771,789,789,789,789,789,789,789,789,789,808,808,808,808,808,808,808,808,808,808,808,808,808,808,808,808,808,808,828,828,828,828,828,828,828,828,828,828,828,828,828,828,828,828,850,850,850,850,850,850,850,850,850,850,850,850,850,850,850,850,850,850,850,850,850,850,850,850,850,850,850,850,850,850,850,850,850,850,850,850,850,850,850,850,850,850,850,850,850,850,850,850,850,850,850,850,0,0,0,0,0,0,0,0,0,0,0,0,0,0,0,0,0,0,0,0,0,0,0,0,0,0,1227,1183,1143,1143,1143,1143,1143,1143,1143,1143,1143,1143,1143,1143,1183,1143,1143,1143,1143,1143,1143,1143,1183,1183,1183,1183,0,0,0,0,0,0,1143,1143,1104,1104,1104,1104,1143,1143,1143,1143,1143,1143,1143,1143,1143,1143,1143,1143,1143,1143,1143,1143,1143,1143,1143,1143,1143,1143,1143,1143,1143,1143,1183,1183,1183,1183,1183,1183,1183,1183,1183,1183,1183,1183,1183,1183,1183,1183,1183,828,828,828,808,808,808,808,808,808,808,808,808,808,808,828,828,828,850,828,828,850,850,850,850,0,0,0,0,920,850,850,850,0,0,0,0,0,0,0,0,0,0,0,0,0,0,0,0,0,0,0,0,0,0,0,0,0,0,0,0,0,0,0,0,0,0,0,0,0,0,0,0,0,0,0,0,0,0,0,0,0,0,0,0,1656,1578,1578,1578,1578,1578,1578,1656,1656,1656,1656,1656,1656,1744,1744,1840,1840,0,0,0,1840,1840,0,1840,1840,1840,1840,1840,1840,1840,1840,1840,1840,1840,0,0,0,1840,1840,1840,1840,1840,1840,1840,1840,1840,1840,1840,1840,1949,0,0,0,0,0,0,0,0,0,0,828,850,850,1183,0,0,0,0,0,0,0,0,0,0,0,0,0,0,0,0,0,0,0,0,0,0,0,0,0,0,0,3680,4140,4732,0,0,6624,6624,0,0,0,0,0,0,0,11040,3011,0,0,0,0,0,0,0,0,2760,2760,3011,0,0,0,0,0,0,0,0,2760,2548,2366,2760,2760,2760,2760,2760,2760,2760,2548,2548,2548,2548,3011,3011,2760,2548,3011,2548,2548,3011,2366,2366,2366,2366,2548,3011,2760,2366,2366,2366,2366,2548,2548,2548,2548,2548,2548,2548,2366,2366,2366,2366,2366,2366,2366,2366,2366,2366,2366,2366,2366,2366,2366,2366,2366,2366,2366,2366,2366,2366,2366,2208,2208,2208,2208,2208,2208,2208,2208,2208,2208,2208,2208,2208,2208,2070,2070,2070,2070,2070,2070,2208,2208,2208,2208,2208,2208,2208,2208,2208,2070,2070,2070,2070,2070,2070,2070,2070,2070,2070,2070,2208,2366,2548,2760,3011,3011,3011,2208,2208,2070,2070,2070,2070,2070,2070,2070,2070
663,663,663,663,663,663,663,663,663,676,663,676,676,676,676,676,676,676,676,676,690,690,690,690,690,690,690,690,690,705,705,705,705,705,705,705,705,705,705,705,705,705,705,705,705,720,720,720,720,720,720,720,720,720,720,720,720,720,720,720,720,720,736,736,736,736,736,736,736,736,736,736,736,736,736,736,736,753,753,753,753,753,753,753,753,753,753,753,753,771,771,771,771,771,771,771,771,771,771,771,771,771,771,771,771,771,771,771,789,789,789,789,789,789,789,789,789,808,808,808,808,808,808,808,808,808,808,808,808,808,808,808,808,808,808,828,828,828,828,828,828,828,828,828,828,828,828,828,828,828,828,850,850,850,850,850,850,850,850,850,850,850,850,850,850,850,850,850,850,850,850,850,850,850,850,850,850,850,850,850,850,850,850,850,850,850,850,850,850,850,850,850,850,850,850,850,850,850,850,850,850,850,850,0,0,0,0,0,0,0,0,0,0,0,0,0,0,0,0,0,0,0,0,0,0,0,0,0,0,0,1183,1183,1183,1183,1183,1183,1183,1183,1143,1143,1143,1143,1183,1183,1183,1183,1183,1183,1143,1183,1183,1183,1183,1183,0,0,0,0,0,0,0,0,1143,1143,1143,1104,1104,1143,1143,1143,1143,1143,1143,1143,1143,1143,1143,1143,1143,1143,1143,1143,1143,1143,1143,1143,1143,1143,1143,1143,1143,1143,1143,1183,1183,1183,1183,1183,1183,1183,1183,1183,1183,1183,1183,1183,1183,1183,1183,1183,828,828,828,808,808,808,808,808,808,808,808,808,808,808,828,828,828,850,828,850,850,850,850,850,0,0,0,0,0,850,850,850,0,0,0,0,0,0,0,0,0,0,0,0,0,0,0,0,0,872,872,872,872,0,0,0,0,0,0,0,0,0,0,0,0,0,0,0,0,0,0,0,0,0,0,0,0,0,0,0,0,0,0,0,1656,1578,1578,1578,1578,1578,1578,1656,1656,1656,1656,1656,1656,1656,1744,1840,0,0,0,0,0,0,0,0,1840,1840,1840,1840,1840,1840,1840,1840,1840,1840,1840,0,0,1840,1840,1840,1840,1840,1840,0,1840,1840,1840,1840,1840,1840,0,0,0,0,0,0,0,0,0,0,0,0,0,1183,0,0,0,0,0,0,0,0,0,1227,1227,0,0,0,0,0,0,0,0,0,0,0,0,0,0,0,0,3680,4140,4732,5520,6624,6624,6624,6624,0,0,0,0,0,0,6624,3011,0,0,0,0,0,0,0,0,2760,2760,2760,3680,0,0,0,0,0,0,0,2760,2760,2548,0,2760,2760,2760,2760,2760,2760,2548,2548,2548,2548,2760,3011,2760,2548,3011,2548,2548,0,0,3011,3011,3011,3011,3011,3011,2366,2366,2366,2366,2548,2548,2548,2548,2548,2548,2548,2366,2366,2366,2366,2366,2366,2366,2366,2366,2366,2366,2366,2366,2366,2366,2366,2366,2366,2366,2366,2366,2366,2366,2208,2208,2208,2208,2208,2208,2208,2208,2208,2208,2208,2208,2208,2208,2070,2070,2070,2070,2070,2070,2208,2208,2208,2208,2208,2208,2208,2070,2070,2070,2070,2070,2070,2070,2070,2070,2070,2070,2070,2070,2208,2366,2548,2760,3011,3312,3312,2208,2208,2070,2070,2070,2070,2070,2070,2070,2070
663,650,663,663,663,663,663,663,663,676,676,676,676,676,676,676,676,676,676,676,690,690,690,690,690,690,690,690,690,705,705,705,705,705,705,705,705,705,705,705,705,705,720,720,720,720,720,720,720,720,720,720,720,720,720,720,720,720,720,720,720,720,736,736,736,736,736,736,736,736,736,736,736,736,736,736,753,753,753,753,753,753,753,753,753,753,753,753,753,771,771,771,771,771,771,771,771,771,771,771,771,771,771,771,771,789,789,789,789,789,789,789,789,789,789,789,789,808,808,808,808,808,808,808,808,808,808,808,808,808,808,808,808,808,808,828,828,828,828,828,828,828,828,828,828,828,828,828,828,828,828,850,850,850,850,850,850,850,850,850,850,850,850,850,850,850,850,0,0,0,850,0,850,850,850,850,850,850,850,850,850,850,850,850,850,850,850,850,850,850,850,850,850,850,850,850,850,850,850,850,850,850,850,0,0,0,0,0,0,0,0,0,0,0,0,0,0,0,0,0,0,0,0,0,0,0,0,0,0,0,0,0,0,1227,1183,1183,1183,1183,1183,1183,1183,1183,1183,1183,1183,1183,1183,1183,1183,1183,1183,1183,1183,1183,0,0,0,0,0,0,0,0,0,1143,1143,1104,1104,1143,1143,1143,1143,1143,1143,1143,1143,1143,1143,1143,1143,1143,1143,1143,1143,1143,1183,1143,1183,1183,1143,1183,1183,1183,1183,1183,1183,1183,1183,1183,1183,1183,1183,1183,1183,1183,1183,1183,1183,1183,1183,1183,828,828,828,808,828,808,808,808,808,808,808,808,808,808,828,828,828,850,850,850,850,850,850,850,0,0,0,0,0,850,850,850,0,0,0,0,0,0,0,0,0,0,0,0,0,0,0,0,0,872,872,872,872,872,896,0,0,872,872,872,872,1069,0,0,0,0,0,0,0,0,0,0,0,0,0,0,0,0,0,0,0,0,0,0,1656,1578,1578,1578,1578,1578,1656,1656,1656,1656,1656,1656,1656,1656,1656,1840,0,0,0,0,0,0,0,0,1840,1840,1840,1840,1840,1840,1840,1840,1840,1840,2366,0,0,1840,1840,1840,1840,1840,0,0,0,1840,1840,1840,1840,1840,0,0,0,0,0,0,0,0,0,0,0,0,0,1183,0,0,0,0,0,0,0,0,0,0,0,0,0,0,0,0,0,0,0,0,0,0,0,0,0,0,3312,3312,3680,4140,4732,5520,6624,6624,6624,6624,0,0,0,0,0,6624,3011,0,0,0,0,0,0,0,0,2760,2760,2760,3680,0,0,0,0,0,0,0,2760,2760,2366,0,2760,2760,2760,2760,2760,2548,2548,2548,2548,2548,2760,3011,2760,2548,2760,2760,0,0,0,0,0,0,3011,3011,3011,2548,2366,2366,2548,2548,2548,2548,2548,2548,2548,2548,2366,2366,2366,2366,2366,2366,2366,2366,2366,2366,2366,2366,2366,2366,2366,2366,2366,2366,2366,2366,2208,2208,2208,2208,2208,2208,2208,2208,2208,2208,2208,2208,2208,2208,2208,2208,2208,2070,2070,2070,2070,2070,2070,2208,2208,2208,2208,2208,2208,2208,2208,2208,2070,2070,2070,2070,2070,2070,2208,2070,2070,2070,2070,2208,2366,2548,2760,3011,3312,3312,3312,2208,2208,2208,2208,2208,2208,2208,2208,2208
663,663,663,663,663,663,663,663,676,676,676,676,676,676,676,676,676,676,676,690,690,690,690,690,690,690,690,690,690,705,705,705,705,705,705,705,705,705,705,705,705,705,720,720,720,720,720,720,720,720,720,720,720,720,720,720,720,720,720,720,720,720,720,736,736,736,736,736,736,736,736,736,736,736,736,736,753,753,753,753,753,753,753,753,753,753,753,753,753,771,771,771,771,771,771,771,771,771,771,771,771,771,771,771,771,789,789,789,789,789,789,789,789,789,789,789,789,808,808,808,808,808,808,808,808,808,808,808,808,808,808,808,808,808,808,828,828,828,828,828,828,828,828,828,828,828,828,828,828,828,828,850,850,850,850,850,850,850,850,850,850,850,850,850,850,850,850,850,850,850,850,850,850,850,850,850,850,850,850,850,850,850,850,850,850,850,850,850,850,850,850,850,850,850,850,850,850,850,850,850,850,850,850,0,0,0,0,0,0,0,0,0,0,0,0,0,0,0,0,0,0,0,0,0,0,0,0,0,0,0,0,0,0,1227,1183,1183,1183,1183,1183,1183,1183,1183,1183,1183,1183,1183,1183,1183,1183,1183,1183,1183,1183,1183,0,0,0,0,0,0,0,0,0,0,1143,1104,1104,1143,1143,1143,1143,1143,1143,1143,1143,1143,1143,1143,1143,1143,1143,1143,1143,1183,1183,1183,1183,1183,1183,1183,1183,1183,1183,1183,1183,1183,1183,1183,1183,1183,1183,1183,1183,1183,1183,1183,1183,1183,1183,1183,828,828,828,828,828,808,808,808,808,808,808,808,808,808,828,828,828,850,850,850,850,850,850,850,0,0,0,0,0,850,850,850,872,0,0,0,0,0,0,0,0,0,0,0,0,0,0,0,872,850,850,850,850,850,850,850,828,828,828,828,828,828,850,872,0,0,0,0,0,0,0,0,0,0,0,0,0,0,0,0,0,0,0,1656,1578,1578,1578,1578,1578,1656,1656,1656,1656,0,1656,1656,1656,1656,1656,1656,1656,1744,0,0,0,0,0,0,0,1840,1840,1840,0,1840,1840,1840,1840,1840,1840,2366,0,1840,1840,1840,1840,1840,0,0,0,0,1840,1840,1840,1949,1949,0,0,0,0,0,0,0,0,0,0,0,0,1183,0,0,0,0,0,0,0,0,0,0,0,0,0,0,0,0,0,0,0,0,0,0,0,0,0,0,3312,3312,3680,4140,4732,5520,6624,6624,6624,0,0,0,0,0,0,3011,3011,0,0,2760,0,0,0,0,0,2760,2760,2760,3680,0,0,0,0,0,0,0,2760,2760,2548,2548,2548,2760,2760,2760,2760,2548,2548,2548,2548,2548,2760,2760,2548,2548,2548,2548,3011,0,0,0,3011,3011,3011,3011,3011,2548,2366,2366,2548,2548,2548,2548,2548,2548,2548,2548,2366,2366,2366,2366,2366,2366,2548,2548,2548,2366,2366,2366,2366,2366,2366,2366,2366,2366,2366,2366,2548,2366,2366,2208,2208,2208,2208,2208,2208,2208,2208,2208,2208,2208,2208,2208,2208,2070,2070,2070,2070,2208,2208,2208,2208,2208,2208,2208,2208,2208,2208,2208,2070,2070,2070,2208,2070,2208,2208,2208,2070,2208,2208,2208,2366,2548,2760,3011,3312,3312,3312,2208,2208,2208,2208,2208,2208,2208,2208,2208
650,650,663,663,663,663,663,663,676,676,676,676,676,676,676,676,676,676,676,690,690,690,690,690,690,690,690,690,690,705,705,705,705,705,705,705,705,705,705,705,705,705,720,720,720,720,720,720,720,720,720,720,720,720,720,720,720,720,720,720,720,720,720,736,736,736,736,736,736,736,736,736,736,736,736,736,753,753,753,753,753,753,753,753,753,753,753,753,771,771,771,771,771,771,771,771,771,771,771,771,771,771,771,771,771,789,789,789,789,789,789,789,789,789,789,789,789,808,808,808,808,808,808,808,808,808,808,808,808,808,808,808,808,808,808,828,828,828,828,828,828,828,828,828,828,828,828,828,828,828,828,828,850,850,850,850,850,850,850,850,850,850,850,850,850,850,850,850,0,0,872,872,872,872,872,872,850,850,850,850,850,850,850,850,850,850,850,850,850,850,850,0,0,850,850,850,850,850,850,850,850,850,872,0,0,0,0,0,0,0,0,0,0,0,0,0,0,0,0,0,0,0,0,0,0,0,0,0,0,0,0,0,0,0,1183,1183,1183,1183,1183,1183,1183,1183,1183,1183,1183,1183,1183,1183,1183,1183,1183,1183,1183,1183,0,0,0,0,0,0,0,0,0,0,0,1143,1143,1143,1143,1143,1143,1143,1143,1143,1143,1143,1143,1143,1143,1143,1143,1143,1183,1183,1183,1183,1183,1183,1183,1183,1183,1183,1183,1183,1183,1183,1183,1183,1183,1183,1183,1183,1183,1183,1183,1183,1183,1183,1183,1183,828,828,828,828,828,808,808,808,808,808,808,808,808,808,828,828,828,850,828,850,850,850,850,850,872,0,0,0,850,850,850,850,850,1004,0,0,0,0,0,0,0,0,1004,0,0,0,0,0,872,850,850,850,850,828,828,828,828,828,828,828,828,828,828,872,1440,0,0,0,0,0,0,0,0,0,0,0,0,0,0,0,0,0,1578,1183,1506,1506,1506,1506,1578,1656,1656,0,0,0,0,0,0,0,1744,0,1744,0,0,0,0,0,0,0,0,0,0,0,0,1840,1840,1840,1840,1840,0,0,0,1840,1840,1840,1840,1840,0,0,1840,1840,1840,1840,1840,1840,1949,0,0,0,0,0,0,0,0,0,0,0,0,0,0,0,0,0,0,0,0,0,0,0,0,0,0,0,0,0,0,0,0,0,0,0,0,0,0,0,0,3680,3680,4140,4140,4732,6624,6624,6624,0,0,0,0,0,0,3011,3011,0,2760,2760,0,0,0,0,0,2760,2760,2760,2760,0,0,0,0,0,0,0,2760,2760,2548,2760,2760,2760,2760,2760,2760,2548,2548,2548,2548,2548,2548,2548,2548,2548,2548,2548,2548,0,0,0,0,0,3011,3011,3011,2548,2548,2548,2548,2548,2548,2548,2548,2548,2548,2548,2548,2366,2366,2366,2366,2366,2548,2548,2548,2548,2366,2366,2366,2366,2366,2366,2366,2366,2366,2366,2366,2366,2366,2208,2208,2366,2208,2208,2208,2208,2208,2208,2208,2208,2208,2208,2208,2070,2070,2070,2070,2208,2208,2208,2208,2208,2208,2208,2208,2208,2208,2208,2070,2070,2070,2208,2208,2208,2208,2208,2208,2208,2208,2208,2366,2548,2760,3011,3312,3312,3312,2208,2208,2208,2208,2208,2208,2208,2208,2208
650,650,663,663,663,663,663,676,676,676,676,676,676,676,676,676,676,676,690,690,690,690,690,690,690,690,690,690,690,690,705,705,705,705,705,705,705,705,705,705,705,705,705,705,705,720,720,720,720,720,720,720,720,720,720,720,720,720,720,720,720,720,736,736,736,736,736,736,736,736,736,736,736,736,753,753,753,753,753,753,753,753,753,753,753,753,753,753,771,771,771,771,771,771,771,771,771,771,771,771,771,771,771,771,771,789,789,789,789,789,789,789,789,789,789,789,789,808,808,808,808,808,808,808,808,808,808,808,808,808,808,808,808,808,808,808,828,828,828,828,828,828,828,828,828,828,828,828,828,828,828,828,850,850,850,850,850,850,850,850,850,850,850,850,850,850,850,850,0,0,0,872,0,872,872,872,872,850,850,850,850,850,850,850,850,850,850,850,850,850,872,0,0,850,850,850,850,850,850,850,850,850,872,0,0,0,0,0,0,0,0,0,0,0,0,0,0,0,0,0,0,0,0,0,0,0,0,0,0,0,0,0,0,1227,1183,1183,1183,1183,1183,1183,1183,1183,1183,1183,1183,1183,1183,1183,1183,1183,1183,1183,1183,1183,1183,0,0,0,0,0,0,0,0,0,0,0,1183,1143,1143,1143,1143,1143,1143,1143,1143,1143,1143,1143,1143,1143,1143,1183,1183,1183,1183,1183,1183,1183,1183,1183,1183,1183,1183,1183,1183,1183,1183,1183,1183,1183,1183,1183,1183,1183,1183,1183,1183,1183,1183,1183,828,828,828,828,828,808,808,808,808,808,808,808,808,808,828,828,828,828,828,828,850,850,850,850,872,0,0,0,0,850,850,850,850,1004,0,0,0,0,0,0,0,0,1004,0,0,0,0,0,872,850,850,850,828,828,828,828,828,808,828,828,808,808,808,808,850,872,0,0,0,0,0,0,808,808,808,808,808,808,808,808,808,808,808,808,828,828,1183,1183,1506,1506,1578,0,0,0,0,0,0,0,0,1656,872,850,850,0,0,0,0,0,0,0,0,0,0,0,1840,1840,1840,1840,0,0,0,1840,1840,1840,1840,1840,1840,0,1840,1840,1840,1840,1840,1840,1949,0,0,0,0,0,0,0,0,0,0,0,0,0,0,0,0,0,0,0,0,0,0,0,0,0,0,0,0,0,0,0,0,0,0,0,0,0,0,0,0,3680,3680,4732,4732,0,0,0,0,0,0,0,4732,0,6624,3011,3011,0,2760,2760,2760,0,0,2760,2760,2760,2760,2760,2760,0,0,0,0,0,0,0,2760,2760,2548,2760,2760,2760,2760,2760,2760,2760,2548,2548,2548,2548,2548,2548,2548,2548,2548,2548,2548,0,0,0,0,0,0,0,0,2548,2548,2548,2548,2548,2548,2548,2548,2548,2548,2548,2548,2366,2366,2366,2366,2366,2548,2548,2548,2548,2366,2366,2366,2366,2366,2366,2366,2366,2366,2366,2366,2366,2366,2208,2208,2208,2208,2208,2208,2208,2208,2208,2208,2366,2208,2208,2208,2208,2070,2208,2208,2208,2208,2208,2208,2208,2208,2208,2208,2208,2208,2208,2070,2070,2070,2208,2208,2208,2208,2208,2208,2208,2208,2208,2366,2548,2760,3011,3312,3312,3312,2208,2208,2208,2208,2208,2208,2208,2208,2208
650,650,663,663,663,663,663,676,676,676,676,676,676,676,676,676,676,690,690,690,690,690,690,690,690,690,690,690,690,690,705,705,705,705,705,705,705,705,705,705,705,705,705,705,705,720,720,720,720,720,720,720,720,720,720,720,720,720,720,720,720,720,736,736,736,736,736,736,736,736,736,736,736,736,753,753,753,753,753,753,753,753,753,753,753,753,753,753,771,771,771,771,771,771,771,771,771,771,771,771,771,771,771,771,771,771,789,789,789,789,789,789,789,789,789,789,789,808,808,808,808,808,808,808,808,808,808,808,808,808,808,808,808,808,808,808,828,828,828,828,828,828,828,828,828,828,828,828,828,828,828,828,850,850,850,850,850,850,850,850,850,850,850,850,850,850,850,850,850,872,872,872,872,872,872,872,872,872,872,850,850,850,850,850,850,850,850,850,850,850,850,872,850,850,850,850,850,850,850,850,850,850,872,0,0,0,0,0,0,0,0,0,0,0,0,0,0,0,0,0,0,0,0,0,0,0,0,0,0,0,0,0,0,1227,1183,1183,1183,1183,1183,1183,1183,1183,1183,1183,1183,1183,1183,1183,1183,1183,1183,1183,1183,1183,1183,0,0,0,0,0,0,0,0,0,0,0,0,1143,1143,1143,1143,1143,1143,1143,1143,1143,1183,1183,1143,1143,1143,1183,1183,1183,1183,1183,1183,1183,1183,1183,1183,1183,1183,1183,1183,1183,1183,1183,1183,1183,1183,1183,1183,1183,1183,1183,1183,1183,1183,1183,828,828,828,828,828,808,808,808,808,808,808,808,808,808,828,828,828,828,828,828,828,828,828,828,850,0,0,0,0,850,828,828,850,1004,0,0,0,0,0,0,0,0,1004,0,0,0,0,0,872,850,850,828,828,828,828,828,828,808,828,828,808,808,808,808,808,808,872,872,808,808,808,808,808,808,808,808,808,808,808,808,808,808,808,808,808,808,808,828,828,1143,1143,1183,1183,0,0,0,0,0,0,850,850,850,850,850,0,0,0,0,0,0,0,0,0,0,0,0,2366,1840,0,0,0,1840,1840,1840,1840,1840,1840,1840,1840,1840,1840,1840,1840,1949,1949,0,0,0,0,0,0,0,0,0,0,0,0,0,0,0,0,0,0,0,0,0,0,0,0,0,0,0,0,0,0,0,0,0,0,0,0,0,0,2760,3312,3312,3312,4140,4732,0,0,0,0,0,0,0,0,0,3011,2760,2760,2760,2760,2760,2760,2760,2760,2760,2760,2760,2760,2760,2760,0,0,0,0,0,0,2760,2760,2760,2548,2760,2760,2760,2760,2760,2760,2760,2548,2548,2548,2548,2548,2548,2548,2548,2548,2548,2548,0,0,0,0,0,3011,0,3011,2548,2548,2548,2548,2548,2548,2548,2548,2548,2548,2548,2548,2366,2366,2366,2366,2366,2548,2548,2548,2548,2366,2366,2366,2366,2366,2366,2366,2366,2366,2366,2366,2366,2366,2366,2208,2366,2366,2208,2208,2366,2366,2366,2366,2366,2366,2366,2208,2208,2070,2208,2208,2208,2208,2208,2208,2208,2208,2208,2208,2208,2208,2208,2070,2070,2070,2208,2208,2208,2208,2208,2208,2208,2208,2208,2366,2548,2760,3011,3312,3312,3312,2208,2208,2208,2208,2208,2208,2208,2208,2208
650,650,663,663,663,663,663,663,676,676,676,676,676,676,676,676,690,690,690,690,690,690,690,690,690,690,690,690,690,690,690,705,705,705,705,705,705,705,705,705,705,705,705,705,720,720,720,720,720,720,720,720,720,720,720,720,720,720,736,736,736,736,736,736,736,736,736,736,736,736,753,753,753,753,753,753,753,753,753,753,753,753,753,753,753,753,753,753,771,771,771,771,771,771,771,771,771,771,771,771,771,771,771,771,771,771,771,789,789,789,789,789,789,789,789,789,808,808,808,808,808,808,808,808,808,808,808,808,808,808,808,808,808,808,808,808,828,828,828,828,828,828,828,828,828,828,828,828,828,828,828,828,828,850,850,850,850,850,850,850,850,850,850,850,850,850,850,850,850,850,850,850,872,872,872,872,872,872,872,872,850,850,850,850,850,850,850,850,850,850,850,872,850,850,850,850,850,850,850,850,850,850,872,0,0,0,0,0,0,0,0,0,0,0,0,0,0,0,0,0,0,0,0,0,0,0,0,0,0,0,0,0,0,1227,1227,1183,1183,1183,1183,1183,1183,1183,1183,1183,1183,1183,1183,1183,1183,1183,1183,1183,1183,1183,1183,0,0,0,0,0,0,0,0,0,0,0,0,1183,1143,1143,1143,1143,1143,1143,1183,1183,1183,1183,1183,1143,1183,1183,1183,1183,1183,1183,1183,1183,1183,1183,1183,1183,1183,1183,1183,1183,1183,1183,1183,1183,1183,1183,1183,1183,1183,1227,1227,1227,1183,1183,828,828,828,828,828,808,808,808,808,808,808,808,808,808,828,828,828,828,828,828,828,828,828,828,872,0,0,0,0,850,828,828,850,0,0,0,0,0,0,0,0,0,0,0,0,0,0,0,872,850,828,828,828,828,828,808,808,808,808,808,808,808,808,808,808,808,808,808,808,808,808,808,808,808,808,808,808,808,808,808,808,808,808,808,808,808,808,808,808,808,808,828,828,828,0,0,0,0,850,850,850,850,850,850,850,0,0,0,0,0,0,0,0,0,0,0,0,0,0,0,0,1840,1840,1840,1840,1840,1840,1840,1840,1840,1840,1840,1840,1949,1949,0,0,0,0,0,0,0,0,0,0,0,0,0,0,0,0,0,0,0,0,0,0,0,0,0,0,0,0,0,0,0,0,0,0,0,0,0,0,2760,3312,3312,3312,4140,5520,0,0,0,0,0,0,0,16560,6624,3011,2760,3011,2760,2760,2760,2760,2760,2760,2760,2760,2760,2760,2760,2760,0,0,0,0,0,0,0,2760,2760,2760,2760,2760,2760,2760,2760,2760,2760,2548,2548,2548,2548,2760,2760,2548,2548,2548,2548,3011,0,0,0,0,0,0,0,0,2760,2548,2548,2548,2548,2548,2548,2548,2548,2548,2548,2366,2366,2366,2366,2366,2366,2548,2548,2548,2548,2366,2366,2366,2366,2366,2366,2366,2366,2366,2366,2548,2366,2366,2366,2366,2366,2366,2366,2366,2366,2366,2366,2366,2366,2366,2366,2208,2208,2070,2208,2208,2208,2208,2208,2208,2208,2208,2208,2208,2208,2208,2208,2070,2070,2070,2208,2208,2208,2208,2208,2208,2208,2208,2208,2366,2548,2760,3011,3312,3312,3312,2208,2208,2208,2208,2208,2208,2208,2208,2208
650,650,663,663,663,663,663,663,663,676,676,676,676,676,676,676,690,690,690,690,690,690,690,690,690,690,690,690,690,690,690,690,705,690,705,690,690,705,705,705,705,705,705,705,720,720,720,720,720,720,720,720,720,720,720,720,720,736,736,736,736,736,736,736,736,736,736,736,736,736,753,753,753,753,753,753,753,753,753,753,753,753,753,753,753,753,753,753,771,771,771,771,771,771,771,771,771,771,771,771,771,771,771,771,771,771,771,771,789,789,789,789,789,789,789,789,789,808,808,808,808,808,808,808,808,808,808,808,808,808,808,808,808,808,808,828,828,828,828,828,828,828,828,828,828,828,828,828,828,828,828,828,850,850,850,850,850,850,850,850,850,850,850,850,850,850,850,850,850,850,850,872,872,872,872,872,872,872,872,872,872,872,872,850,850,850,850,850,850,850,850,872,850,850,850,850,850,850,850,850,850,850,872,872,0,0,0,0,0,0,0,0,0,0,0,0,0,0,0,0,0,0,0,0,0,0,0,0,0,0,0,0,0,0,1227,1227,1183,1183,1183,1183,1183,1183,1183,1183,1183,1183,1183,1183,1183,1183,1183,1183,1183,1183,1183,0,0,0,0,0,0,0,0,0,0,0,1183,1183,1143,1143,1143,1143,1143,1143,1183,1143,1183,1183,1183,1143,1183,1183,1183,1183,1183,1183,1183,1183,1183,1183,1183,1183,1183,1183,1183,1183,1183,1183,1183,1183,1183,1183,1183,1183,1227,1227,1227,1227,1183,1183,828,828,828,828,828,828,808,808,808,808,808,808,808,808,828,828,828,828,828,828,828,828,828,828,828,0,0,0,0,850,828,828,850,0,0,0,0,0,0,0,0,0,0,0,0,0,0,0,1069,828,828,828,828,828,808,808,808,808,808,808,808,808,808,808,808,808,808,808,808,808,808,808,808,808,808,808,808,808,808,808,808,808,808,808,808,808,808,808,808,808,808,808,808,828,828,828,828,850,850,850,850,850,850,850,850,0,0,0,0,0,0,0,0,0,0,0,0,0,0,0,0,1840,1840,1840,1840,1840,1840,1840,1840,1840,1840,1840,1840,1840,1840,0,0,0,0,0,0,0,0,0,0,0,0,0,0,0,0,0,0,0,0,0,0,0,0,0,0,0,0,0,0,0,0,0,0,0,0,0,0,0,3312,3312,3312,4140,5520,0,6624,6624,16560,0,0,0,33119,6624,6624,3011,3011,2760,0,2760,2760,2760,2760,2760,2760,2760,2760,2760,0,0,0,0,0,0,2760,2760,2760,2760,2760,2760,2760,2760,2760,2760,2760,2760,2548,2548,2548,2548,2548,2548,2548,2548,2548,2548,3011,0,0,0,0,0,0,0,0,2548,2366,2366,2548,2548,2548,2548,2548,2548,2548,2548,2366,2366,2366,2366,2366,2366,2366,2548,2548,2548,2366,2366,2366,2366,2366,2366,2366,2366,2366,2366,2548,2366,2366,2366,2366,2366,2366,2366,2366,2366,2366,2366,2366,2366,2366,2366,2208,2070,2070,2070,2070,2208,2208,2208,2208,2208,2208,2208,2208,2208,2208,2208,2070,2070,2070,2208,2208,2208,2208,2208,2208,2208,2208,2208,2366,2548,2760,3011,3312,3312,3312,2366,2208,2208,2208,2208,2208,2208,2208,2208
663,663,663,663,663,663,663,663,676,676,676,676,676,676,676,676,690,690,690,690,690,690,690,690,690,690,690,690,690,690,690,690,690,690,690,690,690,690,705,705,705,705,720,720,720,720,720,720,720,720,720,720,720,720,720,720,720,736,736,736,736,736,736,736,736,736,736,736,736,736,736,753,753,753,753,753,753,753,753,753,753,753,753,753,753,753,753,753,771,771,771,771,771,771,771,771,771,771,771,771,771,771,789,771,771,771,771,789,789,789,789,789,789,789,789,789,789,789,808,808,808,808,808,808,808,808,808,808,808,808,808,808,808,828,828,828,828,828,828,828,828,828,828,828,828,828,828,828,828,828,828,828,828,850,850,850,850,850,850,850,850,850,850,850,850,850,850,850,850,850,850,850,872,872,872,872,872,872,872,872,850,872,850,850,850,850,850,850,850,850,850,872,850,850,850,850,850,850,850,850,850,850,872,872,0,0,0,0,0,0,0,0,0,0,0,0,0,0,0,0,0,0,0,0,0,0,0,0,0,0,0,0,0,0,1227,1227,1227,1183,1183,1183,1183,1183,1183,1183,1183,1183,1183,1183,1183,1183,1183,1183,1183,1183,1183,0,0,0,0,0,0,0,0,0,0,0,1183,1143,1143,1143,1143,1143,1143,1143,1143,1143,1143,1143,1143,1143,1143,1183,1183,1183,1183,1183,1183,1183,1183,1183,1183,1183,1183,1183,1183,1183,1183,1183,1183,1183,1183,1183,1183,1183,1227,1227,1227,1227,1183,1183,828,828,828,828,828,828,808,808,828,808,808,808,808,808,828,828,828,828,828,828,828,828,828,828,850,0,0,0,0,850,850,828,850,0,0,0,0,0,0,0,0,0,0,0,0,0,0,0,1069,828,828,828,828,808,808,808,808,808,808,808,808,808,808,808,808,808,789,808,808,808,808,808,808,808,808,808,808,808,808,808,808,808,808,808,808,808,808,808,808,808,808,808,808,808,808,828,828,828,828,850,850,850,850,850,850,872,0,0,0,0,0,0,0,0,0,0,0,0,0,0,0,1840,1840,1840,1840,1840,1840,1840,1840,1840,1840,1840,1840,1840,1840,0,0,0,0,0,0,0,0,0,0,0,0,0,0,0,0,0,0,0,0,0,0,0,0,0,0,0,0,0,0,0,0,0,0,0,0,0,0,0,0,0,4140,4732,0,0,6624,6624,6624,33119,0,33119,33119,6624,6624,3011,3011,2760,0,2760,0,0,0,0,2760,2760,2760,2760,0,0,0,0,0,2760,2760,2760,2760,2760,2760,0,2760,2760,2760,2760,2760,2760,2548,2548,2548,2548,3011,3011,2548,2548,2548,2548,3011,3011,3011,3011,0,3011,3011,3011,3011,2548,2366,2366,2366,2548,2548,2548,2548,2548,2548,2366,2366,2366,2366,2366,2366,2366,2366,2366,2548,2548,2366,2366,2366,2366,2366,2366,2366,2366,2366,2366,2548,2366,2366,2366,2366,2366,2366,2366,2366,2366,2366,2366,2366,2366,2366,2366,2208,2070,2070,2070,2070,2208,2208,2208,2208,2208,2208,2208,2208,2208,2208,2208,2208,2070,2208,2208,2208,2208,2208,2208,2208,2208,2208,2208,2366,2548,2760,3011,3312,3312,3312,2366,2366,2208,2208,2208,2208,2208,2208,2208
663,663,663,663,663,663,663,676,676,676,676,676,676,676,676,676,690,690,690,690,690,690,690,690,690,690,690,690,690,690,690,690,705,690,690,690,705,705,705,705,705,720,720,720,720,720,720,720,720,720,720,720,720,720,720,720,720,720,736,736,736,736,736,736,736,736,736,736,736,736,736,736,753,753,753,753,753,753,753,753,753,753,753,753,753,753,753,753,753,771,771,771,771,771,771,771,771,771,771,771,771,771,771,771,771,771,771,789,789,789,789,789,789,789,789,789,789,789,808,808,808,808,808,808,808,808,808,808,808,808,808,808,808,828,828,828,828,828,828,828,828,828,828,828,828,828,828,828,828,828,828,828,828,850,850,850,850,850,850,850,850,850,850,850,850,850,850,850,850,850,850,850,872,872,872,872,872,872,872,872,850,872,872,850,850,850,850,850,850,850,872,872,850,850,850,850,850,850,850,850,850,850,872,872,872,0,0,0,0,0,0,0,0,0,0,0,0,0,0,0,0,0,0,0,0,0,0,0,0,0,0,0,0,0,0,1227,1227,1183,1183,1183,1183,1183,1183,1183,1183,1183,1183,1183,1183,1183,1183,1183,1183,1183,1183,0,0,0,0,0,0,0,0,0,0,1143,1143,1143,1143,1143,1143,1143,1143,1143,1143,1143,1143,1143,1143,1143,1143,1143,1183,1183,1183,1183,1183,1183,1183,1183,1183,1183,1183,1183,1183,1183,1183,1183,1183,1183,1183,1183,1183,1183,1227,1227,1227,1227,1183,1183,828,828,828,828,828,828,808,828,828,808,808,808,808,808,828,828,828,828,828,828,828,828,828,828,828,850,0,0,828,828,828,828,850,0,0,0,0,0,0,0,0,0,0,0,0,0,0,0,872,828,828,828,808,808,808,808,808,808,808,808,808,808,808,789,789,789,789,789,808,808,808,808,808,808,808,808,808,808,808,808,808,808,808,808,808,808,808,808,808,808,808,808,808,808,808,828,828,828,828,850,850,850,850,850,850,850,872,0,0,0,0,0,0,0,0,0,0,0,0,0,0,1840,1840,1840,1840,1840,1840,1840,1840,1840,1840,1840,1840,1840,1840,0,0,0,0,0,753,753,0,0,0,0,0,0,0,0,0,0,0,0,0,0,0,0,0,0,0,0,0,0,0,0,0,0,0,0,0,0,0,0,0,4732,4140,4732,5520,5520,6624,6624,6624,6624,33119,33119,33119,6624,6624,3011,3011,2760,0,0,0,0,0,0,2760,2760,3312,3312,0,0,0,0,3312,2760,2760,2760,2760,2760,0,0,2760,2760,2760,2760,2760,2548,2548,2548,2548,2548,3011,3011,2548,2548,2548,2548,2548,3011,3011,2548,0,3011,3011,3011,3011,2366,2366,2366,2366,2548,2548,2548,2548,2548,2548,2366,2366,2366,2366,2366,2366,2366,2366,2366,2366,2366,2366,2366,2366,2366,2366,2366,2366,2366,2366,2366,2366,2366,2366,2366,2366,2366,2366,2366,2366,2366,2366,2366,2366,2366,2366,2366,2208,2070,2070,2070,2070,2208,2208,2208,2208,2208,2208,2208,2208,2208,2208,2208,2208,2070,2208,2208,2208,2208,2208,2208,2208,2208,2208,2208,2366,2548,2760,3011,3312,3312,3312,2366,2366,2208,2208,2208,2208,2208,2208,2208
676,676,676,676,676,676,676,676,676,676,676,676,676,676,676,676,676,690,690,690,690,690,690,690,690,690,690,690,690,690,690,705,705,690,690,690,705,705,705,705,720,720,720,720,720,720,720,720,720,720,720,720,720,720,720,720,720,720,736,736,736,736,736,736,736,736,736,736,736,736,736,753,753,753,753,753,753,753,753,753,753,753,753,753,753,753,753,753,753,771,771,771,771,771,771,771,771,771,771,771,771,771,789,789,771,789,789,789,789,789,789,789,789,789,789,789,789,808,808,808,808,808,808,808,808,808,808,808,808,808,808,808,808,828,828,828,828,828,828,828,828,828,828,828,828,828,828,828,828,828,828,828,850,850,850,850,850,850,850,850,850,850,850,850,850,850,850,850,850,872,850,872,872,872,872,872,872,872,872,872,872,872,872,872,850,850,850,850,872,872,872,872,872,872,872,850,850,850,850,850,872,850,872,872,872,0,0,0,0,0,0,0,0,0,0,0,0,0,0,0,0,0,0,0,0,0,0,0,0,0,0,0,0,0,0,1227,1227,1183,1183,1183,1183,1183,1183,1183,1183,1183,1183,1183,1183,1183,1183,1183,1183,1183,1183,0,0,0,0,0,0,0,0,0,0,0,1183,1183,1143,1143,1143,1143,1143,1143,1143,1143,1143,1143,1143,1143,1143,1183,1183,1183,1183,1183,1183,1183,1183,1183,1183,1183,1183,1183,1183,1183,1183,1183,1183,1183,1183,1183,1183,1183,1183,1227,1227,1227,1183,1183,828,828,828,828,828,828,808,828,828,808,828,808,828,828,828,828,828,828,828,828,828,828,828,828,828,850,0,0,828,828,850,828,0,0,0,0,0,0,0,0,0,0,0,0,0,0,1069,1069,828,828,828,828,808,808,808,808,789,789,789,789,789,771,771,771,771,789,789,789,808,808,808,808,808,808,808,808,808,808,808,808,808,808,808,808,808,808,808,808,808,808,808,808,808,808,808,808,828,828,828,850,850,850,850,850,850,850,850,872,850,0,0,0,0,0,0,0,0,0,0,0,0,1840,1840,1840,1840,1840,1840,1840,1840,1840,1840,1840,1840,1840,1840,0,0,0,0,0,753,753,0,0,0,0,0,0,0,0,0,0,0,0,0,0,0,0,0,0,0,0,0,0,0,0,0,0,0,0,0,0,0,0,4732,4732,4140,4732,5520,5520,5520,6624,6624,16560,0,33119,33119,6624,6624,3011,3011,0,0,0,0,0,0,0,0,0,0,0,0,0,0,0,0,0,2548,0,0,0,0,0,0,2760,2760,2760,2366,2366,2366,2548,2548,3011,0,0,3011,2548,2548,2548,2548,2366,2366,2366,2548,2366,3011,3011,3011,2366,2366,2366,2366,2548,2548,2548,2548,2548,2548,2366,2366,2366,2366,2366,2366,2366,2366,2366,2366,2366,2366,2366,2366,2366,2366,2366,2366,2366,2366,2366,2366,2366,2366,2208,2366,2366,2366,2366,2366,2366,2366,2366,2366,2366,2366,2366,2208,2070,2070,2070,2070,2208,2208,2208,2208,2208,2208,2208,2208,2208,2208,2208,2208,2070,2208,2208,2208,2208,2208,2208,2208,2208,2208,2208,2366,2548,2760,3011,3312,3312,3312,2366,2366,2208,2208,2208,2208,2208,2208,2208
676,676,676,676,676,676,676,676,676,676,676,676,676,676,676,676,690,690,690,690,690,690,690,690,690,690,690,690,690,705,705,705,705,705,705,705,705,705,705,705,705,720,720,720,720,720,720,720,720,720,720,720,720,720,720,720,720,720,736,736,736,736,736,736,736,736,736,736,736,736,736,736,753,753,753,753,753,753,753,753,753,753,753,753,753,753,753,753,771,771,771,771,771,771,771,771,771,771,771,771,771,771,771,771,771,789,789,789,789,789,789,789,789,789,789,789,789,808,808,808,808,808,808,808,808,808,808,808,808,808,808,808,808,808,828,828,828,828,828,828,828,828,828,828,828,828,828,828,828,828,828,828,850,850,850,850,850,850,850,850,850,850,850,850,850,850,850,850,872,872,872,872,872,872,872,872,872,872,872,872,872,872,872,872,872,872,872,872,872,872,872,872,872,872,872,872,872,872,872,872,872,872,872,872,872,872,0,0,0,0,0,0,0,0,0,0,0,0,0,0,0,0,0,0,0,0,0,0,0,0,0,0,0,0,0,0,1227,1227,1183,1183,1183,1183,1183,1183,1183,1183,1183,1183,1183,1183,1183,1183,1183,1183,0,0,0,0,0,0,0,0,0,0,0,0,0,1183,1143,1143,1143,1143,1143,1143,1143,1143,1143,1143,1143,1143,1143,1183,1183,1183,1183,1183,1183,1183,1183,1183,1183,1183,1183,1183,1183,1183,1183,1183,1183,1183,1183,1183,1183,1183,1183,1227,1227,1227,1183,1183,828,828,828,828,828,828,828,828,828,828,828,828,828,828,828,828,828,828,828,828,828,828,828,828,828,828,0,0,828,828,850,828,0,0,0,0,0,0,0,0,0,0,0,0,0,828,828,828,828,828,808,808,808,808,789,789,789,789,771,771,771,771,771,771,771,771,789,808,808,0,0,850,872,872,872,872,850,808,808,808,808,808,808,808,808,808,808,808,808,808,808,808,808,808,808,808,828,828,828,850,850,850,850,850,850,850,850,872,850,0,0,0,0,0,0,0,0,0,0,0,0,1840,1840,1840,1840,1840,1840,1840,1840,1840,1840,1840,1840,1840,1840,0,0,0,0,0,1656,0,0,0,0,0,0,0,0,0,0,0,0,0,0,0,0,0,0,0,0,0,0,0,0,0,0,0,0,0,0,0,0,0,0,0,4732,4732,5520,5520,5520,6624,6624,16560,0,0,33119,6624,6624,3011,3011,0,0,0,0,0,0,0,0,0,0,0,0,0,0,0,0,0,2548,0,2548,2548,2548,0,2366,2760,2760,2760,2366,2366,2366,2366,2548,2548,0,0,3011,2548,2548,2366,2366,2366,2366,2366,2366,2366,2548,2548,2366,2366,2366,2366,2366,2548,2548,2548,2548,2548,2548,2366,2366,2366,2366,2366,2366,2366,2366,2366,2366,2366,2366,2366,2366,2366,2366,2366,2366,2366,2366,2366,2366,2366,2366,2208,2208,2366,2366,2366,2366,2366,2366,2366,2366,2366,2208,2208,2208,2208,2070,2208,2208,2208,2208,2208,2208,2208,2208,2208,2208,2208,2208,2208,2208,2070,2208,2208,2208,2208,2208,2208,2208,2208,2208,2208,2366,2548,2760,3011,3312,3312,3312,2366,2366,2208,2208,2208,2208,2208,2208,2208
676,676,676,676,676,676,676,676,676,676,676,676,676,676,676,676,676,690,690,690,690,690,690,690,690,690,690,690,705,705,705,705,705,705,705,705,705,705,705,705,705,720,720,720,720,720,720,720,720,720,720,720,720,720,720,720,720,736,736,736,736,736,736,736,736,736,736,736,736,736,736,736,753,753,753,753,753,753,753,753,753,753,753,753,753,753,753,753,753,771,771,771,771,771,771,771,771,771,771,771,771,771,771,771,771,789,789,789,789,789,789,789,789,789,789,789,808,808,808,808,808,808,808,808,808,808,808,808,808,808,808,808,808,808,808,828,828,828,828,828,828,828,828,828,828,828,828,828,828,828,828,850,850,850,850,850,850,850,850,850,850,850,850,872,872,872,872,872,872,872,872,872,872,872,872,872,872,872,872,872,872,872,872,872,872,872,872,872,872,872,872,872,872,872,872,872,872,872,872,872,872,872,872,872,872,872,0,0,0,0,0,0,0,0,0,0,0,0,0,0,0,0,0,0,0,0,0,0,0,0,0,0,0,0,0,0,1227,1183,1183,1183,1183,1183,1183,1183,1183,1183,1183,1183,1183,1183,1183,1183,1183,1183,0,0,0,0,0,0,0,0,0,0,0,0,0,0,1143,1143,1143,1143,1143,1143,1143,1143,1143,1143,1143,1143,1143,1183,1183,1183,1183,1183,1183,1183,1183,1183,1183,1183,1183,1183,1183,1183,1183,1183,1183,1183,1183,1183,1183,1183,1183,1183,1183,1227,1183,1183,828,828,828,828,828,828,828,828,828,828,828,828,828,828,828,828,828,828,828,828,828,828,808,808,828,828,0,0,828,828,850,850,0,0,0,0,0,0,0,0,0,0,1069,0,828,828,808,808,808,808,808,808,789,789,771,771,771,771,771,771,771,771,771,771,771,1949,0,0,0,0,0,872,872,872,872,872,872,850,850,850,850,850,808,808,808,808,808,808,808,808,1380,1744,1744,808,808,808,828,828,850,850,850,850,850,850,850,850,850,850,850,850,0,0,0,0,0,0,0,0,0,0,1840,1840,1840,1840,1840,1840,1840,1840,1840,1840,1840,1840,1840,1840,1840,1949,0,0,0,1744,1744,1744,0,0,0,0,0,0,0,0,0,0,0,0,0,0,0,0,0,0,0,0,0,0,0,0,0,0,0,0,0,0,0,0,0,0,0,0,5520,5520,6624,6624,6624,16560,0,16560,16560,6624,6624,3011,3011,0,0,0,0,0,0,0,0,0,0,0,0,0,0,0,0,0,0,0,0,2548,2548,2760,2366,2760,2760,2760,2366,2366,2366,2366,2548,2548,0,0,3011,2548,2548,2366,2366,2366,2366,2366,2366,2366,2548,2548,2548,2366,2366,2366,2366,2366,2548,2548,2548,2548,2548,2366,2366,2366,2366,2366,2366,2366,2366,2366,2366,2366,2366,2366,2366,2366,2366,2366,2366,2366,2366,2366,2208,2208,2208,2208,2208,2208,2366,2366,2366,2366,2366,2366,2366,2366,2208,2208,2208,2208,2070,2208,2208,2208,2208,2208,2208,2208,2208,2208,2208,2208,2208,2208,2208,2070,2070,2208,2208,2208,2208,2208,2208,2208,2208,2208,2366,2548,2760,3011,3312,3312,3312,2366,2208,2208,2208,2208,2208,2208,2208,2208
676,676,676,676,676,676,676,676,676,676,676,676,676,676,676,676,690,690,690,690,690,690,690,690,690,690,690,690,705,705,705,705,705,705,705,705,705,705,705,705,705,720,720,720,720,720,720,720,720,720,720,720,720,720,720,720,736,736,736,736,736,736,736,736,736,736,736,736,736,736,736,736,753,736,753,753,753,753,753,753,753,753,753,753,753,753,753,753,771,771,771,771,771,771,771,771,771,771,771,771,771,771,771,771,771,771,771,789,789,789,789,789,789,789,789,789,808,808,808,808,808,808,808,808,808,808,808,808,808,808,808,808,808,808,808,828,828,828,828,828,828,828,828,828,828,828,828,828,828,850,850,850,850,850,850,850,850,850,850,850,850,850,850,872,872,872,872,872,872,872,872,872,872,872,872,872,872,872,872,872,872,872,872,872,872,872,872,872,872,872,872,872,872,872,872,872,872,872,872,872,872,872,872,872,872,872,0,0,0,0,0,0,0,0,0,0,0,0,0,0,0,0,0,0,0,0,0,0,0,0,0,0,0,0,0,0,1227,1183,1183,1183,1183,1183,1183,1183,1183,1183,1183,1183,1183,1183,1183,1183,1183,1183,0,0,0,0,0,0,0,0,0,0,0,0,1183,1183,1143,1143,1143,1143,1143,1143,1143,1143,1143,1143,1143,1143,1143,1183,1183,1183,1183,1183,1183,1183,1183,1183,1183,1183,1183,1183,1183,1183,1183,1183,1183,1183,1183,1183,1183,1183,1183,1183,1183,1227,1183,1183,828,828,828,828,828,828,828,828,828,828,828,828,828,828,828,828,828,828,828,828,828,828,808,808,828,920,920,0,920,828,920,920,0,0,0,0,0,0,0,0,0,1069,808,808,808,808,808,808,808,789,789,789,789,771,771,771,771,771,771,771,771,771,771,771,1656,0,0,0,0,808,808,808,850,850,850,850,850,850,850,850,850,0,850,808,808,808,789,808,0,0,0,0,0,0,1744,808,808,828,850,850,850,850,850,850,850,850,0,1069,850,1069,0,0,0,0,0,0,0,0,0,0,1840,1840,1840,1840,1840,1840,1840,1840,1840,1840,1840,1840,1840,1840,1949,0,0,1949,1744,1744,1744,0,0,0,0,0,0,0,0,0,0,0,0,0,0,0,0,0,0,0,0,0,0,0,0,0,4732,5520,5520,0,0,0,0,0,0,0,0,4732,5520,5520,5520,6624,16560,16560,0,16560,16560,6624,6624,3011,3011,0,0,0,0,0,0,0,0,0,0,0,0,0,0,0,0,0,0,0,2548,2548,2548,2760,2366,2760,2760,2760,2366,2366,2366,2548,2548,2548,2548,0,2548,2548,2548,2548,2548,2366,2366,2366,2548,2548,2548,2548,2548,2366,2366,2366,2366,2548,2548,2548,2548,2548,2548,2548,2366,2366,2366,2366,2366,2366,2366,2366,2366,2366,2366,2366,2366,2366,2366,2366,2366,2366,2366,2366,2208,2208,2208,2208,2208,2208,2366,2366,2366,2366,2366,2208,2208,2366,2208,2208,2208,2208,2070,2208,2208,2208,2208,2208,2208,2208,2208,2208,2208,2208,2208,2208,2208,2070,2070,2208,2208,2208,2208,2208,2208,2208,2208,2208,2366,2548,2760,3011,3312,3312,3312,2208,2208,2208,2208,2208,2208,2208,2208,2208
676,676,663,676,676,676,676,676,676,676,676,676,676,676,676,676,690,690,690,690,690,690,690,690,690,690,690,690,705,705,705,705,705,705,705,705,705,705,705,705,705,705,720,720,720,720,720,720,720,720,720,720,720,720,720,720,720,736,736,736,736,736,736,736,736,736,736,736,736,736,753,753,753,753,753,753,753,753,753,753,753,753,753,753,753,753,753,771,771,771,771,771,771,771,771,771,771,771,771,771,771,771,789,771,771,771,771,771,789,789,789,789,789,789,789,789,808,808,808,808,808,808,808,808,808,808,808,808,808,808,808,808,808,808,808,828,828,828,828,828,828,828,828,828,828,828,828,828,828,850,850,850,850,850,850,850,850,850,850,850,850,850,850,872,872,872,872,872,872,872,872,872,872,872,872,872,872,872,872,872,896,896,896,896,872,872,872,872,872,872,872,872,872,872,872,872,872,872,872,872,872,896,872,872,896,896,896,0,0,0,0,0,0,0,0,0,0,0,0,0,0,0,0,0,0,0,0,0,0,0,0,0,0,0,0,0,0,1227,1183,1183,1183,1183,1183,1183,1183,1227,1227,1183,1183,1183,1183,1183,1183,1183,0,0,0,0,0,0,0,0,0,0,0,0,1183,1143,1143,1143,1143,1143,1143,1143,1143,1143,1143,1143,1143,1143,1143,1183,1183,1183,1183,1183,1183,1183,1183,1183,1183,1183,1183,1183,1183,1183,1183,1183,1183,1183,1183,1183,1183,1183,1227,1227,1227,1227,1227,1227,1183,1227,828,828,828,828,828,828,828,828,828,828,828,828,828,828,828,828,828,828,828,828,808,808,828,920,920,0,920,920,920,920,0,0,0,0,0,0,1069,1035,808,808,808,808,808,808,808,808,789,789,789,771,771,771,771,771,771,771,771,771,771,771,771,1227,1744,0,0,0,850,789,789,789,789,789,789,789,789,808,808,850,0,0,0,0,0,0,736,0,0,0,0,0,0,0,1744,808,808,808,828,850,850,850,850,850,850,0,0,0,0,0,0,0,0,0,0,0,0,0,0,1840,1840,1840,1840,1840,1840,1840,1840,1840,1840,1840,1840,1840,1840,1840,1949,0,0,1949,1744,1744,1744,1744,0,0,0,0,0,0,0,0,0,0,0,0,0,0,0,0,0,0,0,0,0,0,0,0,2760,2760,5520,0,0,0,0,0,0,0,0,0,5520,5520,6624,6624,16560,16560,33119,16560,16560,6624,6624,3011,3011,2760,0,0,0,0,0,0,0,0,0,0,0,0,0,0,0,0,0,0,0,2548,2548,0,0,0,0,2760,2548,2548,2548,2548,2548,2548,2548,2548,2548,2548,2548,2548,2548,2366,2366,2548,2548,2548,2548,2548,2548,2548,2366,2366,2548,2548,2548,2548,2548,2548,2548,2548,2366,2366,2366,2366,2366,2366,2366,2366,2366,2366,2366,2366,2366,2366,2366,2366,2366,2366,2366,2366,2208,2366,2208,2208,2208,2366,2366,2366,2366,2366,2366,2366,2208,2366,2208,2208,2208,2208,2070,2208,2208,2208,2208,2208,2208,2208,2208,2208,2208,2208,2208,2208,2208,2070,2208,2208,2208,2208,2208,2208,2208,2208,2208,2208,2366,2548,2760,3011,3312,3312,3312,3680,2208,2208,2208,2208,2208,2208,2208,2208
663,663,663,663,663,663,676,676,676,676,676,676,676,676,676,676,690,690,690,690,690,690,690,690,690,690,690,690,705,705,705,705,705,705,705,705,705,705,705,705,705,720,720,720,720,720,720,720,720,720,720,720,720,720,720,720,736,736,736,736,736,736,736,736,736,736,736,736,736,736,736,736,753,753,753,753,753,753,753,753,753,753,753,753,753,771,771,771,771,771,771,771,771,771,771,771,771,771,771,771,771,771,789,789,771,771,771,771,789,789,789,789,789,789,789,789,808,808,808,808,808,808,808,808,808,808,808,808,808,808,808,808,808,808,808,828,828,828,828,828,828,828,828,828,828,828,828,828,828,850,850,850,850,850,850,850,850,850,850,850,850,850,850,850,850,872,872,872,872,872,872,872,872,872,872,872,872,872,872,872,896,896,896,896,896,896,872,872,872,872,872,872,896,872,872,872,872,872,872,872,872,872,872,872,896,896,896,0,0,0,0,0,0,0,0,0,0,0,0,0,0,0,0,0,0,0,0,0,0,0,0,0,0,0,0,0,0,0,1227,1183,1183,1183,1183,1227,1227,1227,1227,1227,1183,1183,1183,1183,1183,1183,0,0,0,0,0,0,0,0,0,1104,1104,1104,1104,1143,1143,1143,1143,1143,1143,1143,1143,1143,1143,1143,1143,1143,1143,1143,1183,1183,1183,1227,1227,1183,1183,1183,1183,1183,1183,1183,1183,1183,1183,1183,1183,1183,1183,1183,1183,1183,1227,1227,1227,1227,1227,1227,1227,1227,1183,828,828,828,828,828,828,828,828,828,828,828,828,828,828,1069,828,828,828,828,808,808,920,920,920,920,920,920,920,0,0,0,0,0,0,0,1035,808,808,789,789,789,789,808,789,789,789,789,771,771,771,771,753,753,753,753,753,753,753,771,771,1656,1744,0,1949,1656,789,789,789,789,789,789,789,789,789,789,789,850,0,0,0,0,0,736,736,736,0,0,0,0,0,0,1744,808,808,808,828,0,0,1656,850,0,0,0,0,0,0,0,0,0,0,0,0,0,0,0,0,1840,1840,1840,1840,1840,1840,1840,1840,1840,1840,1840,1840,1840,1840,1949,1949,0,0,1949,0,0,1744,1744,0,1744,1744,0,0,0,0,0,0,0,0,0,0,0,0,0,0,0,0,0,0,0,0,1744,1744,1744,1949,0,0,0,0,0,0,0,0,0,5520,6624,6624,8280,16560,16560,16560,16560,16560,6624,6624,3011,2760,2760,0,0,0,0,0,0,0,0,0,0,0,0,0,0,0,0,0,0,2548,2548,2548,0,0,0,0,2760,2548,2548,2548,2548,2548,2548,2548,2548,2548,2548,2548,2548,2548,2548,2548,2548,2548,2548,2548,2548,2548,2548,2366,2366,2548,2548,2548,2548,2548,2548,2548,2548,2366,2366,2366,2366,2366,2366,2366,2548,2548,2548,2366,2366,2366,2366,2366,2366,2366,2366,2366,0,0,0,2366,2366,2208,2366,2366,2366,2366,2366,2366,2366,2366,2366,2208,2208,2208,2208,2070,2208,2208,2208,2208,2208,2208,2208,2208,2208,2208,2208,2208,2208,2208,2070,2208,2208,2208,2208,2208,2208,2208,2208,2208,2208,2366,2548,2760,3011,3312,3312,3312,3680,2208,2208,2208,2208,2208,2208,2208,2208
663,663,663,663,663,663,676,676,676,676,676,676,676,676,676,676,690,690,690,690,690,690,690,690,690,690,690,690,690,705,705,705,705,705,705,705,705,705,705,705,705,705,720,720,720,720,720,720,720,720,720,720,720,720,720,720,720,736,736,736,736,736,736,736,736,736,736,736,736,736,736,736,736,736,753,753,753,753,753,753,753,753,753,753,771,771,771,771,771,771,771,771,771,771,771,771,771,771,771,771,771,789,789,789,771,771,771,771,789,789,789,789,789,789,789,789,808,808,808,808,808,808,808,808,808,808,808,808,808,808,808,808,808,808,828,828,828,828,828,828,828,828,828,828,828,828,828,828,850,850,850,850,850,850,850,850,850,850,850,850,850,850,850,850,850,872,872,872,872,872,872,872,872,872,872,872,872,872,872,872,872,872,896,896,896,896,896,872,872,872,872,872,896,872,872,872,872,872,872,872,872,872,872,872,872,896,896,896,0,0,0,0,0,0,0,0,0,0,0,0,0,0,0,0,0,0,0,0,0,0,0,0,0,0,0,0,0,0,1227,1227,1227,1227,1227,1227,0,1227,1227,1227,1183,1183,1183,1183,1183,1183,0,0,0,0,0,0,0,0,1143,1104,1104,1104,1104,1143,1143,1143,1143,1143,1143,1143,1143,1143,1143,1143,1143,1143,1143,1143,1183,1183,1183,1227,1227,1183,1183,1183,1183,1183,1183,1183,1183,1183,1183,1183,1183,1183,1183,1183,1183,1183,1227,1227,1227,1227,1227,1227,1227,1227,1227,828,828,828,828,828,828,828,828,828,828,828,828,828,828,1069,828,828,828,828,808,808,920,920,920,920,920,920,920,0,0,0,0,0,0,1035,808,789,789,789,789,789,789,789,789,789,789,771,771,771,753,753,753,753,753,753,753,753,753,753,1227,1744,1744,1949,1656,789,789,789,789,789,789,789,789,789,789,789,789,789,0,0,0,789,736,736,736,736,0,0,0,0,0,0,808,808,808,808,828,850,850,850,850,850,0,0,0,0,0,0,0,0,0,0,0,0,0,0,0,1840,1840,1840,1840,1840,1840,1840,1840,1840,1840,1840,1840,1840,1840,1949,1949,0,0,0,0,0,1744,1744,1744,1744,1744,0,0,0,0,0,0,0,0,0,0,0,0,0,0,0,0,0,0,0,0,0,0,1949,1949,0,0,0,0,0,0,0,0,4732,5520,6624,6624,8280,16560,16560,33119,33119,16560,6624,6624,3011,2760,2760,0,0,0,0,0,0,0,0,0,0,0,0,0,0,0,0,0,0,2548,2548,2548,0,0,0,0,2760,2548,2548,2548,2548,2548,2548,2548,2548,2548,2548,2548,2548,2548,2548,2548,2548,2548,2548,2548,2548,2548,2548,2548,2548,2548,2548,2548,2548,2548,2548,2548,2548,2366,2366,2366,2366,2366,2366,2548,2548,2548,2548,2366,2366,2366,2366,2366,2366,2366,2366,0,0,0,0,0,0,2366,2366,2366,2366,2366,2366,2366,2366,2208,2366,2366,2366,2208,2070,2070,2070,2070,2208,2208,2208,2208,2208,2208,2208,2208,2208,2208,2208,2208,2070,2208,2208,2208,2208,2208,2208,2208,2208,2208,2208,2366,2548,2760,3011,3312,3312,3680,3680,2208,2208,2208,2208,2208,2208,2208,2208
663,663,663,663,663,676,676,676,676,676,676,676,676,676,676,676,690,690,690,690,690,690,690,690,690,690,690,690,705,705,705,705,705,705,705,705,705,705,705,705,705,705,720,720,720,720,720,720,720,720,720,720,720,720,720,720,720,736,736,736,736,736,736,736,736,736,736,736,736,736,736,736,736,736,753,753,753,753,753,753,753,753,753,753,771,771,771,771,771,771,771,771,771,771,771,771,771,771,771,771,771,789,789,789,789,771,771,789,789,789,789,789,789,789,789,789,808,808,808,808,808,808,808,808,808,808,808,808,808,808,808,808,808,808,828,828,828,828,828,828,828,828,828,828,828,828,828,828,828,828,850,850,850,850,850,850,850,850,850,850,850,850,850,850,850,850,872,872,872,872,872,872,872,872,872,872,872,872,872,872,872,896,896,896,896,896,896,872,872,872,872,872,896,872,872,872,872,872,872,872,872,872,872,872,872,872,896,896,0,0,0,0,0,0,0,0,0,0,0,0,0,0,0,0,0,0,0,0,0,0,0,0,0,0,0,0,0,0,1227,1227,1227,1227,1227,1227,0,1227,1227,1227,1183,1183,1183,1183,1183,1183,1183,0,0,0,0,0,0,0,1143,1143,1143,1104,1104,1143,1143,1143,1143,1143,1143,1143,1143,1143,1143,1143,1143,1143,1143,1143,1143,1183,1183,1227,1227,1183,1183,1183,1143,1143,1143,1183,1143,1183,1183,1183,1183,1183,1183,1183,1183,1183,1227,1227,1227,1227,1227,1227,1227,1274,1227,828,828,828,828,828,828,828,828,828,828,828,828,828,828,1069,828,828,828,828,808,808,920,920,920,920,920,920,920,920,0,0,0,0,1035,808,789,789,789,789,789,789,789,789,789,789,771,771,771,753,753,753,753,753,753,753,753,753,753,753,1227,1656,1656,1656,850,789,789,789,789,789,789,789,789,789,789,789,789,789,789,789,789,789,771,771,736,771,0,0,0,0,0,0,808,808,808,828,828,850,850,850,850,850,850,1069,0,0,0,1069,0,0,0,0,0,0,0,0,0,0,1840,1840,1840,1840,1840,1840,1840,1840,1840,1840,1840,1840,1840,1949,0,0,0,0,0,0,0,1949,0,0,0,0,0,0,0,0,0,0,0,0,0,0,0,0,0,0,0,0,0,0,0,0,0,1949,1949,8280,0,0,0,0,0,0,0,4732,5520,6624,6624,6624,16560,16560,0,0,33119,6624,0,3011,2760,2760,2760,2760,0,0,0,0,0,0,0,0,0,0,0,0,0,0,0,2548,2548,2548,2548,2548,2548,2760,2760,2548,2548,2548,2548,2548,2548,2548,2548,2548,2548,2548,2548,2548,2548,2548,2548,2548,2548,2548,2548,2548,2548,2548,2548,2548,2548,2548,2548,2548,2548,2548,2548,2548,2366,2366,2366,2366,2366,2366,2548,2548,2548,2548,2366,2366,2366,2366,2366,2366,2366,2366,2548,0,0,0,0,0,2366,2366,2366,2366,2366,2366,2366,2208,2208,2366,2366,2366,2208,2070,2070,2070,2070,2208,2208,2208,2208,2208,2208,2208,2208,2208,2208,2208,2208,2070,2208,2208,2208,2208,2208,2208,2208,2208,2208,2208,2366,2548,2760,3011,3312,3312,3680,3680,2208,2208,2208,2208,2208,2208,2208,2208
663,663,663,663,676,676,676,676,676,676,676,676,676,676,676,676,690,690,690,690,690,690,690,690,690,690,690,690,705,705,705,705,705,705,705,705,705,705,705,705,705,705,705,720,720,720,720,720,720,720,720,720,720,720,720,720,720,720,736,736,736,736,736,736,736,736,736,736,736,736,736,736,753,753,753,753,753,753,753,753,753,753,753,753,771,771,771,771,771,771,771,771,771,771,771,771,771,771,771,771,771,789,789,789,789,789,789,789,789,789,789,789,789,789,789,808,808,808,808,808,808,808,808,808,808,808,808,808,808,808,808,808,808,808,828,828,828,828,828,828,828,828,828,828,828,828,828,828,828,828,828,850,850,850,850,850,850,850,850,850,850,850,850,850,850,850,872,872,872,872,872,872,872,872,872,872,872,872,872,872,872,872,896,896,872,872,872,872,872,872,872,872,896,872,872,872,872,872,872,872,872,872,872,872,872,872,872,872,0,0,0,0,0,0,0,0,0,0,0,0,0,0,0,0,0,0,0,0,0,0,0,0,0,0,0,0,0,0,1227,1227,1227,1227,1227,1227,1227,1227,1227,1183,1183,1183,1183,1183,1183,1183,1183,1227,0,0,0,0,0,0,1143,1143,1143,1143,1143,1143,1143,1143,1143,1143,1143,1143,1143,1143,1143,1143,1143,1143,1143,1143,1183,1183,1183,1227,1227,1183,1183,1183,1143,1143,1143,1183,1143,1183,1183,1183,1183,1183,1183,1183,1183,1183,1183,1227,1227,1227,1227,1227,1227,1227,1227,1227,828,828,828,828,828,828,828,828,828,828,828,828,828,1069,828,828,828,1744,808,808,920,0,0,0,920,920,0,0,0,0,0,0,808,789,789,789,789,789,789,789,789,789,789,789,771,771,753,753,753,753,753,753,753,753,753,753,753,1227,1949,1744,1227,1227,789,789,789,789,789,789,789,789,789,789,789,789,789,789,789,789,789,789,771,771,771,771,771,850,0,0,850,789,808,808,808,828,828,850,850,850,850,850,872,0,0,0,0,850,1840,0,0,0,0,0,0,0,0,1840,1840,1840,1840,1840,1840,1840,1840,1840,1840,1840,1840,1840,1840,1949,1949,0,0,0,0,0,0,0,0,0,0,0,0,0,0,0,0,0,0,0,0,0,0,0,0,0,0,0,0,0,0,0,0,1949,1949,1949,8280,8280,0,0,0,0,0,4732,5520,0,8280,0,0,0,0,0,0,0,0,3011,2760,2760,2760,2760,0,0,0,0,0,0,0,0,0,0,0,0,0,0,2548,2548,2548,2548,2548,2548,2366,2548,2548,2548,2548,2548,2548,2548,2548,2548,2548,2548,2548,2548,2548,2548,2548,2760,2760,2760,2760,2760,2548,2548,2548,2548,2548,2548,2548,2548,2548,2548,2548,2548,2548,2548,2366,2366,2366,2366,2366,2366,2548,2548,2548,2548,2548,2366,2366,2366,2366,2548,2548,2548,0,0,0,0,0,0,2366,2366,2366,2208,2208,2366,2366,2208,2208,2366,2208,2208,2208,2070,2070,2070,2070,2208,2208,2208,2208,2208,2208,2208,2208,2208,2208,2208,2208,2070,2208,2208,2208,2208,2208,2208,2208,2208,2208,2208,2366,2548,2760,3011,3312,3312,3680,3680,2208,2208,2208,2208,2208,2208,2208,2208
663,663,663,676,676,676,676,676,676,676,676,676,676,676,676,676,690,690,690,690,690,690,690,690,690,690,690,690,705,705,705,705,705,705,705,705,705,705,705,705,705,705,705,720,720,720,720,720,720,720,720,720,720,720,720,720,720,720,736,736,736,736,736,736,736,736,736,736,736,736,753,753,753,753,753,753,753,753,753,753,753,753,753,753,753,771,771,771,771,771,771,771,771,771,771,771,771,771,771,771,771,789,789,789,789,789,789,789,789,789,789,789,789,789,789,808,808,808,808,808,808,808,808,808,808,808,808,808,808,808,808,808,808,808,828,828,828,828,828,828,828,828,828,828,828,828,828,828,828,828,828,850,850,850,850,850,850,850,850,850,850,850,850,850,850,850,872,872,872,872,872,872,872,872,872,872,872,872,872,872,872,872,896,896,896,872,872,872,872,872,872,896,896,872,872,872,872,872,872,872,872,872,872,872,872,872,872,872,896,0,0,0,0,0,0,0,0,0,0,0,0,0,0,0,0,0,0,0,0,0,0,0,0,0,0,0,1227,1183,1183,1183,1183,1183,1183,1183,1183,1183,1183,1183,1183,1183,1143,1183,1183,1183,1183,1183,1183,1183,0,0,0,1143,1143,1143,1143,1143,1143,1143,1143,1143,1143,1143,1143,1143,1143,1143,1143,1143,1143,1143,1143,1143,1183,1183,1183,1183,1183,1183,1143,1143,1143,1143,1143,1143,1143,1183,1183,1183,1183,1183,1183,1183,1183,1183,1183,1183,1183,1227,1227,1227,1227,1274,1274,1227,828,828,828,828,828,828,828,828,828,828,828,828,828,1069,828,828,828,1744,828,828,0,0,0,0,920,0,0,0,0,0,0,0,789,789,789,789,789,789,789,789,789,789,789,789,771,753,753,736,736,736,736,736,736,736,753,753,1183,1227,0,1656,1227,789,789,789,789,789,789,789,789,789,789,789,789,789,789,789,789,789,771,771,771,771,771,771,771,771,771,771,789,789,789,808,808,828,850,850,850,850,850,850,0,0,0,0,1069,850,850,1840,0,0,0,0,0,0,0,0,1840,1840,1840,1840,1840,1840,1840,1840,1840,1840,1840,1840,1840,1949,0,0,0,0,0,0,0,0,0,0,0,0,0,0,0,0,0,0,0,0,0,0,0,0,0,0,0,0,0,0,0,0,0,1949,1949,1949,1949,0,0,0,0,0,0,4732,0,0,0,0,0,0,0,0,0,0,0,3011,2760,2760,0,0,0,0,0,0,2760,0,0,0,0,0,0,0,0,0,2548,2548,2548,2548,2548,2548,2366,2548,2548,2548,2366,2548,2548,2548,2548,2548,2548,2548,2548,2548,2548,2548,2548,2760,2760,2760,2760,2760,2548,2548,2548,2548,2548,2548,2548,2548,2548,2548,2548,2548,2548,2548,2366,2366,2366,2366,2366,2366,2548,2548,2548,2548,2548,2366,2366,2366,2366,2548,2548,2548,0,0,0,0,0,2548,2366,2366,2366,2208,2208,2208,2208,2208,2208,2366,2208,2208,2208,2070,2070,2070,2070,2208,2208,2208,2208,2208,2208,2208,2208,2208,2208,2208,2070,2070,2070,2070,2070,2208,2208,2070,2070,2070,2070,2208,2366,2548,2760,3011,3312,3312,3312,2208,2208,2208,2208,2208,2208,2208,2208,2208
663,663,663,676,676,676,676,676,676,676,676,676,676,676,676,676,690,690,690,690,690,690,690,690,690,690,690,690,690,705,705,705,705,705,705,705,705,705,705,705,705,705,705,705,720,720,720,720,720,720,720,720,720,720,720,720,720,720,720,736,736,736,736,736,736,736,736,736,736,753,753,753,753,753,753,753,753,753,753,753,753,753,753,753,753,771,753,771,771,771,771,771,771,771,771,771,771,771,771,771,771,789,789,789,789,789,789,789,789,789,789,789,789,789,789,789,808,808,808,808,808,808,808,808,808,808,808,808,808,808,808,808,808,828,828,828,828,828,828,828,828,828,828,828,828,828,828,828,828,828,828,850,850,850,850,850,850,850,850,850,850,850,850,850,850,850,872,872,872,872,872,872,872,872,872,872,872,872,872,872,872,896,896,896,896,896,896,872,872,896,896,896,896,896,896,896,872,872,872,872,872,872,872,872,872,872,872,896,896,0,0,0,0,0,0,0,0,0,0,0,0,0,0,0,0,0,0,0,0,0,0,0,0,0,0,1227,1183,1183,1143,1183,1143,1143,1183,1183,1183,1183,1183,1183,1183,1183,1183,1183,1183,1183,1183,1183,1183,1183,0,0,0,0,1143,1143,1143,1143,1143,1143,1143,1143,1143,1143,1143,1143,1143,1143,1143,1143,1143,1143,1143,1183,1183,1183,1183,1183,1183,1183,1183,1183,1143,1143,1143,1183,1143,1183,1183,1183,1183,1183,1183,1183,1183,1183,1183,1183,1183,1227,1227,1227,1227,1227,0,1227,828,828,828,828,828,828,828,828,828,828,828,828,828,828,828,828,828,828,828,872,0,0,0,0,0,0,0,0,0,0,0,789,789,789,789,789,789,789,789,789,789,789,789,789,771,753,753,736,736,736,736,736,736,736,736,753,1227,0,0,1744,808,789,789,789,789,789,789,771,771,771,771,771,789,789,789,789,771,771,771,771,771,771,771,771,771,771,771,771,771,789,789,789,808,828,850,850,850,850,850,850,0,0,0,0,1069,850,850,1840,0,0,0,0,0,0,0,0,1840,1840,1840,1840,1840,1840,1840,1840,1840,1840,1840,1840,1840,1949,0,0,0,0,0,0,0,1949,0,0,0,0,0,0,0,0,0,0,0,0,0,0,0,0,0,0,0,0,0,0,0,0,0,0,0,0,0,0,0,0,0,0,0,4732,5520,0,8280,8280,0,0,0,0,0,0,0,3011,2760,2760,0,0,0,0,0,0,2760,0,2760,2760,0,0,0,0,0,0,2548,2548,2548,2548,2366,2366,2366,2548,2548,2548,2366,2548,2548,2548,2548,2548,2548,2548,2548,2548,2548,2548,2548,2760,2760,2760,2548,2548,2548,2548,2548,2548,2548,2548,2548,2548,2548,2548,2548,2548,2548,2548,2548,2366,2366,2366,2366,2366,2548,2548,2548,2548,2548,2366,2366,2548,2548,2548,2548,2548,2548,0,2548,2548,2548,2548,2366,2366,2208,2208,2208,2366,2366,2208,2208,2366,2366,2366,2208,2070,2070,2070,2070,2070,2208,2208,2208,2208,2208,2208,2208,2208,2208,2208,2070,2070,2070,2070,2070,2208,2208,2070,2070,2070,2070,2208,2366,2548,2760,3011,3312,3312,3312,2208,2208,2070,2070,2070,2070,2070,2070,2070
663,663,663,676,676,676,676,676,676,676,676,676,676,676,676,676,690,690,690,690,690,690,690,690,690,690,690,690,690,705,705,705,705,705,705,705,705,705,705,705,705,705,705,705,720,720,720,720,720,720,720,720,720,720,720,720,720,720,720,720,736,736,736,736,736,736,736,736,753,753,753,753,753,753,753,753,753,753,753,753,753,753,753,753,753,753,753,753,771,771,771,771,771,771,771,771,771,771,771,771,771,789,789,789,789,789,789,789,789,789,789,789,789,789,789,789,789,789,808,808,808,808,808,808,808,808,808,808,808,808,808,808,808,828,828,828,828,828,828,828,828,828,828,828,828,828,828,828,828,828,828,850,850,850,850,850,850,850,850,850,850,850,850,850,850,850,872,872,872,872,872,872,872,872,872,872,872,872,872,872,896,896,896,896,896,896,896,896,896,896,896,896,896,896,896,896,896,896,896,896,896,896,896,896,896,896,896,896,896,896,0,0,0,0,0,0,0,0,0,0,0,0,0,0,0,0,0,0,0,0,0,0,0,0,0,1183,1183,1183,1143,1183,1143,1143,1183,1183,1183,1183,1183,1183,1183,1183,1183,1183,1183,1183,1183,1183,1183,1183,1183,0,0,0,0,1143,1143,1143,1143,1143,1143,1143,1143,1143,1143,1143,1143,1143,1143,1143,1143,1143,1183,1183,1183,1183,1183,1183,1183,1183,1183,1183,1183,1143,1143,1183,1143,1183,1183,1183,1183,1183,1183,1183,1183,1183,1183,1183,1183,1183,1227,1227,1227,1227,1227,1227,828,828,828,828,828,828,828,828,828,828,828,828,828,828,828,828,828,828,828,872,0,0,0,0,0,0,0,0,0,0,808,789,789,789,789,789,789,789,789,789,789,789,789,789,753,753,736,736,736,736,736,736,736,736,753,1380,1380,0,0,1227,808,789,789,789,771,771,771,771,771,771,771,771,771,771,771,771,771,771,771,771,771,771,771,771,771,771,771,771,771,771,771,789,789,808,850,850,850,0,0,0,0,0,0,0,1069,850,789,808,850,0,0,0,0,0,0,1840,1840,1840,0,1840,1840,1840,1840,1840,1840,1840,1840,1840,1840,1949,0,0,0,0,0,0,1949,771,789,808,828,0,0,0,0,0,0,0,0,0,0,0,0,0,0,0,0,0,0,0,0,0,0,0,0,0,0,0,0,0,0,3680,4140,4140,4732,6624,8280,11040,0,16560,0,0,0,0,0,3312,3011,2760,0,0,0,0,0,0,0,0,0,0,0,0,0,0,0,0,2548,2548,2548,2548,2548,2548,2366,2548,2548,2548,2548,2548,2548,2548,2548,2548,2548,2548,2548,2548,2548,2548,2548,2548,2548,2548,2548,2548,2548,2548,2548,2548,2548,2548,2548,2548,2548,2548,2548,2548,2548,2548,2548,2366,2366,2366,2366,2366,2548,2548,2548,2548,2548,2366,2366,2548,2548,2548,2548,2548,2548,2548,2548,2548,2548,2548,2366,2366,2366,2208,2366,2366,2366,2366,2366,2366,2366,2366,2208,2070,2070,2070,2070,2208,2208,2208,2208,2208,2208,2208,2208,2208,2208,2208,2070,2070,2070,2070,2070,2070,2070,2070,2070,2070,2208,2208,2366,2548,2760,3011,3312,3312,3312,2208,2208,2070,2070,2070,2070,2070,2070,2070
663,663,663,663,676,676,676,676,676,676,676,676,676,676,676,676,676,690,690,690,690,690,690,690,690,690,690,690,690,690,705,705,705,705,705,705,705,705,705,705,705,705,705,720,720,720,720,720,720,720,720,720,720,720,720,720,720,720,720,720,720,736,736,736,736,736,736,736,736,753,753,753,753,753,753,736,753,753,753,753,753,753,753,753,753,753,753,771,771,771,771,771,771,771,771,771,771,771,771,771,771,789,789,789,789,789,789,789,789,789,789,789,789,789,789,789,789,789,808,808,808,808,808,808,808,808,808,808,808,808,808,808,828,828,828,828,828,828,828,828,828,828,828,828,828,828,828,828,828,828,828,828,850,850,850,850,850,850,850,850,850,850,850,850,850,872,872,872,872,872,872,872,872,872,872,872,872,872,872,896,896,896,896,896,896,896,896,896,896,896,896,896,896,896,896,896,896,896,896,896,896,896,896,896,896,896,896,896,896,896,0,0,0,0,0,0,0,0,0,0,0,0,0,0,0,0,0,0,0,0,0,0,0,0,0,0,0,1183,1183,1183,1183,1183,1183,1183,1183,1183,1183,1183,1183,1183,1183,1183,1183,1183,1183,1183,0,0,0,0,0,0,0,0,1183,1183,1183,1183,1143,1143,1143,1143,1143,1143,1143,1143,1183,1183,1183,1183,1183,1183,1183,1183,1183,1183,1183,1183,1183,1183,1183,1183,1183,1183,1183,1183,1183,1183,1183,1183,1183,1183,1183,1183,1183,1183,1183,1183,1227,1227,1227,1227,1227,1227,1183,828,828,828,828,828,828,828,828,828,828,828,828,828,828,828,828,828,828,850,0,0,0,0,0,0,0,1069,1069,1069,789,789,789,789,789,789,789,789,789,789,789,789,789,789,753,736,736,736,736,736,736,736,736,736,1227,0,0,0,0,1227,789,789,789,771,771,771,771,771,771,771,771,771,771,771,771,771,771,771,771,771,771,771,771,771,771,771,771,771,771,771,771,771,771,789,808,828,828,0,0,0,0,0,0,0,0,850,789,789,808,808,0,0,0,0,808,1840,414,1840,0,0,0,1840,1840,1840,460,1840,1840,1840,1840,1949,0,0,1949,0,850,736,736,753,771,771,808,828,0,0,0,0,0,0,0,0,0,0,3680,1227,0,0,0,0,0,0,0,0,0,0,0,0,0,0,0,0,3312,3312,3680,3680,4732,5520,6624,8280,11040,16560,0,0,0,0,0,3011,2760,2760,0,0,0,0,0,0,0,0,0,3680,0,0,0,0,0,0,2548,2548,2548,2548,2548,2760,2760,2760,2760,2760,2548,2548,2548,2548,2548,2548,2548,2548,2548,2548,2548,2548,2548,2548,2760,2548,2548,2548,2548,2548,2548,2548,2548,2548,2548,2548,2548,2548,2548,2548,2548,2548,2548,2366,2366,2366,2366,2366,2548,2548,2548,2548,2366,2366,2366,2548,2548,2548,2548,2548,2548,2548,2548,2548,2548,2366,2366,2366,2366,2366,2366,2366,2366,2366,2366,2366,2366,2366,2366,2070,2070,2070,2070,2208,2208,2208,2208,2208,2208,2208,2208,2208,2070,2208,2070,2070,2070,2070,2070,2070,2070,2070,2070,2070,2208,2208,2366,2548,2760,3011,3312,3312,3312,2208,2208,2070,2070,2070,2070,2070,2070,2070
663,663,663,663,663,663,663,676,676,676,676,676,676,676,676,676,676,690,690,690,690,690,690,690,690,690,690,690,690,690,705,705,705,705,705,705,705,705,705,705,705,705,720,720,720,720,720,720,720,720,720,720,720,720,720,720,720,720,720,720,720,736,736,736,736,736,736,736,736,736,753,753,753,736,753,736,753,753,753,753,753,753,753,753,753,753,753,771,771,771,771,771,771,771,771,771,771,771,771,771,771,789,789,789,789,789,789,789,789,789,789,789,789,789,789,789,789,789,808,808,808,808,808,808,808,808,808,808,808,808,808,808,828,828,828,828,828,828,828,828,828,828,828,828,828,828,828,828,828,828,828,850,850,850,850,850,850,850,850,850,850,850,850,850,850,872,872,872,872,872,872,872,872,872,872,872,872,872,896,896,896,896,896,896,896,896,896,896,896,896,896,896,896,896,896,896,896,896,896,896,896,896,896,896,896,896,896,896,896,896,896,0,0,0,0,0,0,0,0,0,0,0,0,0,0,0,0,0,0,0,0,0,0,0,0,0,0,1183,1183,1183,1183,1183,1183,1183,1183,1183,1183,1183,1183,1183,1183,1183,1183,1183,1183,1183,0,0,0,0,0,0,0,0,0,1183,1183,1183,1183,1183,1183,1183,1183,1183,1183,1183,1183,1183,1183,1183,1183,1183,1183,1183,1183,1183,1183,1183,1183,1183,1183,1183,1183,1183,1183,1183,1183,1183,1183,1183,1183,1183,1183,1183,1183,1183,1183,1183,1227,1227,1227,1227,1227,1227,1104,828,828,828,828,828,828,828,828,828,828,828,828,828,828,828,828,828,828,850,0,0,0,0,0,0,0,1069,828,789,789,789,789,789,789,789,789,789,789,789,789,789,789,789,753,736,736,736,736,736,736,736,736,736,1380,0,0,0,1227,808,789,789,771,771,771,771,771,771,771,771,753,753,753,753,753,753,753,771,771,771,771,771,771,771,771,771,771,771,771,771,771,771,771,771,771,789,771,0,0,0,0,0,0,0,0,0,2070,789,0,0,0,0,0,0,0,1840,414,1840,0,0,0,1840,1840,1840,460,460,1840,1840,1840,0,0,0,1004,1004,850,736,736,753,771,789,808,828,0,0,0,0,0,0,3680,3680,3680,3680,3680,1227,0,0,0,0,0,0,0,0,0,0,0,0,0,0,0,0,0,3680,3680,3680,4140,5520,6624,6624,8280,16560,16560,0,0,0,3312,3011,2760,2760,0,0,0,0,0,0,0,0,0,0,0,0,0,0,0,0,2548,0,0,0,0,0,0,0,0,2760,2760,2548,2548,2548,2548,2548,2548,2548,2548,2548,2548,2548,2548,2548,2760,2548,2548,2548,2548,2548,2548,2548,2548,2548,2548,2548,2548,2548,2548,2548,2548,2548,2366,2366,2366,2366,2366,2366,2366,2548,2548,2548,2366,2366,2366,2366,2548,2548,2548,2548,2366,2548,2548,2366,2366,2366,2366,2366,2366,2366,2366,2366,2366,2366,2366,2366,2366,2366,2366,2366,2070,2070,2208,2208,2208,2208,2208,2208,2208,2208,2208,2208,2070,2208,2070,2070,2070,2070,2070,2070,2070,2070,2070,2070,2208,2208,2366,2548,2760,3011,3312,3312,3312,2208,2070,2070,2070,2070,2070,2070,2070,2070
663,663,663,663,663,663,663,676,676,676,676,676,676,676,676,676,676,690,690,690,690,690,690,690,690,690,690,690,690,690,705,705,705,705,705,705,705,705,705,705,720,720,720,720,720,720,720,720,720,720,720,720,720,720,720,720,720,720,720,720,736,736,736,736,736,736,736,736,753,736,753,753,753,753,753,753,753,753,753,753,753,753,753,753,753,753,753,771,771,771,771,771,771,771,771,771,771,771,771,771,771,789,789,789,789,789,789,789,789,789,789,789,789,789,789,789,789,789,808,808,808,808,808,808,808,808,808,808,808,808,808,808,828,828,828,828,828,828,828,828,828,828,828,828,828,828,828,828,828,828,850,850,850,850,850,850,850,850,850,850,850,850,850,850,850,872,872,872,872,872,872,872,872,872,872,872,872,872,896,896,896,896,896,896,896,896,896,896,896,896,896,896,896,896,896,920,920,896,896,896,896,896,896,896,896,896,896,896,896,896,920,0,0,0,0,0,0,0,0,0,0,0,0,0,0,0,0,0,0,0,0,0,0,0,0,0,0,1183,1183,1183,1183,1183,1183,1183,1183,1183,1183,1183,1183,1183,1183,1183,1183,1183,1183,1183,0,0,0,0,0,0,0,0,0,0,1183,1183,1183,1183,1183,1183,1183,1183,1183,1183,1183,1183,1183,1183,1183,1183,1183,1183,1183,1183,1183,1183,1183,1183,1183,1183,1183,1183,1183,1183,1183,1183,1183,1183,1183,1183,1183,1183,1183,1183,1183,1183,1183,1227,1227,1227,1227,1227,1104,828,828,828,828,828,828,828,828,828,828,828,828,828,828,828,828,828,828,850,0,0,0,0,0,0,1069,828,789,789,789,789,789,789,789,789,789,789,789,789,789,789,789,789,753,736,736,736,736,736,736,736,736,1380,0,0,0,0,808,789,789,789,771,771,771,771,771,771,753,753,753,753,753,753,753,753,753,753,753,771,771,771,771,771,771,771,771,771,771,771,771,771,771,771,771,771,771,771,789,0,0,0,0,0,0,0,789,789,789,0,0,0,0,0,414,414,414,414,0,0,0,404,404,404,404,460,1840,1840,1840,0,0,0,975,975,850,736,736,753,771,789,808,828,0,0,0,0,0,0,3680,3680,3680,0,0,0,0,0,0,0,0,0,0,0,0,0,0,0,0,0,0,0,0,3680,3680,3680,4140,4732,5520,6624,8280,16560,16560,16560,16560,16560,3680,3312,2760,2760,0,0,0,0,0,0,0,0,0,0,0,0,0,0,0,0,2548,0,0,0,0,0,0,3011,2760,2760,2760,2548,2548,2548,2548,2548,2548,2548,2548,2548,2548,2548,2548,2548,2760,2548,2548,2548,2548,2548,2548,2548,2548,2548,2548,2548,2548,2548,2548,2548,2548,2548,2366,2366,2366,2366,2366,2366,2366,2548,2548,2548,2366,2366,2366,2366,2366,2366,2366,2366,2366,2548,2548,2366,2366,2366,2366,2366,2366,2366,2366,2366,2366,2366,2366,2366,2366,2366,2366,2366,2366,2208,2208,2208,2208,2208,2208,2208,2208,2208,2208,2208,2070,2208,2070,2070,2070,2070,2070,2070,2070,2070,2070,2070,2208,2208,2366,2548,2760,3011,3312,3312,3312,2208,2070,2070,2070,2070,2070,2070,2070,2070
663,663,663,663,663,663,663,676,676,676,676,676,676,676,676,676,676,690,690,690,690,690,690,690,690,690,690,690,690,705,705,705,705,705,705,705,705,705,705,720,720,720,720,720,720,720,720,720,720,720,720,720,736,736,736,736,736,720,720,736,736,736,736,736,736,736,736,736,736,736,753,753,753,753,753,753,753,753,753,753,753,753,753,753,753,753,771,771,771,771,771,771,771,771,771,771,771,771,771,771,771,771,789,789,789,789,789,789,789,789,789,789,789,789,789,789,789,789,808,808,808,808,808,808,808,808,808,808,808,808,808,808,828,828,828,828,828,828,828,828,828,828,828,828,828,828,828,828,828,850,850,850,850,850,850,850,850,850,850,850,850,850,850,850,850,872,872,872,872,872,872,872,872,872,872,872,872,872,872,896,896,896,896,896,896,896,896,896,896,896,920,920,920,920,920,920,920,896,896,872,872,872,872,872,872,872,896,896,896,896,896,896,0,0,0,0,0,0,0,0,0,0,0,0,0,0,0,0,0,0,0,0,0,0,0,0,0,1183,1183,1183,1183,1183,1183,1183,1183,1183,1183,1183,1183,1183,1183,1183,1183,1183,1183,1183,0,0,0,0,0,0,0,0,0,0,1183,1183,1183,1183,1183,1183,1183,1183,1183,1183,1183,1183,1183,1183,1183,1183,1183,1183,1183,1183,1183,1183,1183,1183,1183,1183,1183,1183,1183,1183,1183,1183,1183,1183,1183,1183,1183,1183,1183,1183,1183,1183,1183,1227,1227,1227,1227,1227,1104,828,828,828,828,828,828,828,828,828,828,828,828,1069,828,828,828,828,828,850,0,0,0,0,0,0,1035,808,789,789,789,789,789,789,789,789,789,789,789,789,789,789,789,789,771,736,736,736,736,736,736,736,736,0,0,0,0,789,789,789,789,789,771,771,771,771,771,753,753,753,753,753,753,753,753,753,753,753,753,771,771,1840,0,0,789,789,789,789,771,771,771,771,771,771,771,771,771,771,771,0,0,0,0,0,0,789,789,789,789,789,0,0,0,0,0,0,1840,0,0,0,0,0,404,404,404,460,1840,1840,0,0,0,975,975,975,975,1004,0,771,789,808,828,0,0,0,0,0,0,1004,1004,3680,0,0,0,0,0,0,0,0,0,0,0,0,0,0,0,0,0,0,0,0,0,3680,3680,4140,4140,4732,5520,6624,8280,16560,16560,0,0,0,0,3680,2760,2760,0,0,0,0,0,0,0,0,0,0,0,0,0,0,2208,2070,2208,0,0,0,0,0,0,2760,2760,2760,2760,2548,2548,2548,2548,2548,2760,2548,2548,2548,2548,2548,2760,2760,2760,2760,2760,2548,2548,2548,2548,2366,2366,2366,2548,2548,2548,2548,2548,2548,2548,2548,2366,2366,2366,2366,2366,2366,2366,2548,2548,2548,2366,2366,2366,2366,2366,2366,2366,2366,2366,2366,2366,2366,2366,2366,2366,2366,2366,2366,2366,2366,2366,2366,2366,2366,2366,2366,2366,2366,2366,2208,2208,2208,2208,2208,2208,2208,2208,2208,2208,2208,2070,2208,2070,2070,2070,2070,2070,2070,2070,2070,2070,2070,2208,2208,2366,2548,2760,3011,3312,3312,3312,2208,2208,2070,2070,2070,2070,2070,2070,2070
663,663,663,676,676,676,676,676,676,676,676,676,676,676,676,676,676,690,690,690,690,690,690,690,690,690,690,690,690,705,705,705,705,705,705,705,705,705,705,720,720,720,720,720,720,720,720,720,720,720,720,736,736,736,736,736,736,736,736,736,736,736,736,736,736,736,736,736,736,736,753,753,753,753,753,753,753,753,753,753,753,753,753,753,753,771,771,771,771,771,771,771,771,771,771,771,771,771,771,771,771,771,771,771,789,789,789,789,789,789,789,789,789,789,789,789,789,789,789,808,808,808,808,808,808,808,808,808,808,808,808,808,808,828,828,828,828,828,828,828,828,828,828,828,828,828,828,828,850,850,850,850,850,850,850,850,850,850,850,850,850,850,850,850,850,872,872,872,872,872,872,872,872,872,872,872,872,872,872,896,896,896,896,896,896,896,896,896,896,896,920,920,920,920,920,920,920,896,896,872,872,872,872,872,872,872,872,872,920,920,920,896,0,0,0,0,0,0,0,0,0,0,0,0,0,0,0,0,0,0,0,0,0,0,0,0,0,0,1183,1183,1183,1183,1183,0,1183,1183,1183,1183,1183,1183,1183,1183,1183,1183,1183,0,0,0,0,0,0,0,0,0,0,1183,1183,1183,1183,1183,1183,1183,1183,1183,1183,1183,1183,1183,1183,1183,1183,1183,1183,1183,1183,1183,1183,1183,1183,1183,1183,1183,1183,1183,1183,1183,1183,1183,1183,1183,1183,1183,1183,1183,1183,1183,1183,1183,1183,1227,1227,1227,1380,1227,1104,828,828,828,828,828,828,828,828,828,828,828,828,828,828,828,808,828,808,828,0,0,0,0,0,1035,808,789,789,789,789,789,789,789,789,789,789,771,789,789,789,789,789,789,789,736,736,736,736,736,736,736,736,0,0,789,789,789,789,789,789,771,771,771,771,753,753,753,753,753,753,753,753,753,753,753,753,753,753,753,771,0,0,0,0,789,789,789,789,789,771,771,771,771,771,771,771,771,771,789,0,0,0,0,2070,789,789,789,789,808,0,0,0,0,0,0,0,0,0,0,0,404,400,360,360,360,460,1840,0,0,0,1004,1004,1004,0,0,0,0,0,0,0,0,0,0,0,0,0,1004,1004,1004,0,0,0,0,0,0,0,0,0,0,0,0,0,0,0,0,0,0,0,0,0,0,4140,4140,4732,4732,5520,6624,8280,16560,16560,0,0,0,0,3680,2760,2760,3011,0,0,0,0,0,0,0,0,0,0,0,3680,0,2070,2070,2070,0,0,0,0,0,0,2760,2760,2760,2760,2548,2548,2548,2548,2548,2760,2548,2548,2548,2548,2548,2760,2760,2760,2760,2760,2760,2760,2760,2548,2548,2548,2548,2548,2548,2548,2548,2548,2548,2548,2548,2366,2366,2366,2366,2366,2366,2366,2548,2548,2548,2366,2366,2366,2366,2366,2366,2366,2366,2366,2366,2366,2366,2366,2366,2366,2366,2366,2366,2366,2366,2366,2366,2366,2366,2366,2366,2366,2366,2208,2208,2208,2208,2208,2208,2208,2208,2208,2208,2208,2208,2070,2208,2070,2070,2070,2070,2070,2070,2070,2070,2070,2070,2208,2208,2366,2548,2760,3011,3312,3312,3312,2208,2208,2208,2208,2208,2208,2208,2208,2208
663,663,676,676,676,676,676,676,676,676,676,676,676,676,676,676,676,690,690,690,690,690,690,690,690,690,690,690,690,705,705,705,705,705,705,705,705,705,705,720,720,720,720,720,720,720,720,720,720,720,720,736,736,736,736,736,736,736,736,736,736,736,736,736,736,736,736,736,736,736,753,753,753,753,753,753,753,753,753,753,753,753,753,753,771,771,771,771,771,771,771,771,771,771,771,771,771,771,771,771,771,771,771,771,771,789,789,789,789,789,789,789,789,789,789,789,789,789,789,808,808,808,808,808,808,808,808,808,808,808,808,808,828,828,828,828,828,828,828,828,828,828,828,828,828,828,828,850,850,850,850,850,850,850,850,850,850,850,850,850,850,850,850,850,850,872,872,872,872,872,872,872,872,872,872,872,872,872,872,896,896,896,896,896,896,896,896,896,896,896,896,896,896,896,920,920,896,850,850,850,850,850,872,850,850,872,872,872,872,872,872,872,872,872,1183,0,0,0,0,0,0,0,0,0,0,0,0,0,0,0,0,0,0,0,0,0,0,0,1183,1183,0,1183,1183,0,0,0,0,0,1183,1183,1183,1183,1183,1183,0,0,0,0,0,0,0,0,0,0,0,1380,1380,1183,1183,1183,1183,1183,1183,1183,1183,1183,1183,1183,1183,1183,1183,1183,1183,1183,1183,1183,1183,1183,1183,1183,1183,1183,1183,1183,1183,1183,1183,1183,1183,1183,1183,1183,1183,1183,1183,1183,1183,1227,1227,1227,1227,1380,1380,1380,1104,828,828,828,828,828,828,828,828,828,828,828,828,828,828,828,808,828,808,808,0,0,0,0,1069,789,789,789,789,789,789,789,789,789,789,771,771,771,771,771,771,789,789,789,789,789,736,736,736,736,736,736,771,0,789,789,789,789,789,789,771,771,771,771,753,753,753,753,753,753,753,753,753,753,753,753,753,753,753,753,753,1840,0,0,0,0,789,789,789,789,789,789,789,771,771,771,771,771,789,789,789,0,0,2070,789,789,789,789,789,789,808,0,0,0,0,0,0,0,0,0,404,404,390,390,390,460,460,1949,0,0,0,0,0,0,0,0,0,0,0,0,0,0,0,0,0,0,0,0,3680,3680,0,0,0,0,0,0,0,0,0,0,0,0,0,0,0,0,0,0,0,0,0,0,4140,4732,4732,4732,5520,6624,8280,16560,33119,0,0,0,0,4140,3011,3011,0,0,0,0,0,0,0,0,0,0,0,0,3680,3680,2070,1949,2070,2760,0,0,0,0,0,2760,2760,2548,2548,2548,2548,2548,2548,2548,2760,2548,2548,2548,2548,2548,2760,2760,2760,2760,2760,2760,2760,2760,2548,2366,2366,2366,2548,2548,2548,2548,2548,2548,2548,2548,2366,2366,2366,2366,2366,2366,2366,2548,2548,2548,2366,2366,2366,2366,2366,2366,2366,2366,2366,2366,2366,2366,2366,2366,2366,2366,2366,2366,2366,2366,2366,2366,2366,2366,2366,2366,2366,2366,2208,2208,2208,2208,2208,2208,2208,2208,2208,2208,2208,2208,2070,2208,2070,2070,2070,2070,2070,2208,2208,2070,2208,2208,2208,2208,2366,2548,2760,3011,3312,3312,3312,2208,2208,2208,2208,2208,2208,2208,2208,2208
663,676,676,676,676,676,676,676,676,676,676,676,676,676,676,676,676,690,690,690,690,690,690,690,690,690,690,690,690,705,705,705,705,705,705,705,705,705,705,720,720,720,720,720,720,720,720,720,720,720,720,736,736,736,736,736,736,736,736,736,736,736,736,736,736,736,736,736,753,753,753,753,753,753,753,753,753,753,753,753,753,771,771,771,771,771,771,771,771,771,771,771,771,771,771,771,771,771,771,771,771,771,771,771,771,789,789,789,789,789,789,789,789,789,789,789,789,789,789,808,808,808,808,808,808,808,808,808,808,808,808,808,828,828,828,828,828,828,828,828,828,828,828,828,828,828,828,850,850,850,850,850,850,850,850,850,850,850,850,850,850,850,850,850,850,872,872,872,872,872,872,872,872,872,872,872,872,872,872,896,896,896,896,896,896,896,896,896,896,896,896,896,920,920,0,0,0,896,872,872,872,872,872,872,872,0,0,0,0,0,0,0,0,0,0,0,0,0,0,0,0,0,0,0,0,0,0,0,0,0,0,0,0,0,0,0,0,1183,1183,1183,0,1183,0,0,0,1183,1183,1183,1183,1183,1183,1183,1183,0,0,0,0,0,0,0,0,0,1183,1183,1183,1183,1183,1183,1143,1143,1143,1143,1143,1143,1183,1183,1183,1183,1183,1143,1143,1143,1143,1143,1143,1143,1143,1143,1143,1143,1143,1143,1143,1183,1183,1183,1183,1183,1183,1183,1183,1183,1183,1183,1183,1183,1183,1227,1227,1227,1325,1380,0,1380,1183,828,828,828,828,828,828,828,828,828,828,828,828,1069,828,828,808,828,808,808,0,0,0,0,789,789,789,789,789,789,789,789,789,789,789,771,771,771,771,771,771,771,789,0,0,0,808,736,736,736,808,808,808,789,789,771,789,789,789,789,771,771,771,753,753,753,753,753,753,753,753,753,753,753,753,753,753,753,753,753,753,753,0,0,0,0,789,789,789,789,789,789,789,789,789,789,789,789,789,789,789,828,0,789,789,789,789,789,789,789,808,808,0,0,0,0,0,0,0,0,404,404,390,390,404,460,460,0,0,0,0,0,0,0,0,0,0,0,0,0,0,0,0,0,0,0,0,1004,0,0,0,0,0,0,0,0,0,0,0,0,0,0,0,0,0,0,0,0,0,0,0,0,4140,4732,4732,5520,5520,6624,8280,16560,33119,0,0,0,0,4140,3011,3011,0,0,0,0,0,0,0,0,0,3680,0,0,0,0,0,1949,2070,2548,0,0,0,0,0,2760,2548,2548,2548,2548,2548,2548,2548,2548,2760,2548,2548,2548,2760,2760,2760,2760,2760,2760,2760,2760,2548,2548,2548,2366,2366,2366,2548,2548,2548,2548,2548,2548,2548,2548,2366,2366,2366,2366,2366,2366,2366,2548,2548,2548,2366,2366,2366,2366,2366,2366,2366,2366,2366,0,0,2366,2366,2366,2366,2366,2366,2366,2366,2366,2366,2366,2366,2366,2366,2366,2366,2366,2208,2208,2208,2208,2208,2208,2208,2208,2208,2208,2208,2208,2070,2208,2070,2070,2070,2208,2208,2208,2208,2208,2208,2208,2208,2208,2366,2548,2760,3011,3312,3312,3312,2208,2208,2208,2208,2208,2208,2208,2208,2208
676,676,676,676,676,676,676,676,676,676,676,676,676,676,676,676,690,690,690,690,690,690,690,690,690,690,690,690,690,705,705,705,705,705,705,705,705,705,705,705,720,720,720,720,720,720,720,720,720,720,720,720,736,736,736,736,736,736,736,736,736,736,736,736,736,736,736,736,736,753,753,753,753,753,753,753,753,753,753,753,753,771,771,771,771,771,771,771,771,771,771,771,771,771,771,771,771,771,771,771,771,771,771,771,771,789,789,789,789,789,789,789,789,789,789,789,789,789,808,808,808,808,808,808,808,808,808,808,808,808,808,808,828,828,828,828,828,828,828,828,828,828,828,828,828,828,828,850,850,850,850,850,850,850,850,850,850,850,850,850,850,850,850,850,872,872,872,872,872,872,872,872,872,872,872,872,872,872,872,896,896,896,896,896,896,896,896,896,896,896,896,896,896,896,896,920,920,896,896,872,872,872,896,896,896,0,0,0,0,0,0,896,0,920,920,0,0,896,896,896,896,896,0,0,0,0,0,0,0,0,0,0,0,0,0,0,0,0,1143,0,0,0,0,0,0,0,0,0,0,0,0,0,0,0,0,0,0,0,0,0,0,0,1143,1143,1143,1143,1143,1380,1143,1143,1143,1143,1143,1143,1143,1380,1380,1183,1380,1380,1143,1143,1143,1143,1143,1143,1143,1143,1143,1143,1143,1143,1143,1183,1183,1183,1183,1183,1183,1183,1183,1183,1183,1183,1183,1227,1227,1227,1227,1227,1380,1380,0,1380,1104,828,828,828,828,828,828,828,828,828,828,828,828,1069,828,828,808,1744,808,808,0,0,0,789,789,789,789,789,789,789,789,789,789,771,771,771,771,771,771,771,771,789,0,0,0,0,0,808,808,808,808,808,771,771,771,771,771,789,771,771,771,771,771,753,753,753,753,753,753,753,753,753,753,753,753,753,753,753,753,753,753,753,0,0,0,789,789,789,789,789,789,789,789,789,789,789,789,789,789,789,789,789,808,789,789,789,789,789,789,789,808,808,808,0,0,0,0,0,0,0,0,404,390,390,460,460,1949,0,0,0,0,0,0,0,0,0,920,771,0,0,0,0,0,0,0,0,0,0,0,0,0,0,0,0,0,0,0,0,0,0,0,0,0,0,0,0,0,0,0,0,0,0,4140,4140,4732,5520,5520,6624,8280,16560,33119,0,0,0,0,4140,3011,3011,3011,0,0,0,0,0,0,0,0,0,0,0,0,0,0,1949,2548,3011,0,0,0,0,0,0,2548,2548,2548,2548,2548,2548,2548,2760,0,0,2548,3011,2760,2760,2760,2760,2760,2760,2760,2760,2760,2760,2548,2548,2548,2548,2548,2548,2548,2548,2548,2548,2548,2548,2366,2366,2366,2366,2366,2366,2366,2548,2548,2548,2366,2366,2366,2366,2366,2366,2548,2366,2548,0,0,2366,2366,2366,2366,2366,2366,2366,2366,2366,2366,2366,2366,2366,2366,2366,2366,2070,2070,2070,2208,2208,2208,2208,2208,2208,2208,2208,2208,2208,2070,2208,2070,2070,2070,2208,2208,2208,2208,2208,2208,2208,2208,2208,2366,2548,2760,3011,3312,3312,3312,2208,2208,2208,2208,2208,2208,2208,2208,2208
676,676,676,676,676,676,676,676,676,676,676,676,676,676,676,676,690,690,690,690,690,690,690,690,690,690,690,690,690,705,705,705,705,705,705,705,705,705,705,705,720,720,720,720,720,720,720,720,720,720,720,720,736,736,736,720,736,736,736,736,736,736,736,736,736,736,736,736,736,736,753,753,753,753,753,753,753,753,753,753,753,771,771,771,771,771,771,771,771,771,771,771,771,771,771,771,771,771,771,771,771,771,771,771,789,789,789,789,789,789,789,789,789,789,789,789,789,789,808,808,808,808,808,808,808,808,808,808,808,808,808,808,808,808,828,828,828,828,828,828,828,828,828,828,828,828,828,850,850,850,850,850,850,850,850,850,850,850,850,850,850,850,872,872,872,872,872,872,872,872,872,872,872,872,872,872,872,872,872,896,896,896,896,896,896,896,896,896,896,896,896,896,896,896,896,896,920,896,896,896,896,896,896,896,0,0,0,0,0,0,0,0,0,0,920,920,896,896,896,896,896,896,896,896,0,0,0,0,0,0,0,0,0,0,0,0,0,0,0,0,0,0,0,0,0,0,0,0,0,0,0,0,0,0,0,0,0,0,0,0,0,0,0,0,1380,1380,1380,1380,1380,1143,1143,1143,1380,1183,1380,0,1380,1380,0,1440,1380,1143,1143,1143,1143,1143,1183,1143,1143,1183,1183,1143,1143,1183,1183,1183,1183,1183,1183,1183,1183,1183,1183,1183,1183,1227,1227,1227,1227,1227,1227,1325,1380,1227,1104,828,828,828,828,828,828,828,828,828,828,828,828,1069,1656,828,1656,1744,808,808,0,0,808,789,789,789,789,789,789,789,789,789,771,771,771,771,771,771,771,771,771,0,0,0,0,0,0,828,850,828,828,808,771,771,771,771,771,789,789,771,771,771,771,771,771,771,771,771,771,771,753,753,753,753,753,753,753,753,753,753,753,753,0,0,0,789,789,789,789,789,789,789,789,789,789,789,789,789,789,789,789,789,789,789,789,789,789,789,789,808,808,808,808,0,0,0,0,0,0,0,404,390,386,390,404,460,460,0,0,0,0,0,0,0,0,0,920,771,0,1183,1183,0,0,0,0,0,0,0,0,0,0,0,0,1227,0,0,0,0,0,0,0,0,0,0,0,0,0,0,0,0,0,3680,4140,4140,4732,5520,5520,6624,8280,16560,33119,0,0,0,0,4140,3011,3011,3011,0,0,0,0,0,0,0,0,0,0,0,0,0,0,0,2548,3011,0,0,0,0,0,0,2548,2548,2548,2548,2548,2548,2548,2548,0,0,2548,0,2760,2760,2760,2760,2760,2760,3011,0,0,2760,2548,2548,2548,2548,2548,2548,2548,2548,2548,2548,2548,2548,2366,2366,2366,2366,2366,2366,2366,2548,2548,2548,2366,2366,2366,2366,2366,2366,2548,2548,2548,0,0,2548,2366,2366,2366,2366,2366,2366,2366,2366,2366,2366,2366,2366,2366,0,2366,2366,2208,2208,2208,2208,2208,2208,2208,2208,2208,2208,2208,2208,2070,2208,2070,2070,2070,2208,2208,2208,2208,2208,2208,2208,2208,2366,2366,2548,2760,3011,3312,3312,3312,2208,2208,2208,2208,2208,2208,2208,2208,2208
676,676,676,676,676,676,676,676,676,676,676,676,676,676,676,676,690,690,690,690,690,690,690,690,690,690,690,690,690,705,705,705,705,705,705,705,705,705,705,705,705,720,720,720,720,720,720,720,720,720,720,720,720,720,736,720,736,736,736,736,736,736,736,736,736,736,736,736,736,753,753,753,753,753,753,753,753,753,753,753,753,753,771,771,771,771,771,771,771,771,771,771,771,771,771,771,771,771,771,771,771,771,771,771,789,789,789,789,789,789,789,789,789,789,789,789,789,808,808,808,808,808,808,808,808,808,808,808,808,808,808,808,808,808,828,828,828,828,828,828,828,828,828,828,828,828,828,850,850,850,850,850,850,850,850,850,850,850,850,850,850,850,872,872,872,872,872,872,872,872,872,872,872,872,872,872,872,872,896,896,896,896,896,896,896,896,896,896,896,896,896,896,896,896,896,920,920,896,896,896,896,896,896,920,920,0,0,0,0,0,0,947,0,0,947,920,896,896,896,896,896,896,896,896,920,920,920,920,920,0,0,0,0,0,0,0,0,0,1143,0,0,0,0,0,0,0,0,0,0,0,0,0,0,0,0,0,0,0,0,0,0,0,1104,1104,1104,1104,1104,1380,1380,1143,1143,1143,1380,1183,1380,1380,1380,1380,1380,1380,1380,1143,1143,1143,1143,1143,1183,1143,1143,1183,1183,1183,1183,1183,1183,1183,1183,1183,1183,1183,1183,1183,1183,1183,1183,1227,1227,1227,1227,1227,1227,1227,1227,1227,1104,828,828,828,828,828,828,828,828,828,828,828,828,1069,1656,828,1656,850,828,828,850,850,808,789,789,789,789,789,789,789,789,771,771,771,771,771,771,771,789,789,0,0,0,0,0,0,850,828,828,828,808,771,771,771,771,771,789,0,0,771,771,771,771,771,771,771,771,771,771,771,771,771,753,753,753,753,753,753,753,753,753,753,0,0,0,789,789,789,789,789,789,789,789,789,789,789,789,789,789,789,789,789,808,850,850,808,789,789,789,808,808,808,808,808,0,0,0,0,0,0,0,404,390,404,460,460,0,0,0,0,0,0,0,0,0,0,920,920,0,0,0,0,0,0,0,0,0,0,0,0,0,0,0,1227,0,0,0,0,0,0,0,0,0,0,0,0,0,0,0,0,3312,3312,3680,4140,4732,5520,6624,8280,8280,33119,0,0,0,0,0,0,3011,3011,3011,0,0,0,0,0,0,0,0,0,0,0,0,0,0,0,0,0,0,3011,3011,3011,3011,3011,2760,2548,2548,2548,2548,2548,2548,2548,0,0,2548,0,2760,2760,2760,2760,2760,2760,2760,2760,2760,2548,2548,2548,2548,2548,2548,2548,2548,2548,2548,2548,2548,2548,2366,2366,2366,2366,2366,2366,2366,2548,2548,2548,2366,2366,2366,2366,2366,2366,2548,2366,2548,2548,2548,2548,2548,2366,2366,2366,2366,2366,2366,2366,2366,2366,2366,2366,0,0,16560,2366,2208,2208,2208,2208,2208,2208,2208,2208,2208,2208,2208,2208,2070,2208,2070,2070,2070,2208,2208,2208,2208,2208,2208,2208,2208,2366,2366,2548,2760,3011,3312,3312,3312,2208,2208,2208,2208,2208,2208,2208,2208,2208
676,676,676,676,676,676,676,676,676,676,676,676,676,676,676,690,690,690,690,690,690,690,690,690,690,690,690,690,690,705,705,705,705,705,705,705,705,705,705,705,705,720,720,720,720,720,720,720,720,720,720,720,720,720,736,720,736,736,736,736,736,736,736,736,736,736,736,736,736,753,753,753,753,753,753,753,753,753,753,753,753,753,753,771,771,771,771,771,771,771,771,771,771,771,771,771,771,771,771,771,771,771,771,789,789,789,789,789,789,789,789,789,789,789,789,789,789,789,808,808,808,808,808,808,808,808,808,808,808,808,808,808,808,808,828,828,828,828,828,828,828,828,828,828,828,828,828,828,828,850,850,850,850,850,850,850,850,850,850,850,850,850,872,872,872,872,872,872,872,872,872,872,872,872,872,872,872,896,896,896,896,896,896,896,896,896,896,896,896,896,896,896,896,896,896,920,920,920,896,896,896,896,896,920,920,920,947,920,920,0,0,0,0,0,947,947,896,896,896,896,896,896,896,896,896,896,896,896,896,920,1104,0,0,0,0,0,0,0,1104,1143,0,0,0,0,0,0,0,0,1183,1104,1104,1104,1104,1104,1104,1104,1104,1104,1104,1104,1104,1104,1104,1104,1104,1104,1104,1104,1104,1104,1104,1143,1143,1143,1143,1143,1143,1143,1104,1143,1143,1143,1143,1143,1143,1143,1143,1143,1143,1143,1143,1143,1143,1183,1143,1183,1183,1183,1183,1183,1183,1183,1183,1183,1183,1227,1227,1227,1227,1227,1227,1227,1227,1104,828,828,828,828,828,828,828,828,828,828,828,828,828,1069,1656,1656,1656,850,828,850,850,850,789,789,789,789,789,789,789,789,771,771,771,771,771,771,789,789,0,0,0,0,0,0,0,1183,850,828,828,808,808,771,771,771,771,771,789,789,771,771,771,771,771,771,771,771,771,771,771,771,771,771,771,753,753,753,753,753,753,753,771,0,0,0,0,789,789,789,789,789,789,789,789,789,771,771,771,771,789,789,789,828,896,896,0,896,850,808,808,808,808,1274,0,0,0,0,0,1840,0,0,0,404,404,404,404,360,0,0,0,0,0,0,0,0,0,0,920,920,0,0,0,0,0,0,0,0,0,0,0,0,0,0,0,0,0,0,0,0,0,0,0,0,0,0,0,0,0,0,0,0,0,0,4140,4732,5520,6624,6624,8280,16560,16560,0,0,0,0,0,0,3011,3011,3011,0,0,0,0,0,0,0,0,0,0,0,0,0,0,0,0,3011,3011,3011,3011,3011,3011,3011,2760,2760,2760,2548,2548,2548,2548,2548,0,0,2548,0,2760,2548,2760,2760,2760,2760,2760,2548,2548,2548,2548,2548,2548,2548,2548,2548,2548,2548,2548,2548,2548,2548,2366,2366,2366,2366,2366,2366,2548,2548,2548,2548,2366,2366,2366,2366,2366,2366,2366,2366,2366,2548,2548,2548,2548,2366,2366,2366,2366,2366,2366,2366,2366,2366,2366,2366,0,0,2366,2366,2208,2208,2208,2208,2208,2208,2208,2208,2208,2208,2208,2208,2208,2208,2070,2070,2070,2208,2208,2208,2208,2208,2208,2208,2208,2366,2366,2760,2760,3312,3312,3312,3312,2208,2208,2208,2208,2208,2208,2208,2208,2208
676,676,676,676,676,676,676,676,676,676,676,676,676,676,676,690,690,690,690,690,690,690,690,690,690,690,690,690,690,705,705,705,705,705,705,705,705,705,705,705,720,720,720,720,720,720,720,720,720,720,720,720,720,720,720,720,736,736,736,736,736,736,736,736,736,736,736,736,736,753,753,753,753,753,753,753,753,753,753,753,753,753,753,771,771,771,771,771,771,771,771,771,771,771,771,771,771,771,771,771,771,771,771,789,789,789,789,789,789,789,789,789,789,789,789,789,789,789,808,808,808,808,808,808,808,808,808,808,808,808,808,808,808,808,828,828,828,828,828,828,828,828,828,828,828,828,828,828,828,850,850,850,850,850,850,850,850,850,850,850,850,850,872,872,872,872,872,872,872,872,872,872,872,872,872,872,896,896,896,896,896,896,896,896,896,896,896,896,896,896,896,896,896,896,896,920,920,920,896,896,896,896,896,920,920,920,947,920,920,947,947,947,947,947,947,947,920,896,896,896,896,896,896,896,896,896,896,896,896,920,947,0,0,0,0,0,0,0,1143,0,0,0,0,0,0,0,0,0,0,0,1104,1104,1104,1104,1104,1104,1104,1104,1104,0,1104,1104,1104,1104,1104,1104,1104,1104,1104,1104,1104,1143,1143,1143,1143,1183,1143,1143,1104,1143,1143,1143,1143,1143,1143,1143,1143,1143,1143,1143,1143,1143,1143,1143,1143,1143,1183,1183,1183,1183,1183,1183,1183,1183,1183,1183,1183,1227,1227,1227,1227,1227,1227,1104,828,828,828,828,828,828,828,828,828,828,828,828,1069,1656,1656,1656,1656,1744,1840,1325,1325,850,789,789,789,789,789,789,789,771,771,771,771,771,771,771,2208,5520,0,0,0,0,0,1143,1143,1143,1143,828,828,828,771,771,771,771,771,771,789,771,771,771,771,771,771,771,789,872,789,771,771,771,771,771,771,753,753,753,753,753,771,771,771,0,0,0,0,789,789,789,789,789,789,789,771,771,771,771,771,771,771,789,789,896,896,896,896,896,1274,1274,1274,1274,1274,0,0,0,414,414,414,414,0,0,0,0,404,404,404,460,0,0,0,0,0,0,0,0,0,0,753,771,0,0,0,0,0,0,0,0,0,0,0,0,0,0,0,0,0,0,0,0,0,0,0,0,0,0,0,0,0,0,0,0,0,0,0,0,0,0,8280,0,0,0,0,0,0,0,0,3011,3011,3011,3011,0,0,0,0,0,0,0,0,0,0,0,0,0,0,0,0,0,0,3011,3011,3011,3011,3011,3011,2760,2760,2548,2548,2548,2548,2548,0,0,2548,2548,2548,2548,2760,2760,2760,2760,2760,2548,2548,2548,2548,2366,2366,2548,2548,2548,2548,2548,2548,2548,2548,2548,2366,2366,2366,2366,2366,2366,2548,2548,2548,2548,2366,2366,2366,2366,2366,2366,2366,2366,2366,2548,2548,2548,2548,2366,2366,2366,2366,2366,2366,2366,2366,2366,2366,2366,2366,0,2366,2366,2208,2208,2208,2208,2208,2208,2208,2208,2208,2208,2208,2208,2208,2208,2070,2070,2070,2208,2208,2208,2208,2208,2208,2208,2208,2366,2366,2760,2760,3011,3312,3312,3680,3680,2208,2208,2208,2208,2208,2208,2208,2208
663,676,676,676,676,676,676,676,676,676,676,676,676,676,676,676,690,690,690,690,690,690,690,690,690,690,690,690,690,705,705,705,705,705,705,705,705,705,705,720,720,720,720,720,720,720,720,720,720,720,720,720,720,720,720,720,736,736,736,736,736,736,736,736,736,736,736,736,753,753,753,753,753,753,753,753,753,753,753,753,753,753,753,771,771,771,771,771,771,771,771,771,771,771,771,771,771,771,771,771,771,771,771,771,789,789,789,789,789,789,789,789,789,789,789,789,789,808,808,808,808,808,808,808,808,808,808,808,808,808,808,808,808,808,828,828,828,828,828,828,828,828,828,828,828,828,828,828,828,850,850,850,850,850,850,850,850,850,850,850,850,872,872,872,872,872,872,872,872,872,872,872,872,872,872,896,896,896,896,896,896,896,896,896,896,896,896,896,896,896,896,896,896,896,920,920,920,920,920,920,896,896,920,920,920,920,920,920,920,920,920,920,920,947,947,947,920,896,896,896,896,896,896,896,896,896,896,896,896,920,947,947,0,0,0,0,0,0,0,0,0,0,0,0,0,0,0,0,0,0,1104,1104,1104,1104,1104,1104,1069,1104,1104,1104,1104,1104,1104,1104,1104,1104,1104,1104,1104,1104,1104,1143,1143,1143,1143,1143,1104,1104,1104,1104,1143,1143,1143,1143,1143,1143,1143,1143,1143,1143,1143,1143,1143,1143,1143,1143,1183,1183,1183,1183,1183,1183,1183,1183,1183,1183,1183,1227,1183,1227,1183,1227,1183,1104,828,828,828,828,828,828,828,828,828,828,828,828,1069,1656,1656,1656,1744,1744,1840,1325,850,789,789,789,789,789,789,771,771,771,771,771,771,771,771,4732,4732,0,0,0,0,1143,1143,1143,1143,1143,1143,1143,0,828,828,771,975,771,0,0,975,771,771,771,771,771,771,789,0,0,0,1325,771,771,771,771,753,753,753,753,771,771,771,771,0,0,0,0,0,789,789,789,789,789,789,771,771,771,771,771,771,771,771,771,789,896,896,896,896,896,1274,1274,1325,1325,0,0,0,0,414,414,414,414,0,0,0,404,404,404,404,360,1183,0,0,0,0,0,0,0,0,0,0,0,0,0,0,0,0,0,0,0,0,0,0,0,0,0,1183,1227,0,0,0,0,0,0,0,0,0,0,0,0,0,0,0,0,0,0,0,0,0,0,0,0,0,0,0,0,0,0,0,3011,3011,3011,3011,0,0,0,0,0,3011,0,0,0,0,0,0,0,0,0,0,3011,3011,3011,3011,3011,3011,3011,2760,2760,2760,2548,2548,2548,2548,2548,0,0,2548,2548,2548,2548,2760,2760,2548,2548,2548,2548,2548,2548,2548,2366,2366,2366,2548,2548,2548,2548,2548,2548,2548,2548,2366,2366,2366,2366,2366,2366,2548,2548,2548,2548,2366,2366,2366,2366,2366,2366,2366,2366,2366,2548,2548,2548,2548,2366,2366,2366,2366,2366,2366,2366,2366,2366,2366,2366,2366,0,2366,2366,2208,2208,2208,2208,2208,2208,2208,2208,2208,2208,2208,2208,2208,2208,2070,2070,2208,2208,2208,2208,2208,2208,2208,2208,2208,2366,2366,2760,2760,3011,3312,3312,3680,3680,2208,2208,2208,2208,2208,2208,2208,2208
663,676,676,676,676,676,676,676,676,676,676,676,676,676,676,676,676,690,690,690,690,690,690,690,690,690,690,690,690,705,705,705,705,705,705,705,705,705,705,720,720,720,720,720,720,720,720,720,720,720,720,720,720,720,720,720,736,736,736,736,736,736,736,736,736,736,736,736,753,753,753,753,753,753,753,753,753,753,753,753,753,753,753,771,771,771,771,771,771,771,771,771,771,771,771,771,771,771,771,771,771,771,771,771,789,789,789,789,789,789,789,789,789,789,789,789,789,789,808,808,808,808,808,808,808,808,808,808,808,808,808,808,808,808,828,828,828,828,828,828,828,828,828,828,828,828,828,828,828,850,850,850,850,850,850,850,850,850,850,850,850,872,872,872,872,872,872,872,872,872,872,872,872,872,872,896,896,896,896,896,896,896,896,896,896,896,896,896,896,896,896,896,896,920,920,920,920,920,920,920,920,920,920,920,920,920,920,920,920,920,920,947,947,947,947,947,920,896,896,896,896,896,896,920,920,920,920,920,920,947,1004,1004,0,0,0,0,0,0,0,0,0,0,0,0,0,0,0,0,0,0,1104,1104,1104,1104,1104,1104,1069,1104,1104,1104,1104,1104,1104,1104,1104,1104,1104,1104,1104,1104,1104,1143,1143,1143,1143,1143,1104,1104,1104,1104,1143,1143,1143,1143,1143,1143,1143,1143,1143,1143,1143,1143,1143,1143,1143,1143,1143,1183,1183,1183,1183,1183,1183,1183,1183,1183,1183,1183,1183,1183,1183,1183,1183,1104,828,828,828,828,828,828,828,828,828,828,828,828,1069,1656,1744,1656,1744,1744,1506,1325,828,789,789,789,789,789,789,771,771,771,771,771,789,975,4732,5520,5520,0,0,0,0,1143,1143,1143,1143,1143,1183,0,0,0,828,0,0,0,0,0,771,771,771,771,771,771,771,771,0,0,0,0,872,771,753,753,753,753,753,771,771,771,771,771,789,0,0,0,0,789,789,789,789,789,789,771,771,771,771,771,771,771,771,771,771,896,896,896,896,896,1380,0,0,0,0,0,0,0,414,414,414,414,1840,0,0,404,404,404,404,364,0,0,0,0,0,0,0,1104,0,1004,753,0,0,0,0,0,0,0,0,0,0,0,0,0,1183,1143,1183,1227,0,0,0,0,0,0,0,0,0,0,0,0,0,0,0,0,0,0,0,0,0,0,0,0,0,0,0,0,0,0,0,3011,3011,3011,3011,0,0,0,0,0,3011,3011,0,0,0,0,0,0,0,0,0,3011,3011,3011,3011,3011,3011,3011,2760,2760,2760,2548,2548,2548,2548,2548,0,0,2548,2548,2548,2548,2760,2760,2760,2760,2548,2548,2548,2548,2366,2366,2366,2366,2548,2548,2548,2548,2548,2548,2548,2548,2366,2366,2366,2366,2366,2366,2548,2548,2548,2548,2366,2366,2366,2366,2366,2366,2366,2366,2366,2366,2548,2366,2366,2366,2366,2366,2366,2366,2366,2366,2366,2366,2366,2366,2366,2366,2366,2366,2208,2208,2208,2208,2208,2208,2208,2208,2208,2208,2208,2208,2208,2208,2070,2070,2208,2208,2208,2208,2208,2208,2208,2208,2208,2366,2366,2760,2760,3312,3312,3312,3680,3680,2208,2208,2208,2208,2208,2208,2208,2208
663,676,676,676,676,676,676,676,676,676,676,676,676,676,676,676,676,690,690,690,690,690,690,690,690,690,690,690,690,690,705,705,705,705,705,705,705,705,720,720,720,720,720,720,720,720,720,720,720,720,720,720,720,720,720,720,736,736,736,736,736,736,736,736,736,736,736,736,736,753,753,753,753,753,753,753,753,753,753,753,753,753,753,771,771,771,771,771,771,771,771,771,771,771,771,771,771,771,771,771,771,771,771,771,789,789,789,789,789,789,789,789,789,789,789,789,789,808,808,808,808,808,808,808,808,808,808,808,808,808,808,808,808,808,828,828,828,828,828,828,828,828,828,828,828,828,828,828,828,828,850,850,850,850,850,850,850,850,850,850,872,872,872,872,872,872,872,872,872,872,872,872,872,872,872,896,896,896,896,896,896,896,896,896,896,896,896,896,896,896,896,896,896,896,920,920,920,920,920,920,896,920,920,947,947,947,947,920,920,947,947,947,947,947,947,947,947,920,896,896,896,896,896,975,975,975,920,896,920,947,1004,1004,0,0,0,0,0,0,0,0,0,0,0,0,0,0,0,0,0,0,0,0,0,0,0,0,0,1104,0,0,1104,1104,1104,1104,1104,1104,1104,1104,1104,1104,1104,1143,1143,1143,1143,1143,1143,1143,1104,1143,1143,1143,1143,1143,1143,1143,1143,1143,1143,1143,1143,1143,1143,1143,1143,1143,1143,1183,1183,1183,1183,1183,1183,1183,1183,1183,1183,1183,1183,1227,1183,1183,1143,1104,828,828,828,828,828,828,828,828,828,828,828,828,1656,1744,1744,1656,1744,1744,0,1506,789,789,789,789,789,771,771,771,771,771,789,975,2366,4732,0,0,0,0,0,0,0,1143,1143,1143,1143,1143,0,0,0,0,0,0,0,0,0,0,771,771,771,771,771,771,771,0,0,0,0,0,1227,771,753,753,753,753,753,753,753,771,771,771,789,0,0,0,0,789,789,789,789,789,789,771,771,771,771,771,753,771,771,771,771,771,753,357,357,357,1380,0,0,0,0,0,0,0,414,414,409,409,414,0,0,404,404,404,404,467,975,0,0,0,0,0,1104,1069,1004,736,753,753,0,808,0,0,0,0,0,0,0,0,0,0,1183,1143,1183,0,0,0,0,0,0,0,0,0,0,0,0,0,0,0,0,0,0,0,0,0,0,0,0,0,0,0,0,0,0,0,0,3011,3011,3011,3011,0,0,0,0,0,3011,0,0,0,0,0,0,0,0,0,0,3011,3011,3011,3011,3011,2760,2760,2760,2760,2760,2548,2548,2548,2548,2548,2548,2548,2548,2548,2548,2548,2548,2548,2548,2548,2548,2548,2548,2548,2366,2366,2366,2366,2548,2548,2548,2548,2548,2548,2548,2548,2366,2366,2366,2366,2366,2366,2548,2548,2548,2548,2366,2366,2366,2366,2366,2366,2366,2366,2366,2366,2548,2366,2366,2366,2366,2366,2366,2366,2366,2366,2366,2366,2366,2366,2366,2366,2366,2366,2366,2208,2208,2208,2208,2208,2208,2208,2208,2208,2208,2208,2208,2208,2070,2070,2208,2208,2208,2208,2208,2208,2208,2208,2208,2366,2366,2760,2760,3312,3312,3312,3680,3680,2208,2208,2208,2208,2208,2208,2208,2208
663,676,676,676,676,676,676,676,676,676,676,676,676,676,676,676,676,676,690,690,690,690,690,690,690,690,690,690,690,690,705,705,705,705,705,705,705,720,720,720,720,720,720,720,720,720,720,720,720,720,720,720,720,720,720,720,736,736,736,736,736,736,736,736,736,736,736,736,736,753,753,753,753,753,753,753,753,753,753,753,753,753,753,771,771,771,771,771,771,771,771,771,771,771,771,771,771,771,771,771,771,771,771,771,789,789,789,789,789,789,789,789,789,789,789,789,789,789,808,808,808,808,808,808,808,808,808,808,808,808,808,808,808,808,828,828,828,828,828,828,828,828,828,828,828,828,828,828,828,828,850,850,850,850,850,850,850,850,850,850,872,872,872,872,872,872,872,872,872,872,872,872,872,872,872,896,896,896,896,896,896,896,896,896,896,896,896,896,896,896,896,896,896,896,920,920,920,920,920,920,920,920,920,920,920,947,947,920,920,947,947,947,947,947,947,975,975,947,896,896,896,896,975,975,975,975,975,920,947,1004,0,0,0,0,0,0,0,0,0,0,0,0,0,0,0,0,0,0,0,0,0,0,0,0,0,0,0,0,0,0,0,1143,1104,1104,1104,1104,1104,1104,1104,1104,1143,1143,1143,1143,1143,1143,1143,1143,1143,1143,1143,1143,1143,1143,1143,1143,1143,1143,1143,1143,1143,1143,1143,1143,1143,1143,1143,1183,1183,1183,1183,1183,1183,1183,1183,1183,1183,1183,1183,1227,1183,1183,1143,1104,828,828,828,828,828,828,828,828,828,828,850,850,1656,1744,1744,1744,1744,1744,1506,789,789,789,789,789,789,789,771,771,1274,1274,1274,2366,0,0,0,0,0,0,0,4732,4732,1143,1143,828,828,1143,1143,0,0,0,0,0,0,0,0,975,771,771,771,771,771,771,771,0,0,0,0,0,0,920,753,753,753,753,753,753,753,771,771,789,0,0,0,0,0,0,789,789,789,789,771,771,771,753,753,753,753,753,753,753,753,753,753,357,357,357,1380,0,0,0,0,0,0,409,409,409,409,414,414,0,404,404,404,404,467,467,975,0,0,0,0,0,0,1104,0,1004,828,0,0,0,0,0,0,0,0,0,0,0,0,0,0,0,0,0,0,0,0,0,0,0,0,0,0,0,0,0,0,0,0,0,0,0,0,0,0,0,0,0,0,0,0,0,0,0,0,3011,3011,3011,0,0,0,0,0,0,3011,0,0,0,0,0,0,0,0,0,0,0,3011,3011,2548,2548,2548,2548,2548,2548,2548,2548,2548,2548,2548,2548,2548,2548,2548,2548,2548,2548,2548,2548,2548,2548,2548,2548,2548,2548,2366,2366,2366,2366,2548,2548,2548,2548,2548,2548,2548,2548,2366,2366,2366,2366,2366,2366,2548,2548,2548,2366,2366,2366,2366,2366,2366,2366,2366,2366,2366,2548,0,0,0,2366,2366,2366,2366,2366,2366,2366,2366,2366,2366,2366,2366,2366,2366,2366,2366,2208,2208,2208,2208,2208,2208,2208,2208,2208,2208,2208,2208,2208,2070,2070,2208,2208,2208,2208,2208,2208,2208,2208,2208,2366,2366,2760,2760,3312,3312,3312,3312,3680,2208,2208,2208,2208,2208,2208,2208,2208
663,676,676,676,676,676,676,676,676,676,676,676,676,676,676,676,676,690,690,690,690,690,690,690,690,690,690,690,690,690,690,705,705,705,705,705,705,720,720,720,720,720,720,720,720,720,720,720,720,720,720,720,720,720,736,736,736,736,736,736,736,736,736,736,736,736,736,736,736,736,753,753,753,753,753,753,753,753,753,753,753,753,753,771,771,771,771,771,771,771,771,771,771,771,771,771,771,771,771,771,771,771,789,789,789,789,789,789,789,789,789,789,789,789,789,789,789,789,808,808,808,808,808,808,808,808,808,808,808,808,808,808,808,808,828,828,828,828,828,828,828,828,828,828,828,828,828,828,828,828,850,850,850,850,850,850,850,850,850,850,872,872,872,872,872,872,872,872,872,872,872,872,872,872,896,896,896,896,896,896,896,896,896,896,896,896,896,896,896,896,896,896,896,896,920,920,920,920,920,920,920,920,920,920,920,947,947,920,920,947,947,947,947,947,947,947,947,947,896,896,896,896,947,947,947,947,947,920,947,975,1004,1004,1004,1004,0,0,0,0,0,0,0,0,0,0,0,0,0,0,0,0,0,0,0,0,0,0,0,0,0,0,0,1104,1104,1104,1104,1104,1104,1104,1104,1104,1143,1143,1143,1143,1143,1143,1143,1143,1143,1143,1143,1143,1143,1143,1143,1143,1143,1143,1143,1143,1143,1143,1143,1143,1143,1143,1143,1183,1183,1183,1183,1183,1183,1183,1183,1183,1183,1183,1183,1227,1227,1227,1227,1104,828,828,828,828,828,828,828,828,828,828,850,850,1656,1744,1744,1656,1656,1744,1506,789,789,789,789,789,789,789,789,1227,1274,1274,1274,2366,0,4732,0,0,0,0,0,4732,1143,808,808,808,808,808,828,1143,0,0,0,0,0,1143,1143,753,753,753,771,771,771,771,771,0,0,0,0,0,0,1227,753,753,753,753,753,753,753,771,771,789,0,0,789,0,0,789,789,789,789,789,771,771,771,753,753,753,753,753,753,753,753,753,753,0,0,1380,0,0,0,0,0,0,0,409,409,414,409,414,414,0,404,404,404,0,467,467,0,0,0,0,0,0,0,0,0,0,0,0,0,0,0,0,0,0,0,0,0,0,0,0,0,0,0,0,0,0,0,0,0,0,0,0,0,0,0,0,0,0,0,0,0,0,0,0,0,0,0,0,0,0,0,0,0,0,0,3680,3011,3011,0,0,0,0,0,0,0,0,0,0,0,0,0,0,0,0,0,2760,2760,2548,2548,2548,2548,2548,2548,2548,2548,2548,2548,2548,2548,2548,2548,2548,2548,2548,2548,2548,2548,2548,2548,2548,2548,2548,2548,2548,2366,2366,2366,2366,2548,2548,2548,2548,2548,2548,2548,2548,2366,2366,2366,2366,2366,2366,2548,2548,2548,2366,2366,2366,2366,2548,2366,2366,2366,2366,2366,2366,0,0,0,2548,2366,2366,2366,2366,2366,2366,2366,2366,2366,2366,2366,2366,2366,2366,2366,2208,2208,2208,2208,2208,2208,2208,2208,2208,2208,2208,2208,2208,2208,2070,2208,2208,2208,2208,2208,2208,2208,2208,2208,2366,2366,2760,2760,3312,3312,3312,3312,2208,2208,2208,2208,2208,2208,2208,2208,2208
663,676,676,676,676,676,676,676,676,676,676,676,676,676,676,676,676,690,690,690,690,690,690,690,690,690,690,690,690,690,705,705,705,705,705,705,705,720,720,720,720,720,720,720,720,720,720,720,720,720,720,720,720,720,736,736,736,736,736,736,736,736,736,736,736,736,736,736,736,736,736,753,753,753,753,753,753,753,753,753,753,753,753,771,771,771,771,771,771,771,771,771,771,771,771,771,771,771,771,771,771,789,789,789,789,789,789,789,789,789,789,789,789,789,789,789,789,789,789,808,808,808,808,808,808,808,808,808,808,808,808,808,808,808,828,828,828,828,828,828,828,828,828,828,828,828,828,828,828,828,850,850,850,850,850,850,850,850,850,850,850,872,872,872,872,872,872,872,872,872,872,872,872,872,896,896,896,896,896,896,896,896,896,896,896,896,896,896,896,896,896,896,920,920,920,920,920,920,920,920,920,920,947,947,947,947,947,947,947,947,947,947,947,947,947,947,947,947,947,947,947,947,975,975,975,975,975,975,975,975,1004,1004,1004,1004,0,0,0,0,0,0,0,0,0,0,0,0,0,0,0,0,0,0,0,0,0,0,0,0,0,0,1143,1104,1104,1104,1104,1104,1104,1104,1104,1104,1143,1143,1143,1143,1143,1143,1143,1143,1143,1143,1143,1143,1143,1143,1143,1143,1143,1143,1143,1143,1143,1143,1143,1143,1143,1143,1143,1183,1183,1183,1183,1183,1183,1183,1183,1183,1183,1227,1227,1227,1227,1227,1227,1104,828,828,828,828,828,828,828,828,828,828,850,850,1656,1744,1744,1744,1656,1744,1506,789,789,789,789,789,789,789,1274,1274,0,0,1274,2366,4732,4732,0,0,4732,4732,4732,808,808,808,808,808,808,808,808,828,1143,1143,0,0,0,808,753,753,753,753,753,753,771,771,771,0,0,0,0,0,1227,947,920,753,753,753,753,753,753,753,771,789,789,789,789,789,0,0,789,789,789,789,771,771,753,753,753,753,753,753,753,753,753,753,0,0,0,0,0,0,0,0,0,0,0,409,409,409,409,414,0,0,404,0,0,0,467,0,0,0,0,0,0,0,0,0,0,0,0,0,0,0,0,0,0,0,0,0,0,0,0,0,0,0,0,0,0,0,0,0,0,0,0,0,0,0,0,0,0,0,0,0,0,0,0,0,0,0,0,0,0,0,0,0,0,0,0,3312,3011,3011,0,0,0,0,0,0,0,0,0,0,0,0,0,0,0,0,0,3011,2548,2548,2548,2548,2548,2548,2548,2548,2548,2548,2548,2548,2548,2548,2548,2548,2548,2548,2548,2548,2548,2548,2760,2548,2548,2548,2548,2548,2366,2366,2366,2366,2548,2548,2548,2548,2548,2548,2548,2548,2366,2366,2366,2366,2366,2366,2548,2548,2548,2366,2366,2366,2548,2548,2548,2548,2366,2366,2366,0,0,0,0,2366,2366,2366,2366,2366,2366,2366,2366,2366,2366,2366,2366,2366,2366,2366,2366,2208,2208,2208,2208,2208,2208,2208,2208,2208,2208,2208,2208,2208,2208,2208,2208,2208,2208,2208,2208,2208,2208,2208,2208,2366,2366,2760,2760,3312,3312,3312,3312,2208,2208,2208,2208,2208,2208,2208,2208,2208
663,676,676,676,676,676,676,676,676,676,676,676,676,676,676,676,676,690,690,690,690,690,690,690,690,690,690,690,690,690,705,705,705,705,705,705,705,705,720,720,720,720,720,720,720,720,720,720,720,720,720,720,720,720,736,736,736,736,736,736,736,736,736,736,736,736,736,736,736,736,753,753,753,753,753,753,753,753,753,753,753,753,753,771,771,771,771,771,771,771,771,771,771,771,771,771,771,771,771,771,771,789,789,789,789,789,789,789,789,789,789,789,789,789,789,789,789,789,789,808,808,808,808,808,808,808,808,808,808,808,808,808,808,808,828,828,828,828,828,828,828,828,828,828,828,828,828,828,828,828,850,850,850,850,850,850,850,850,850,850,872,872,872,872,872,872,872,872,872,872,872,872,872,872,896,896,896,896,896,896,896,896,896,896,896,896,896,896,896,896,896,896,896,896,920,920,920,920,920,920,920,947,947,947,947,947,947,947,947,947,947,947,947,947,975,975,975,975,975,947,947,975,975,975,975,975,975,975,975,975,1004,1004,1004,1004,1004,0,0,0,0,0,0,0,0,0,0,0,0,0,0,0,0,0,0,0,1069,0,1069,1069,1069,1069,1069,1069,1104,1104,1104,1104,1104,1104,1104,1104,1104,1143,1143,1143,1143,1143,1143,1143,1143,1143,1143,1143,1143,1143,1143,1143,1143,1143,1143,1143,1143,1143,1143,1143,1143,1143,1143,1183,1183,1183,1183,1183,1183,1183,1183,1183,1227,1227,1227,1227,1227,1227,1227,1104,828,828,828,828,828,828,828,828,828,828,850,850,1035,1656,1744,1744,1656,1744,789,789,789,789,789,789,789,789,808,808,1274,1274,1274,1274,1274,4732,4732,0,4732,4140,808,808,808,808,808,808,808,808,808,808,828,828,1143,1143,808,808,753,753,753,753,753,753,753,771,771,0,0,0,828,1227,947,808,808,753,753,753,753,753,753,753,753,771,789,789,789,789,789,789,0,0,0,0,753,753,753,753,753,753,753,753,753,753,753,33119,0,0,0,0,0,0,0,0,0,0,404,404,409,409,414,0,0,0,0,0,0,0,0,0,0,0,0,0,0,0,0,0,0,0,0,0,0,0,0,0,0,0,0,0,0,0,0,0,0,0,0,0,0,0,0,0,0,0,0,0,0,0,0,0,0,0,0,0,0,0,0,0,0,0,0,0,0,0,0,0,0,0,0,3312,3011,3011,0,0,0,0,0,0,0,0,0,0,0,0,0,0,0,0,2760,2760,2548,2548,2548,2548,2548,2548,2548,2548,2548,2548,2548,2548,2548,2548,2548,2548,2548,2548,2548,2548,2548,2548,2548,2548,2548,2548,2548,2548,2548,2548,2548,2548,2548,2548,2548,2548,2548,2548,2548,2548,2366,2366,2366,2366,2366,2366,2548,2548,2548,2548,2366,2366,2548,2760,2548,2548,2548,2366,2366,0,0,0,0,0,2366,2366,2366,2366,2366,2366,2366,2366,2366,2366,2366,2366,2366,2366,2366,2208,2208,2208,2208,2208,2208,2208,2208,2208,2208,2208,2208,2208,2208,2208,2208,2208,2208,2208,2208,2208,2208,2208,2208,2366,2366,2760,2760,3312,3312,3312,3312,2208,2208,2208,2208,2208,2208,2208,2208,2208
663,663,676,676,676,676,676,676,676,676,676,676,676,676,676,676,676,690,690,690,690,690,690,690,690,690,690,690,690,705,705,705,705,705,705,705,705,705,720,720,720,720,720,720,720,720,720,720,720,720,720,720,736,720,736,736,736,736,736,736,736,736,736,736,736,736,736,736,736,736,753,753,753,753,753,753,753,753,753,753,753,753,753,753,771,771,771,771,771,771,771,771,771,771,771,771,771,771,771,771,771,789,789,789,789,789,789,789,789,789,789,789,789,789,789,789,789,789,808,808,808,808,808,808,808,808,808,808,808,808,808,808,808,808,828,828,828,828,828,828,828,828,828,828,828,828,828,828,828,850,850,850,850,850,850,850,850,850,850,850,872,872,872,872,872,872,872,872,872,872,872,872,872,872,896,896,896,896,896,896,896,896,896,896,896,896,896,896,896,896,896,896,920,920,920,920,920,920,920,920,920,947,947,947,947,947,947,947,947,947,947,947,947,947,947,947,975,975,975,975,975,975,975,975,975,975,975,975,975,975,1004,1004,1004,1004,1004,1004,1004,0,0,1143,1143,1143,1143,1143,1069,1069,1069,0,0,0,1143,1143,1069,1069,1069,1069,1069,1069,1069,1069,1069,1069,1069,1069,1104,1104,1104,1104,1104,1104,1104,1104,1143,1143,1143,1143,1143,1143,1104,1143,1143,1143,1143,1143,1143,1143,1143,1143,1143,1143,1143,1143,1143,1143,1143,1143,1143,1183,1183,1183,1183,1183,1183,1183,1183,1183,1227,1227,1227,1227,1227,1227,1227,828,828,828,828,828,828,828,828,828,828,828,850,850,1035,1656,1744,1744,1656,1506,789,789,789,789,789,789,789,789,789,808,808,808,808,808,828,4732,0,0,4732,4140,808,808,808,808,808,808,808,808,808,808,808,828,828,808,808,753,753,753,753,753,753,753,753,753,753,828,0,828,828,947,920,771,771,753,753,753,753,753,753,753,753,753,753,771,771,771,771,771,771,0,0,0,753,736,753,753,753,753,753,753,753,753,753,33119,0,0,0,0,0,0,0,0,0,1656,404,404,409,409,409,0,0,0,0,0,404,404,0,0,0,0,0,0,0,0,0,0,0,0,0,0,0,0,0,0,0,0,0,0,0,0,0,0,0,0,0,0,0,0,0,0,0,0,0,0,0,0,0,0,0,0,0,0,0,0,0,0,0,0,0,0,0,0,0,0,0,0,0,3011,3011,3011,3312,0,0,0,0,0,0,0,0,0,0,0,0,0,0,3011,2760,3011,2760,3011,2548,2548,2548,2548,2548,2548,2548,2548,2548,2548,2548,2548,2548,2548,2548,2548,2548,2548,2548,2548,2548,2548,2548,2548,2548,2548,2548,2548,2548,2548,2548,2548,2548,2548,2548,2548,2548,2548,2366,2366,2366,2366,2366,2366,2548,2548,2548,2548,2548,2548,2548,2760,2760,2548,2548,2548,2366,0,0,0,0,2366,2366,2366,2366,2366,2366,2366,2366,2366,2366,2366,2366,2366,2548,2366,2366,2208,2208,2208,2208,2208,2208,2208,2208,2208,2208,2208,2208,2208,2208,2208,2208,2208,2208,2208,2208,2208,2208,2208,2208,2366,2548,2760,2760,3312,3312,3312,3312,2208,2208,2208,2208,2208,2208,2208,2208,2208
663,676,676,676,676,676,676,676,676,676,676,676,676,676,676,676,690,690,690,690,690,690,690,690,690,690,690,690,690,705,705,705,705,705,705,705,705,720,720,720,720,720,720,720,720,720,720,720,720,720,720,720,736,720,736,736,736,736,736,736,736,736,736,736,736,736,736,736,736,736,753,753,753,753,753,753,753,753,753,753,753,753,753,753,771,771,771,771,771,771,771,771,771,771,771,771,771,771,771,771,771,789,789,789,789,789,789,789,789,789,789,789,789,789,789,789,789,789,808,808,808,808,808,808,808,808,808,808,808,808,808,808,808,808,828,828,828,828,828,828,828,828,828,828,828,828,828,828,828,828,850,850,850,850,850,850,850,850,850,850,872,872,872,872,872,872,872,872,872,872,872,872,872,896,896,896,896,896,896,896,896,896,896,896,896,896,896,896,896,896,896,920,920,920,920,920,920,920,920,920,920,947,947,947,947,947,947,947,947,947,947,947,947,947,947,947,975,975,975,975,975,975,975,975,975,975,975,975,975,975,1004,1004,1004,1004,1004,1004,1004,1035,1035,1035,1035,1069,1069,1069,1069,1069,1035,1069,1069,1069,1069,1069,1069,1069,1069,1069,1069,1069,1069,1069,1069,1069,1069,1069,1069,1104,1104,1104,1104,1104,1104,1104,1104,1143,1143,1104,1104,1104,1104,1104,1143,1143,1143,1143,1143,1143,1143,1143,1143,1143,1143,1143,1143,1143,1143,1143,1143,1183,1183,1183,1183,1183,1183,1183,1183,1227,1227,1227,1227,1227,1227,1227,1227,828,828,828,828,828,828,828,828,828,828,828,850,850,1035,1656,1744,1744,1656,1744,789,789,789,789,789,789,789,789,789,808,808,789,808,808,828,2548,0,0,828,828,808,808,808,808,808,808,808,808,808,808,808,808,808,808,808,753,753,753,753,753,753,753,753,753,753,828,0,0,0,0,0,771,771,753,753,753,753,753,753,753,753,753,753,753,753,771,771,771,771,0,0,0,753,736,736,736,736,753,753,753,753,753,753,33119,33119,0,0,0,0,0,0,1656,1656,404,404,404,404,409,409,0,0,0,0,0,404,404,0,0,0,0,0,0,0,0,0,0,0,0,0,0,0,0,0,0,0,0,0,0,0,0,0,0,0,1143,0,0,0,0,0,0,0,0,0,0,0,0,0,0,0,0,0,0,0,0,0,0,0,0,0,0,0,0,0,0,0,0,0,3011,3011,3011,3011,0,0,0,0,0,0,0,0,0,0,0,0,0,0,0,3011,3011,2760,3011,2548,2548,2760,2548,2548,2548,2548,2548,2548,2548,2548,2548,2548,2548,2548,2548,2548,2548,2548,2548,2548,2548,2548,2548,2548,2548,2548,2548,2548,2548,2548,2548,2548,2548,2548,2548,2548,2548,2366,2366,2366,2366,2366,2366,2548,2548,2548,2548,2548,2548,2548,2760,2760,2760,2548,2548,2366,0,0,0,0,0,2366,2366,2366,2366,2366,2366,2366,2366,2366,2366,2366,2548,2548,2548,2548,2208,2208,2208,2208,2208,2208,2208,2208,2208,2208,2208,2208,2208,2208,2208,2208,2208,2208,2208,2208,2208,2208,2208,2208,2366,2548,2760,2760,3312,3312,3312,3312,2208,2208,2208,2208,2208,2208,2208,2208,2208
663,676,676,676,676,676,676,676,676,676,676,676,676,676,676,676,676,690,690,690,690,690,690,690,690,690,690,705,705,705,705,705,705,705,705,705,705,720,720,720,720,720,720,720,720,720,720,720,720,720,720,720,720,720,736,736,736,736,736,736,736,736,736,736,736,736,736,736,753,753,753,753,753,753,753,753,753,753,753,753,753,753,753,771,771,771,771,771,771,771,771,771,771,771,771,771,771,771,771,771,771,771,789,789,789,789,789,789,789,789,789,789,789,789,789,789,789,789,808,808,808,808,808,808,808,808,808,808,808,808,808,808,828,808,828,828,828,828,828,828,828,828,828,828,828,828,828,828,828,828,850,850,850,850,850,850,850,850,850,850,872,872,872,872,872,872,872,872,872,872,872,872,872,872,896,896,896,896,896,896,896,896,896,896,896,896,896,896,896,896,920,920,920,920,920,920,920,920,920,920,920,947,947,947,947,947,947,947,947,947,947,947,947,947,947,947,975,975,975,975,975,975,975,975,975,975,975,975,975,975,1004,1004,1004,1004,1004,1004,1004,1035,1035,1035,1035,1069,1069,1069,1069,1035,1035,1035,1069,1069,1069,1069,1069,1069,1069,1069,1069,1069,1069,1069,1069,1069,1069,1069,1069,1104,1104,1104,1104,1104,1104,1104,1104,1104,1104,1104,1104,1104,1104,1104,1143,1143,1143,1143,1143,1143,1143,1143,1143,1143,1143,1143,1143,1143,1143,1143,1143,1183,1183,1183,1183,1183,1183,1183,1183,1227,1227,1227,1227,1227,1227,1227,1227,828,828,828,828,828,828,828,828,828,828,850,850,850,850,1656,1744,1744,1744,1744,808,789,789,789,789,789,789,789,789,789,789,789,808,808,828,0,0,0,828,828,808,808,808,808,808,808,808,808,808,808,808,808,808,808,808,753,753,753,753,753,753,753,753,753,753,828,0,0,0,0,947,808,771,753,753,753,753,753,753,753,753,753,753,753,753,771,771,771,771,771,771,771,736,736,736,736,736,736,736,736,736,753,753,789,33119,0,0,0,0,0,0,0,1656,404,404,404,404,409,409,0,0,0,404,404,404,404,0,0,0,0,0,0,0,0,0,0,0,0,0,0,0,0,0,0,0,0,0,0,0,0,0,0,0,1143,0,0,0,0,0,0,0,0,0,0,0,0,0,0,0,3312,3011,3011,3312,3680,0,0,0,0,0,0,0,0,0,0,0,0,3312,3011,3011,3011,3011,3011,2760,0,2760,0,0,0,0,0,0,0,0,0,0,0,0,3011,3011,3011,3011,3011,2760,2760,2548,2548,2548,2548,2548,2548,2548,2548,2548,2548,2548,2548,2548,2548,2548,2548,2548,2548,2548,2548,2548,2548,2548,2548,2548,2548,2548,2548,2548,2548,2548,2548,2548,2548,2366,2366,2366,2366,2366,2366,2548,2548,2548,2548,2548,2548,2548,2760,2760,2760,2760,2548,2366,0,0,0,0,0,2366,2366,2366,2366,2366,2366,2366,2366,2548,2366,2366,2548,2548,2548,2548,2548,2208,2208,2208,2208,2208,2208,2208,2208,2208,2208,2208,2208,2208,2208,2208,2208,2208,2208,2208,2208,2208,2208,2208,2366,2548,2760,2760,3312,3312,3312,3312,2548,2208,2208,2208,2208,2208,2208,2208,2208
676,676,676,676,676,676,676,676,676,676,676,676,676,676,676,676,676,690,690,690,690,690,690,690,690,690,690,705,705,705,705,705,705,705,705,720,720,720,720,720,720,720,720,720,720,720,720,720,720,720,720,720,736,736,736,736,736,736,736,736,736,736,736,736,736,736,736,736,753,753,753,753,753,753,753,753,753,753,753,753,753,753,753,771,771,771,771,771,771,771,771,771,771,771,771,771,771,771,771,771,771,771,789,789,789,789,789,789,789,789,789,789,789,789,789,789,789,808,808,808,808,808,808,808,808,808,808,808,808,808,808,808,828,828,828,828,828,828,828,828,828,828,828,828,828,828,828,828,828,828,850,850,850,850,850,850,850,850,850,872,872,872,872,872,872,872,872,872,872,872,872,872,872,872,896,896,896,896,896,896,896,896,896,896,896,896,896,896,896,920,920,920,920,920,920,920,920,920,920,920,920,920,920,947,947,947,947,947,947,947,947,947,947,947,947,947,975,975,975,975,1004,1004,1004,1004,1004,1004,1004,1004,1004,1004,1004,1004,1004,1004,1004,1004,1004,1004,1004,1004,1035,1035,1035,1035,1035,1035,1035,1035,1035,1035,1069,1069,1069,1069,1069,1069,1069,1069,1069,1069,1069,1069,1069,1069,1104,1104,1104,1104,1104,1104,1104,1104,1104,1104,1104,1104,1104,1104,1104,1104,1104,1143,1143,1143,1143,1143,1143,1143,1143,1143,1143,1143,1143,1143,1143,1143,1143,1183,1183,1183,1183,1183,1183,1183,1183,1227,1227,1227,1227,1227,1227,1227,1227,828,828,828,828,828,828,828,828,828,828,850,850,850,850,1656,1744,1656,1744,1744,808,789,789,789,789,789,789,789,789,789,789,789,808,2548,0,0,0,0,828,828,808,808,808,808,808,808,808,808,808,808,808,808,808,808,808,753,753,753,753,753,753,753,753,753,828,0,0,0,0,0,872,808,808,771,753,753,753,753,753,753,753,753,753,753,753,753,753,771,771,771,771,753,736,736,736,736,736,736,736,736,736,736,736,753,33119,0,0,0,0,0,0,2208,1656,404,404,404,404,409,409,414,414,381,404,404,404,404,0,0,0,0,0,0,0,0,0,0,0,0,0,0,0,0,0,0,0,0,0,0,0,0,0,0,0,1143,0,0,0,0,0,0,0,0,0,0,0,0,0,0,0,0,3312,3312,0,0,0,0,0,0,0,0,0,0,0,0,0,0,3312,3011,3011,3011,3011,3011,2760,0,2760,0,0,0,0,0,0,0,0,0,0,0,0,0,3011,3011,3011,3011,3011,3011,2760,2760,2548,2548,2548,2548,2548,2548,2548,2548,2548,2548,2548,2548,2548,2548,2548,2548,2548,2548,2548,2548,2548,2548,2548,2548,2548,2548,2548,2548,2548,2548,2548,2548,2366,2366,2366,2366,2366,2366,2548,2548,2548,2548,2548,2548,2548,0,0,2760,2760,2760,2548,0,0,0,0,0,2366,2366,2366,2366,2366,2366,2366,2366,2548,2366,2366,2548,2548,2548,2548,2208,2208,2208,2208,2208,2208,2208,2208,2208,2208,2208,2208,2208,2208,2208,2208,2208,2208,2208,2208,2208,2208,2208,2208,2366,2548,2548,2760,3312,3312,3312,3312,2548,2548,2208,2208,2208,2208,2208,2208,2208
676,676,676,676,676,676,676,676,676,676,676,676,676,676,676,676,676,690,690,690,690,690,690,690,705,690,705,705,705,705,705,705,705,705,705,720,720,720,720,720,720,720,720,720,720,720,720,720,720,720,736,736,736,736,736,736,736,736,736,736,736,736,736,736,736,736,736,736,736,753,753,753,753,753,753,753,753,753,753,753,753,753,753,771,771,771,771,771,771,771,771,771,771,771,771,771,771,771,771,771,771,789,789,789,789,789,789,789,789,789,789,789,789,789,789,789,789,808,808,808,808,808,808,808,808,808,808,808,808,808,808,808,828,828,828,828,828,828,828,828,828,828,828,828,828,828,828,828,828,828,850,850,850,850,850,850,850,850,850,872,872,872,872,872,872,872,872,872,872,872,872,872,872,872,872,896,896,896,896,896,896,896,896,896,896,896,896,896,920,920,920,920,920,920,920,920,920,920,920,920,920,920,920,947,947,947,947,947,947,947,947,947,947,947,947,947,947,947,975,975,975,975,975,975,975,975,975,975,975,1004,1004,1004,1004,1004,1004,1004,1004,1035,1035,1035,1035,1035,1035,1035,1035,1035,1035,1035,1035,1035,1069,1069,1069,1069,1069,1069,1069,1069,1069,1069,1069,1069,1069,1069,1069,1104,1104,1104,1104,1104,1104,1104,1104,1104,1104,1104,1104,1104,1104,1104,1143,1143,1143,1143,1143,1143,1143,1143,1143,1143,1143,1143,1143,1143,1143,1143,1143,1183,1183,1183,1183,1183,1183,1183,1183,1227,1227,1227,1227,1227,1227,1227,1227,828,828,828,828,828,828,828,828,828,828,850,850,850,850,1656,1744,1744,1744,1744,0,808,789,789,789,789,789,789,771,789,789,789,808,0,0,0,0,0,2548,828,808,808,808,808,808,808,808,808,808,808,808,808,808,808,808,808,753,753,753,753,753,753,753,771,0,0,0,0,0,0,0,0,0,0,771,753,753,753,753,753,753,753,753,753,753,753,753,771,771,771,771,736,736,736,736,736,736,736,736,736,736,736,736,753,33119,0,0,0,0,0,0,0,0,1656,404,404,409,409,409,414,386,373,373,364,360,386,0,0,0,0,0,0,0,0,0,0,0,0,0,0,0,0,0,0,0,0,0,0,0,0,0,0,1143,1143,1183,0,0,0,0,0,0,0,0,0,0,0,0,0,0,3312,3312,4140,0,0,0,0,0,0,0,0,0,0,0,0,0,0,3011,3011,3011,3011,3011,3011,2760,0,2760,0,0,0,0,0,0,0,0,0,0,0,0,0,3011,3011,3011,3011,2760,2760,2760,2548,2548,2548,2548,2548,2548,2548,2548,2548,2548,2548,2548,2548,2548,2548,2548,2548,2548,2548,2548,2548,2548,2548,2548,2548,2548,2548,2548,2548,2548,2548,2548,2548,2366,2366,2366,2366,2366,2366,2548,2548,2548,2548,2548,2548,2548,2760,0,2760,0,2760,2548,0,0,0,0,2366,2366,2366,2366,2366,2366,2366,2366,2366,2366,2366,2366,2548,2548,2548,2548,2208,2208,2208,2208,2208,2208,2208,2208,2208,2208,2208,2208,2208,2208,2208,2208,2208,2208,2208,2208,2208,2208,2208,2208,2366,2366,2548,2760,3312,3312,3312,3312,2548,2548,2366,2366,2366,2366,2366,2366,2366
676,676,676,676,676,676,676,676,676,676,676,676,676,676,676,676,676,690,690,690,690,690,690,690,705,705,705,705,705,705,705,705,705,705,705,705,720,720,720,720,720,720,720,720,720,720,720,720,720,720,736,736,736,736,736,736,736,736,736,736,736,736,736,736,736,736,736,736,753,753,753,753,753,753,753,753,753,753,753,753,753,753,753,771,771,771,771,771,771,771,771,771,771,771,771,771,771,771,771,771,771,789,789,789,789,789,789,789,789,789,789,789,789,789,789,789,789,789,808,808,808,808,808,808,808,808,808,808,808,808,808,808,828,828,828,828,828,828,828,828,828,828,828,828,828,828,828,828,828,850,850,850,850,850,850,850,850,850,850,872,872,872,872,872,872,872,872,872,872,872,872,872,872,872,896,896,896,896,896,896,896,896,896,896,896,896,896,896,920,920,920,920,920,920,920,920,920,920,920,920,920,920,920,947,947,947,947,947,947,947,947,947,947,947,947,947,975,947,975,975,975,975,975,975,975,975,975,975,975,1004,1004,1004,1004,1004,1004,1004,1004,1004,1035,1035,1035,1035,1035,1035,1035,1035,1035,1035,1035,1035,1069,1069,1069,1069,1069,1069,1069,1069,1069,1069,1069,1069,1069,1069,1069,1104,1104,1104,1104,1104,1104,1104,1104,1143,1143,1104,1104,1104,1104,1104,1143,1143,1143,1143,1143,1143,1143,1143,1143,1143,1143,1143,1143,1143,1143,1143,1143,1183,1183,1183,1183,1183,1183,1183,1183,1227,1227,1227,1227,1227,1227,1227,1227,828,828,828,828,828,828,828,828,828,828,850,850,850,850,1656,1744,1656,1744,1744,0,808,808,789,789,789,789,789,771,789,789,0,0,0,0,0,0,0,828,808,808,808,808,808,808,808,808,808,808,808,808,808,808,808,808,808,753,753,753,753,753,753,753,0,0,0,0,0,0,0,0,0,0,0,872,771,753,753,753,753,753,753,753,753,753,753,753,753,753,753,736,736,736,736,736,736,736,736,736,736,736,736,736,753,789,0,0,0,0,0,0,0,0,1656,404,404,409,414,414,2208,414,373,373,404,404,0,0,0,0,0,0,0,0,0,0,0,1004,1004,0,0,0,0,0,0,0,0,0,0,0,0,0,0,1183,1143,1183,0,0,0,0,0,0,0,0,0,0,0,0,0,0,3011,3312,0,0,0,0,0,0,0,0,0,0,0,0,0,0,0,3011,3011,3011,3011,3011,3011,2760,0,0,0,2760,0,0,0,0,0,0,0,0,0,0,0,3011,3011,3011,3011,2760,2760,2548,2548,2548,2548,2548,2548,2548,2548,2548,2548,2548,2548,2548,2548,3011,3011,2760,2548,2548,2548,2548,2548,2548,2548,2548,2548,2548,2548,2548,2548,2548,2548,2548,2548,2366,2366,2366,2366,2366,2366,2548,2548,2548,2548,2548,2366,2548,2548,2548,2548,2760,2760,2366,0,0,2366,2366,2366,2366,2366,2366,2366,2366,2366,2366,2366,2366,2366,2366,2366,2366,2366,2366,2208,2208,2208,2208,2208,2208,2208,2208,2208,2208,2208,2208,2208,2208,2208,2208,2208,2208,2208,2208,2208,2208,2208,2208,2366,2366,2548,2760,3312,3312,3312,3680,3680,2548,2548,2548,2548,2548,2548,2548,2548
676,676,676,676,676,676,676,676,676,676,676,690,690,690,676,690,690,690,690,690,690,690,690,690,705,705,705,705,705,705,705,705,705,705,705,705,720,720,720,720,720,720,720,720,720,720,720,720,720,720,736,736,736,736,736,736,736,736,736,736,736,736,736,736,736,736,736,736,753,753,753,753,753,753,753,753,753,753,753,753,753,753,753,771,771,771,771,771,771,771,771,771,771,771,771,771,771,771,771,771,789,789,789,789,789,789,789,789,789,789,789,789,789,789,789,789,789,789,808,808,808,808,808,808,808,808,808,808,808,808,808,808,808,808,828,828,828,828,828,828,828,828,828,828,828,828,828,828,828,850,850,850,850,850,850,850,850,850,850,872,872,872,872,872,872,872,872,872,872,872,872,872,872,872,872,896,896,896,896,896,896,896,896,896,896,896,896,896,896,920,920,920,920,920,920,920,920,920,920,920,920,920,920,920,920,947,947,947,947,947,947,947,975,947,975,975,975,975,975,975,975,975,975,975,975,975,975,975,1004,1004,1004,1004,1004,1004,1004,1004,1004,1004,1004,1035,1035,1035,1035,1035,1035,1035,1035,1035,1035,1035,1035,1035,1035,1069,1069,1069,1069,1069,1069,1069,1069,1069,1069,1069,1069,1069,1104,1104,1104,1104,1104,1104,1104,1143,1143,1143,1104,1104,1104,1104,1143,1143,1143,1143,1143,1143,1143,1143,1143,1143,1143,1143,1143,1143,1143,1143,1143,1183,1183,1183,1183,1183,1183,1183,1183,1227,1227,1227,1227,1227,1227,1227,1227,828,828,828,828,828,828,828,828,828,828,850,850,850,850,1656,1744,1744,1744,0,0,0,0,808,808,789,789,789,789,0,0,0,0,0,0,0,0,0,808,808,808,808,808,808,808,808,808,808,808,808,808,808,1949,0,1949,808,753,753,753,753,753,753,753,0,0,0,0,0,0,0,0,0,0,0,0,789,771,771,771,771,771,753,753,753,753,753,753,753,753,753,736,736,736,736,736,736,736,736,736,736,736,736,736,736,789,0,0,0,0,0,0,0,0,0,0,414,414,420,414,2208,420,381,404,0,0,0,0,0,0,0,0,0,0,0,0,753,736,736,0,0,0,0,0,0,0,0,0,0,0,0,0,0,0,1183,0,0,0,0,0,0,0,0,0,0,0,0,0,0,0,0,0,0,0,0,0,0,0,0,0,0,0,0,0,0,0,0,3011,3011,3011,3011,3011,3011,2760,0,0,0,2760,0,2760,0,0,0,0,0,0,0,0,3011,2760,3011,3011,3011,2760,2760,2548,2548,2548,2548,2548,2548,2548,2548,2548,2548,2548,2548,2548,2548,3011,3011,2760,2548,2548,2548,2548,2548,2548,2548,2548,2548,2548,2548,2548,2548,2548,2548,2548,2548,2366,2366,2366,2366,2366,2548,2548,2548,2548,2548,2548,2548,2548,2548,2548,2548,2548,2366,2366,0,0,2366,2366,2366,2366,2366,2366,2366,2366,2366,2366,2366,2366,2366,2366,2366,2366,2366,2366,2208,2208,2208,2208,2208,2208,2208,2208,2208,2208,2208,2208,2208,2208,2208,2208,2208,2208,2208,2208,2208,2208,2208,2208,2366,2366,2548,2760,3312,3312,3312,3680,3680,3680,2548,2548,2548,2548,2548,2548,2548
676,676,676,676,676,676,676,676,676,676,676,690,690,690,690,690,690,690,690,690,690,690,690,705,705,705,705,705,705,705,705,705,705,705,705,705,705,720,720,720,720,720,720,720,720,720,720,720,736,736,736,736,736,736,736,736,736,736,736,736,736,736,736,736,736,736,736,736,753,753,753,753,753,753,753,753,753,753,753,753,753,753,753,771,771,771,771,771,771,771,771,771,771,771,771,771,771,771,771,789,789,789,789,789,789,789,789,789,789,789,789,789,789,789,789,789,789,789,808,808,808,808,808,808,808,808,808,808,808,808,808,808,808,808,828,828,828,828,828,828,828,828,828,828,828,828,828,828,828,850,850,850,850,850,850,850,850,850,850,850,872,872,872,872,872,872,872,872,872,872,872,872,872,872,872,896,896,896,896,896,896,896,896,896,896,896,896,896,896,920,920,920,920,920,920,920,920,920,920,920,920,920,920,947,947,947,947,947,947,947,947,947,975,947,975,975,975,975,975,975,975,975,975,975,975,975,975,975,975,1004,1004,1004,1004,1004,1004,1004,1004,1004,1004,1035,1035,1035,1035,1035,1035,1035,1035,1035,1035,1035,1069,1035,1035,1069,1069,1069,1069,1069,1069,1069,1069,1069,1069,1069,1069,1069,1069,1104,1104,1104,1104,1104,1104,1143,1143,1143,1104,1104,1104,1104,1143,1143,1143,1143,1143,1143,1143,1143,1143,1143,1143,1143,1143,1143,1143,1143,1183,1183,1183,1183,1183,1183,1183,1183,1183,1227,1227,1227,1227,1227,1227,1227,1183,828,828,828,828,828,828,828,828,828,828,828,850,850,850,1656,1744,1744,1744,1744,0,808,808,808,808,1104,1183,0,0,0,0,0,0,0,0,0,0,0,808,808,808,808,808,789,789,789,789,808,808,808,0,0,0,0,0,1949,753,753,753,753,753,753,0,0,0,0,0,0,0,0,0,0,0,0,0,872,771,771,771,771,771,789,771,753,753,753,753,753,753,753,736,736,736,736,736,736,736,736,736,736,736,736,736,736,789,789,0,0,0,0,0,0,0,0,0,0,0,0,0,0,0,0,0,0,0,0,0,460,947,1035,0,0,0,0,0,828,828,0,0,0,0,0,0,0,0,0,0,0,0,0,0,0,0,0,0,0,0,0,0,0,0,0,0,0,0,0,0,0,0,0,0,0,0,0,0,6624,0,0,0,0,0,0,0,0,0,5520,3011,3011,3011,3011,3011,3011,3011,0,0,0,0,0,0,0,0,0,0,0,0,0,0,3011,2548,2760,2548,2548,2548,2548,2548,2548,2548,2548,2548,2548,2548,2548,2548,2548,2548,2548,2548,2548,3011,3011,2760,2760,2548,2548,2548,2548,2548,2548,2548,2548,2548,2548,2548,2548,2548,2548,2548,2548,2366,2366,2366,2366,2366,2548,2548,2548,2548,2548,2548,2548,2548,2548,2548,2548,2548,2548,2366,0,0,2366,2366,2366,2366,2366,2366,2366,2366,2366,2366,2366,2366,2366,2366,2366,2366,2366,2208,2208,2208,2208,2208,2208,2208,2208,2208,2208,2208,2208,2208,2208,2208,2208,2208,2208,2208,2208,2208,2208,2208,2208,2208,2208,2366,2548,2760,3312,3312,3680,3680,4140,0,0,0,0,0,0,0,0
676,676,676,676,676,676,676,676,676,676,676,690,690,690,690,690,690,690,690,690,690,690,690,705,705,705,705,705,705,705,705,705,705,705,705,705,705,705,720,720,720,720,720,720,720,720,720,720,736,736,736,736,736,736,736,736,736,736,736,736,736,736,736,736,736,736,736,753,753,753,753,753,753,753,753,753,753,753,753,753,753,753,771,771,771,771,771,771,771,771,771,771,771,771,771,771,771,771,771,789,789,789,789,789,789,789,789,789,789,789,789,789,789,789,789,789,789,789,808,808,808,808,808,808,808,808,808,808,808,808,808,808,808,808,828,828,828,828,828,828,828,828,828,828,828,828,828,850,850,850,850,850,850,850,850,850,850,850,850,850,872,872,872,872,872,872,872,872,872,872,872,872,872,872,872,896,896,896,896,896,896,896,896,896,896,896,896,896,896,920,920,920,920,920,920,920,920,920,920,920,920,920,947,947,947,947,947,947,947,947,947,947,947,947,975,975,975,975,975,975,975,975,975,975,975,975,975,975,975,975,1004,1004,1004,1004,1004,1004,1004,1035,1035,1035,1035,1035,1035,1035,1035,1035,1035,1035,1035,1035,1035,1035,1035,1035,1069,1069,1069,1069,1069,1069,1069,1069,1069,1069,1069,1069,1069,1069,1104,1104,1104,1104,1104,1143,1143,1143,1104,1104,1104,1104,1143,1143,1143,1143,1143,1143,1143,1143,1143,1143,1143,1143,1143,1143,1143,1143,1183,1183,1183,1183,1183,1183,1183,1183,1183,1227,1227,1227,1227,1227,1183,1183,1069,828,828,828,828,828,828,828,828,828,828,828,850,850,850,1656,1744,1744,0,0,0,0,0,0,0,0,0,0,0,0,0,0,0,0,0,0,0,0,808,808,808,789,789,789,789,789,789,789,789,808,0,0,0,0,0,0,753,753,753,753,753,753,789,0,0,0,0,0,0,0,0,0,0,0,0,872,789,789,789,789,789,808,947,808,753,753,753,753,753,753,736,736,736,736,736,736,736,736,736,736,736,736,736,736,789,789,0,0,0,0,0,0,0,0,0,0,0,0,0,0,0,0,0,0,0,460,460,436,460,947,0,0,0,1035,0,850,850,0,0,0,0,0,0,0,0,0,0,0,0,0,0,0,0,0,0,0,0,0,0,0,0,0,0,0,0,0,0,0,0,0,0,0,0,0,0,0,0,0,0,0,0,0,0,0,0,5520,3011,3011,3011,3011,3011,3011,3011,0,0,0,0,0,0,0,0,0,0,0,0,0,0,3011,2548,2548,2548,2548,2548,2548,2548,2548,2366,2548,2548,2548,2548,2548,2548,2548,2548,2760,2760,2760,2760,3011,2760,2760,2760,2548,2548,2548,2548,2548,2548,2548,2548,2548,2548,2548,2548,2548,2548,2548,2366,2366,2366,2366,2366,2548,2548,2548,2548,2548,2548,2548,2548,2548,2548,2548,2548,2548,2548,0,2548,2366,2366,2366,2366,2366,2366,2366,2366,2366,2366,2366,2366,2366,2366,2366,2366,2366,2208,2208,2208,2208,2208,2208,2208,2208,2208,2208,2208,2208,2208,2208,2208,2208,2208,2208,2208,2208,2208,2208,2208,2208,2208,2208,2366,2548,2760,3312,3312,3680,3680,4140,0,0,0,0,0,0,0,2548
676,676,676,676,676,676,676,676,676,676,676,690,690,690,690,690,690,690,690,690,690,690,690,705,705,705,705,705,705,705,705,705,705,705,705,705,705,720,720,720,720,720,720,720,720,720,720,720,736,736,736,736,736,736,736,736,736,736,736,736,736,736,736,736,736,736,736,753,753,753,753,753,753,753,753,753,753,753,753,753,753,753,771,771,771,771,771,771,771,771,771,771,771,771,771,771,771,771,771,771,789,789,789,789,789,789,789,789,789,789,789,789,789,789,789,789,789,789,808,808,808,808,808,808,808,808,808,808,808,808,808,808,808,808,828,828,828,828,828,828,828,828,828,828,828,828,850,850,850,850,850,850,850,850,850,850,850,850,850,850,872,872,872,872,872,872,872,872,872,872,872,872,872,872,872,896,896,896,896,896,896,896,896,896,896,896,896,896,896,896,920,920,920,920,920,920,920,920,920,920,920,920,947,947,947,947,947,947,947,947,947,947,975,975,975,975,975,975,975,975,975,975,975,975,975,975,975,975,975,975,1004,1004,1004,1004,1004,1004,1004,1035,1035,1035,1035,1035,1035,1035,1035,1035,1035,1035,1035,1035,1035,1035,1035,1035,1069,1069,1069,1069,1069,1069,1069,1069,1069,1069,1069,1069,1069,1069,1069,1104,1104,1104,1104,1143,1143,1143,1104,1104,1104,1104,1143,1143,1143,1143,1143,1143,1143,1143,1143,1143,1143,1143,1143,1143,1183,1183,1183,1183,1183,1183,1183,1183,1183,1183,1183,1227,1227,1227,1227,1227,1183,1183,1069,828,828,828,828,828,828,828,828,828,828,828,850,850,850,1656,1744,1744,0,0,0,0,0,0,0,0,0,0,0,0,0,0,0,0,0,0,0,3011,808,808,808,789,789,789,789,789,789,789,789,789,0,0,0,0,0,789,771,753,753,753,753,753,771,789,789,789,789,789,789,808,0,0,0,0,872,789,789,789,789,789,789,808,947,808,808,753,753,753,753,736,736,736,736,736,736,736,736,736,736,736,736,736,736,736,789,789,0,0,0,0,0,0,0,0,0,0,0,0,0,0,0,0,0,0,0,460,460,460,947,947,1035,1035,0,1035,0,0,0,0,0,0,0,0,0,0,0,0,0,0,0,0,0,0,0,0,0,0,0,0,0,0,0,0,0,0,0,0,0,0,0,0,0,0,0,0,0,0,0,0,0,0,0,0,0,0,0,6624,3011,3011,2760,3011,3011,0,0,0,0,0,0,0,0,0,0,0,0,0,0,0,0,3011,2548,3011,2548,2548,2548,2548,2548,2548,2548,2548,2548,2548,2548,2548,2548,2548,2548,2760,2760,2760,2760,3011,2760,2760,2760,2548,2548,2548,2548,2548,2548,2548,2548,2548,2548,2548,2548,2548,2548,2548,2366,2366,2366,2366,2366,2548,2548,2548,2548,2548,2548,2548,2548,2548,2548,2548,2548,2548,2366,2366,2366,2366,2366,2366,2366,2366,2366,2366,2366,2366,2366,2366,2366,2366,2366,2366,2366,2366,2366,2208,2208,2208,2208,2208,2208,2208,2208,2208,2208,2208,2208,2208,2208,2208,2208,2208,2208,2208,2208,2208,2208,2208,2208,2208,2366,2548,2760,3312,3312,3680,3680,4140,0,0,0,0,0,0,0,2366
676,676,676,676,676,676,676,676,676,676,676,690,690,690,690,690,690,690,690,690,690,690,705,705,705,705,705,705,705,705,705,705,705,705,705,705,705,720,720,720,720,720,720,720,720,720,720,736,736,736,736,736,736,736,736,736,736,736,736,736,736,736,736,736,736,736,753,753,753,753,753,753,753,753,753,753,753,753,753,753,771,771,771,771,771,771,771,771,771,771,771,771,771,771,771,771,771,771,771,789,789,789,789,789,789,789,789,789,789,789,789,789,789,789,789,789,789,808,808,808,808,808,808,808,808,808,808,808,808,808,808,808,808,828,828,828,828,828,828,828,828,828,828,828,828,850,850,850,850,850,850,850,850,850,850,850,850,850,850,850,872,872,872,872,872,872,872,872,872,872,872,872,872,872,872,896,896,896,896,896,896,896,896,896,896,896,896,896,896,920,920,920,920,920,920,920,920,920,920,920,920,920,920,947,947,947,947,947,947,947,947,947,947,947,975,975,975,975,975,975,975,975,975,975,975,975,975,975,975,975,1004,1004,1004,1004,1035,1035,1035,1035,1035,1035,1035,1035,1035,1035,1035,1035,1035,1035,1035,1035,1035,1035,1035,1035,1035,1069,1069,1069,1069,1069,1069,1069,1069,1069,1069,1069,1069,1069,1069,1069,1104,1104,1104,1143,1143,1143,1104,1104,1104,1104,1143,0,0,0,1143,1143,1143,1143,1143,1143,1143,1143,1183,1183,1183,1183,1183,1183,1183,1183,1183,1183,1183,1183,1183,1227,1227,1227,1227,1227,1183,1183,1069,828,828,828,828,828,828,828,828,828,828,828,850,850,850,1656,0,0,0,0,0,0,0,0,0,0,0,0,0,0,0,0,0,0,0,0,0,3011,808,808,789,789,789,789,789,789,789,789,789,789,789,828,1949,0,1949,789,771,771,753,753,753,771,771,771,789,789,789,789,789,808,872,0,0,0,0,872,789,789,789,789,789,789,808,808,789,789,753,753,753,736,736,736,736,736,736,736,736,736,736,736,736,736,736,736,1578,11040,0,0,0,0,0,0,0,0,0,0,0,0,0,0,0,0,0,0,0,460,460,436,460,947,1035,1035,1035,1035,0,0,0,0,0,0,0,0,0,0,0,0,0,0,0,0,0,0,0,0,0,0,0,0,0,0,0,0,0,0,0,0,0,0,0,0,0,0,0,0,0,0,0,0,0,0,0,0,0,0,8280,5520,3011,3011,2760,3011,3011,0,0,0,0,0,0,0,0,0,0,0,0,0,2548,2548,2548,2548,2548,2548,2366,2366,2366,2548,2366,2366,2366,2366,2366,2548,2548,2548,2548,2548,2548,2760,2760,2760,2760,3011,2760,2760,2760,2548,2548,2548,2548,2548,2548,2548,2548,2548,2548,2548,2548,2548,2548,2548,2366,2366,2366,2366,2366,2548,2548,2548,2548,2548,2548,2548,2548,2548,2548,2548,2548,2548,2548,0,0,2366,2366,2366,2366,2366,2366,2366,2366,2366,2366,2366,2366,2366,2366,2366,2366,2366,2366,2208,2208,2208,2208,2208,2208,2208,2208,2208,2208,2208,2208,2208,2208,2208,2208,2208,2208,2208,2208,2208,2208,2208,2208,2208,2366,2548,2760,3312,3312,3680,3680,3680,4140,2366,2366,2366,2366,2366,2366,2208
676,676,676,676,676,676,676,676,676,676,676,690,690,690,690,690,690,690,690,690,690,690,705,705,705,705,705,705,705,705,705,705,705,705,705,705,705,705,720,720,720,720,720,720,720,720,720,736,736,736,736,736,736,736,736,736,736,736,736,736,736,736,736,736,736,753,753,753,753,753,753,753,753,753,753,753,753,753,753,771,771,771,771,771,771,771,771,771,771,771,771,771,771,771,771,771,771,771,771,771,789,789,789,789,789,789,789,789,789,789,789,789,789,789,789,789,808,808,808,808,808,808,808,808,808,808,808,808,808,808,808,808,808,828,828,828,828,828,828,828,828,828,828,850,850,850,850,850,850,850,850,850,850,850,850,850,850,850,850,872,872,872,872,872,872,872,872,872,872,872,872,872,872,872,872,896,896,896,896,896,896,896,896,896,896,896,896,896,896,920,920,920,920,920,920,920,920,920,920,920,920,947,947,947,947,947,947,947,947,947,947,947,947,947,975,975,975,975,975,975,975,975,975,975,975,975,975,975,975,975,1004,1004,1004,1004,1035,1035,1035,1035,1035,1035,1035,1035,1035,1035,1035,1035,1035,1035,1035,1035,1035,1035,1035,1035,1069,1069,1069,1069,1069,1069,1069,1069,1069,1069,1069,1069,1069,1069,1069,1069,1104,1104,1104,1143,1143,1143,1104,1104,1104,1104,1104,1143,0,0,1143,1143,1143,1143,1143,1143,1143,1143,1143,1183,1183,1183,1183,1183,1183,1183,1183,1183,1183,1183,1183,1227,1227,1227,1227,1227,1227,1183,1069,828,828,828,828,828,828,828,828,828,828,828,850,850,850,1325,0,0,0,0,0,0,0,0,0,0,0,0,0,0,3011,0,0,0,0,0,0,3011,808,789,789,789,789,789,789,789,789,789,789,789,789,808,808,808,789,789,771,771,753,753,753,771,771,789,789,789,789,789,789,789,808,872,872,0,872,872,789,789,789,789,789,789,808,808,808,808,789,753,753,736,736,736,736,736,736,736,736,736,736,736,736,736,736,753,8280,0,0,0,0,0,0,0,0,0,0,0,0,0,0,0,0,0,0,0,975,460,460,436,460,1035,1035,1035,1035,1035,0,0,0,0,0,0,0,0,0,0,0,0,0,0,0,0,0,0,0,0,0,0,0,0,0,0,0,0,0,0,0,0,0,0,0,0,0,0,0,0,0,0,0,0,0,0,0,0,0,0,8280,5520,3011,3011,2760,3011,3011,0,0,0,0,0,0,0,0,0,0,0,0,0,2366,2366,0,2760,2760,3011,2366,2366,2366,2366,2366,2366,2366,2366,2366,2548,2548,2548,2548,2548,2548,3011,2760,2760,2760,3011,2760,3011,3011,2760,2548,2548,2548,2548,2548,2548,2548,2548,2548,2548,2548,2548,2548,2548,2366,2366,2366,2366,2366,2548,2548,2548,2548,2548,2548,2548,2548,2760,2760,2760,2760,2760,0,0,0,2366,2366,2366,2366,2366,2366,2366,2366,2366,2366,2366,2366,2366,2366,2366,2366,2366,2208,2208,2208,2208,2208,2208,2208,2208,2208,2208,2208,2208,2208,2208,2208,2208,2208,2208,2208,2208,2208,2208,2208,2208,2208,2208,2366,2548,2760,3312,3312,3312,3680,3680,2366,2208,2208,2208,2208,2208,2208,2208
676,676,676,676,676,676,676,676,676,676,676,676,690,690,690,690,690,690,690,690,690,705,705,705,705,705,705,705,705,705,705,705,705,705,705,705,705,720,720,720,720,720,720,720,720,720,720,736,736,736,736,736,736,736,736,736,736,736,736,736,736,736,736,736,753,753,753,753,753,753,753,753,753,753,753,753,753,753,771,771,771,771,771,771,771,771,771,771,771,771,771,771,771,771,771,771,771,771,771,771,789,789,789,789,789,789,789,789,789,789,789,789,789,789,789,789,808,808,808,808,808,808,808,808,808,808,808,808,808,808,808,808,808,808,828,828,828,828,828,828,828,828,828,850,850,850,850,850,850,850,850,850,850,850,850,850,850,850,850,872,872,872,872,872,872,872,872,872,872,872,872,872,872,872,872,872,896,896,896,896,896,896,896,896,896,896,896,896,896,920,920,920,920,920,920,920,920,920,920,920,920,947,947,947,947,947,947,947,947,947,947,947,947,947,947,947,975,975,975,975,975,975,975,975,975,975,975,975,975,975,1004,1004,1035,1035,1035,1035,1035,1035,1035,1035,1035,1035,1035,1035,1035,1035,1035,1035,1035,1035,1035,1035,1035,1035,1069,1069,1069,1069,1069,1069,1069,1069,1069,1069,1069,1069,1069,1069,1069,1069,1104,1104,1104,1143,1143,1104,1104,1104,1104,1104,1104,1143,0,0,0,1183,1143,1143,1143,1143,1143,1143,1143,1183,1183,1183,1183,1183,1183,1183,1183,1183,1183,1183,1183,1227,1227,1227,1227,1227,1227,1183,1069,828,828,828,828,828,828,828,828,828,828,828,850,850,850,1325,0,0,0,0,0,0,0,0,0,0,0,0,0,0,3011,1274,3011,3011,0,0,0,0,808,808,789,789,789,789,789,789,789,789,789,789,789,808,808,808,789,789,771,771,771,771,771,771,789,789,789,789,789,789,789,808,872,0,0,0,872,872,789,789,789,789,789,789,789,808,789,808,789,789,753,736,736,736,736,736,736,736,736,736,736,736,736,736,736,789,8280,11040,11040,0,0,0,0,0,0,0,0,0,0,896,896,947,975,975,0,975,975,460,460,460,947,1035,1035,1035,1035,1035,0,0,0,0,0,0,0,0,0,0,0,0,0,0,0,0,0,0,0,0,0,0,0,0,0,0,0,0,0,0,0,0,0,0,0,0,0,0,0,0,0,0,0,0,0,0,0,0,0,0,8280,5520,3011,3011,2760,3011,3011,0,0,0,0,0,0,0,0,0,0,0,0,0,0,0,0,3011,3011,3011,2760,2548,2548,2760,2548,2548,2366,2548,2548,2548,2548,2548,2548,2548,2548,2760,2760,2760,2760,3011,2760,3011,3011,2760,2548,2548,2548,2548,2548,2548,2548,2548,2548,2548,2548,2548,2548,2548,2366,2366,2366,2366,2366,2548,2548,2548,2548,2548,2548,2548,2548,2760,2760,2760,2760,2760,0,0,0,2548,2366,2366,2366,2366,2366,2366,2366,2366,2366,2366,2366,2366,2366,2366,2366,2366,2208,2208,2208,2208,2208,2208,2208,2208,2208,2208,2208,2208,2208,2208,2208,2208,2208,2208,2208,2208,2208,2208,2208,2208,2208,2208,2366,2548,2760,3312,3312,3312,3312,2366,2208,2208,2208,2208,2208,2208,2208,2208
676,676,676,676,676,676,676,676,676,676,676,676,690,690,690,690,690,690,690,690,705,705,705,705,705,705,705,705,705,705,705,705,705,705,705,705,705,720,720,720,720,720,720,720,720,720,720,720,736,736,736,736,736,736,736,736,736,736,736,736,736,736,736,736,753,753,753,753,753,753,753,753,753,753,753,753,753,753,753,771,771,771,771,771,771,771,771,771,771,771,771,771,771,771,771,771,771,771,771,789,789,789,789,789,789,789,789,789,789,789,789,789,789,789,789,808,808,808,808,808,808,808,808,808,808,808,808,808,808,808,808,808,808,808,828,828,828,828,828,828,828,828,828,850,850,850,850,850,850,850,850,850,850,850,850,850,850,850,850,872,872,872,872,872,872,872,872,872,872,872,872,872,872,872,872,896,896,896,896,896,896,896,896,896,896,896,896,896,896,920,920,920,920,920,920,920,920,920,920,920,920,947,947,947,947,947,947,947,947,947,975,947,975,975,975,975,975,975,975,975,975,975,975,975,1004,975,975,975,1004,1004,1004,1004,1004,1035,1035,1035,1035,1035,1035,1035,1035,1035,1035,1035,1035,1035,1035,1035,1035,1035,1035,1035,1035,1035,1069,1069,1069,1069,1069,1069,1069,1069,1069,1069,1069,1069,1069,1069,1069,1104,1104,1104,1104,1143,1143,1104,1104,1104,1104,1104,1104,1104,1143,0,0,1183,1143,1143,1143,1143,1143,1143,1143,1143,1183,1183,1183,1183,1183,1183,1183,1183,1183,1183,1183,1227,1227,1227,1227,1227,1227,1227,1069,828,828,828,828,828,828,828,828,828,828,828,850,850,850,1325,1744,0,0,0,0,0,0,0,0,0,0,0,0,0,1274,1227,808,808,808,1656,0,0,1325,808,789,789,789,789,789,789,789,789,789,789,789,808,808,808,789,789,771,771,771,771,771,771,789,789,789,789,789,808,789,808,0,0,0,0,0,872,789,789,789,789,789,789,808,808,789,808,808,808,789,736,736,736,736,736,736,736,736,736,736,736,736,736,736,753,8280,11040,11040,0,0,0,0,0,0,0,0,0,0,896,896,920,947,947,975,975,975,460,460,460,947,1035,0,1035,1035,0,0,0,0,0,0,0,0,0,0,0,0,0,0,0,0,0,0,0,0,0,0,0,0,0,0,0,0,0,0,0,0,0,0,0,0,0,0,0,0,0,0,0,0,0,0,0,0,0,0,0,8280,5520,3011,3011,2760,3011,3011,3011,0,0,0,0,0,0,0,0,0,0,0,0,0,0,0,3011,3011,3011,3011,2760,2760,2760,2760,2760,2548,2548,2548,2548,2548,2548,2548,2548,2548,2548,2760,2760,2760,3011,2760,3011,3011,2760,2548,2548,2548,2548,2548,2548,2548,2548,2548,2548,2548,2548,2548,2548,2366,2366,2366,2366,2366,2548,2548,2548,2548,2548,2548,2548,2548,2760,2760,2760,2760,2760,0,0,0,2548,2366,2366,2366,2366,2366,2366,2366,2366,2366,2366,2366,2366,2366,2366,2366,2366,2208,2208,2208,2208,2208,2208,2208,2208,2208,2208,2208,2208,2208,2208,2208,2208,2208,2208,2208,2208,2208,2208,2208,2208,2208,2208,2366,2548,2760,3312,3312,3312,3680,3680,2366,2208,2208,2208,2208,2208,2208,2208
676,676,676,676,676,676,676,676,676,676,676,690,690,690,690,690,690,690,690,690,705,705,705,705,705,705,705,705,705,705,705,705,705,705,705,705,705,720,720,720,720,720,720,720,720,720,720,720,736,736,736,736,736,736,736,736,736,736,736,736,736,736,736,736,753,753,753,753,753,753,753,753,753,753,753,753,753,753,753,771,771,771,771,771,771,771,771,771,771,771,771,771,771,771,771,771,771,789,789,789,789,789,789,789,789,789,789,789,789,789,789,789,789,789,789,808,808,808,808,808,808,808,808,808,808,808,808,808,808,808,808,808,808,828,828,828,828,828,828,828,828,828,850,850,850,850,850,850,850,850,850,850,850,850,850,850,850,850,872,872,872,872,872,872,872,872,872,872,872,872,872,872,872,872,872,896,896,896,896,896,896,896,896,896,896,896,896,896,896,896,920,920,920,920,920,920,920,920,920,920,920,920,947,947,947,947,947,947,947,947,947,947,947,947,947,975,975,975,975,975,975,975,975,975,1004,1004,975,975,1004,1004,1004,1004,1035,1035,1035,1035,1035,1035,1035,1035,1035,1035,1035,1035,1035,1035,1035,1035,1035,1035,1035,1035,1035,1035,1069,1069,1069,1069,1069,1069,1069,1069,1069,1069,1069,1069,1104,1104,1104,1104,1104,1104,1104,1104,1104,1104,1104,1104,1104,1104,1104,1104,1143,1143,1143,1143,1143,1143,1143,1143,1143,1143,1143,1143,1143,1143,1183,1183,1183,1183,1183,1183,1183,1183,1183,1227,1227,1227,1227,1227,1227,1227,1104,828,828,828,828,828,828,828,828,828,828,828,850,850,850,1325,1744,0,0,0,0,0,0,0,0,0,0,0,0,0,0,808,808,808,808,1325,1325,0,0,808,789,789,789,789,789,789,789,789,789,789,808,808,808,808,808,808,771,771,771,771,771,789,789,789,789,808,808,828,828,828,0,0,0,0,0,0,0,789,789,789,789,0,0,0,16560,0,0,0,920,753,736,736,736,736,736,736,736,736,736,736,736,736,11040,11040,11040,11040,11040,11040,0,0,0,0,0,0,0,0,0,896,896,920,920,947,975,975,975,975,460,460,947,947,0,0,0,0,0,0,0,0,0,0,0,0,0,0,0,0,0,0,0,0,0,0,0,0,0,0,0,0,0,0,0,0,0,0,0,0,0,0,0,0,0,0,0,0,0,0,0,0,0,0,0,0,0,0,6624,5520,3011,3011,2760,3011,3011,3011,3011,0,0,0,0,0,0,0,0,0,0,0,0,0,0,3011,3011,3011,2760,2760,2760,2760,2760,2760,2548,2548,2548,2548,2548,2548,2548,2548,2548,2548,2548,2548,2760,3011,2760,3011,3011,2548,2548,2548,2548,2548,2548,2548,2548,2548,2548,2548,2548,2548,2548,2548,2366,2366,2366,2366,2366,2548,2548,2548,2548,2548,2548,2548,2760,2760,2760,2760,2760,2760,0,0,0,0,2366,2366,2366,2366,2366,2366,2366,2366,2366,2366,2366,2366,2366,2366,2366,2366,2208,2208,2208,2208,2208,2208,2208,2208,2208,2208,2208,2208,2208,2208,2208,2208,2208,2208,2208,2208,2208,2208,2208,2208,2208,2208,2366,2548,2760,3312,3312,3312,3680,3680,2208,2208,2208,2208,2208,2208,2208,2208
676,676,676,676,676,676,676,676,676,676,676,690,690,690,690,690,690,690,690,690,705,705,705,705,705,705,705,705,705,705,705,705,705,705,705,705,705,720,720,720,720,720,720,720,720,720,720,720,736,736,736,736,736,736,736,736,736,736,736,736,736,736,736,736,736,753,753,753,753,753,753,753,753,753,753,753,753,753,753,753,771,771,771,771,771,771,771,771,771,771,771,771,771,771,771,771,771,789,789,789,789,789,789,789,789,789,789,789,789,789,789,789,789,789,789,789,808,808,808,808,808,808,808,808,808,808,808,808,808,808,808,808,828,828,828,828,828,828,828,828,828,828,828,850,850,850,850,850,850,850,850,850,850,850,850,850,850,850,872,872,872,872,872,872,872,872,872,872,872,872,872,872,872,872,872,896,896,896,896,896,896,896,896,896,896,896,896,896,896,896,920,920,920,920,920,920,920,920,920,920,920,920,947,947,947,947,947,947,947,947,947,947,947,947,975,975,975,975,975,975,975,1004,1004,1004,1004,1004,975,975,1004,1004,1004,1004,1004,1004,1004,1004,1035,1035,1035,1035,1035,1035,1035,1035,1035,1035,1035,1035,1035,1035,1035,1035,1035,1035,1069,1069,1069,1069,1069,1069,1069,1069,1069,1069,1104,1104,1104,1104,1104,1104,1104,1104,1104,1104,1104,1104,1104,1104,1104,1104,1104,1104,1104,1143,1143,1143,1143,1143,1143,1143,1143,1143,1143,1143,1143,1143,1183,1183,1183,1183,1183,1183,1183,1183,1183,1227,1227,1227,1227,1227,1227,1227,1104,828,828,828,828,828,828,828,828,828,828,828,850,850,850,1325,0,0,0,0,0,0,0,0,0,0,0,0,0,0,0,808,808,808,808,808,828,1325,1325,808,808,789,789,789,789,789,789,789,789,789,808,808,808,808,808,808,808,789,808,808,789,789,789,789,789,808,808,828,828,850,0,0,0,0,0,0,0,0,0,0,0,0,0,0,0,0,0,0,0,771,736,736,736,736,736,736,736,736,736,736,736,736,0,0,11040,11040,8280,8280,8280,0,0,0,0,0,0,0,0,920,896,920,920,947,947,947,0,0,460,460,947,947,0,0,0,0,0,0,0,0,0,0,0,0,0,0,0,0,0,0,0,0,0,0,0,0,0,0,0,0,0,0,0,0,0,0,0,0,0,0,0,0,0,0,0,0,0,0,0,0,0,0,0,0,8280,16560,6624,5520,3011,3011,2760,2760,2760,2760,2760,0,0,0,0,0,0,0,0,0,0,0,0,0,0,0,3011,3011,2760,3011,2760,2760,2760,2760,2760,2548,2548,2548,2548,2548,2548,2548,2548,2548,2548,2548,2760,3011,3011,2760,3011,2548,2548,2548,2548,2548,2548,2548,2548,2548,2548,2548,2548,2548,2548,2548,2366,2366,2366,2366,2366,2548,2548,2548,2548,2548,2548,2548,2548,2760,2760,2760,2760,2760,0,0,0,0,2366,2366,2366,2366,2366,2366,2366,2366,2366,2366,2366,2366,2366,2366,2366,2366,2208,2208,2208,2208,2208,2208,2208,2208,2208,2208,2208,2208,2208,2208,2208,2208,2208,2208,2208,2208,2208,2208,2208,2208,2208,2208,2366,2548,2760,3312,3312,3312,3680,3680,2366,2208,2208,2208,2366,2366,2366,2366
676,676,676,676,676,676,676,676,676,676,676,690,690,690,690,690,690,690,690,690,705,705,705,705,705,705,705,705,705,705,705,705,705,705,705,705,705,720,720,720,720,720,720,720,720,720,720,720,720,736,736,736,736,736,736,736,736,736,736,736,736,736,736,736,753,753,753,753,753,753,753,753,753,753,753,753,753,753,753,753,753,771,771,771,771,771,771,771,771,771,771,771,771,771,771,771,789,789,789,789,789,789,789,789,789,789,789,789,789,789,789,789,789,789,789,789,808,808,808,808,808,808,808,808,808,808,808,808,808,808,808,828,828,828,828,828,828,828,828,828,828,828,828,850,850,850,850,850,850,850,850,850,850,850,850,850,850,850,872,872,872,872,872,872,872,872,872,872,872,872,872,872,872,872,872,896,896,896,896,896,896,896,896,896,896,896,896,896,896,896,920,920,920,920,920,920,920,920,920,920,920,920,947,947,947,947,947,947,947,947,947,947,947,947,975,975,975,975,975,975,975,975,975,975,1004,975,975,975,975,1004,1004,1004,1004,1004,1004,1004,1004,1035,1035,1035,1035,1035,1035,1035,1035,1035,1035,1035,1035,1035,1035,1035,1035,1035,1069,1069,1069,1069,1069,1069,1069,1069,1069,1069,1104,1104,1104,1104,1104,1104,1104,1104,1104,1104,1104,1104,1104,1104,1104,1104,1104,1104,1143,1143,1143,1143,1143,1143,1143,1143,1143,1143,1143,1143,1143,1143,1183,1183,1183,1183,1183,1183,1183,1183,1183,1227,1227,1227,1227,1227,1227,1227,1104,828,828,828,828,828,828,828,828,828,828,828,850,850,850,1325,0,0,0,0,0,0,0,0,0,0,0,0,0,0,0,808,808,808,808,808,808,828,828,828,808,808,789,789,789,789,789,789,789,789,808,808,808,808,808,808,808,808,0,808,808,808,808,808,808,808,828,828,828,850,920,920,0,0,0,0,0,0,0,0,0,0,0,0,0,0,0,0,0,0,736,736,736,736,736,720,736,736,736,736,736,808,0,0,0,0,11040,11040,11040,11040,0,0,0,0,0,8280,920,896,896,920,920,920,947,947,0,0,0,460,0,1035,0,0,0,0,0,0,0,0,0,0,0,0,0,0,0,0,0,0,0,0,0,0,0,0,0,0,0,0,0,0,0,0,0,0,0,0,0,0,0,0,0,0,0,0,0,0,0,0,0,0,0,0,8280,16560,6624,5520,3011,3011,2760,2760,2760,2760,2760,3011,0,0,0,0,0,0,0,0,0,0,0,0,0,0,3011,3011,2760,2760,2760,2760,2760,2760,2548,2548,2548,2548,2548,2548,2548,2548,2548,2548,2548,2548,2760,3011,3011,2760,2548,2548,2548,2548,2548,2548,2548,2548,2548,2548,2548,2548,2548,2548,2548,2548,2366,2366,2366,2366,2366,2548,2548,2548,2548,2548,2548,2548,2548,2760,2760,2760,2548,2760,2548,0,0,0,2366,2366,2366,2366,2366,2366,2366,2366,2366,2366,2548,2366,2366,2366,2366,2208,2208,2208,2208,2208,2208,2208,2208,2208,2208,2208,2208,2208,2208,2208,2208,2208,2208,2208,2208,2208,2208,2208,2208,2208,2208,2208,2366,2548,2760,3312,3312,3312,3680,3680,2366,2366,2366,2366,2366,2366,2366,2366
676,676,676,676,676,676,676,676,676,676,690,690,690,690,690,690,690,690,690,690,705,705,705,705,705,705,705,705,705,705,705,705,705,705,705,705,720,720,720,720,720,720,720,720,720,720,720,720,720,736,736,736,736,736,736,736,736,736,736,736,736,736,736,736,753,753,753,753,753,753,753,753,753,753,753,753,753,753,753,753,753,753,771,771,771,771,771,771,771,771,771,771,771,771,771,771,771,789,789,789,789,789,789,789,789,789,789,789,789,789,789,789,789,789,789,808,808,808,808,808,808,808,808,808,808,808,808,808,808,828,828,828,828,828,828,828,828,828,828,828,828,828,828,850,850,850,850,850,850,850,850,850,850,850,850,850,850,850,872,872,872,872,872,872,872,872,872,872,872,872,872,872,872,872,872,896,896,896,896,896,896,896,896,896,896,896,896,896,896,920,920,920,920,920,920,920,920,920,920,920,920,947,947,947,947,947,947,947,947,947,947,947,947,947,975,975,975,975,975,975,975,975,975,975,975,975,975,975,975,975,1004,1004,1004,1004,1004,1004,1004,1035,1035,1035,1035,1035,1035,1035,1035,1035,1035,1035,1035,1035,1035,1035,1035,1035,1069,1069,1069,1069,1069,1069,1069,1069,1104,1104,1104,1104,1104,1104,1104,1104,1104,1104,1104,1104,1104,1104,1104,1104,1104,1104,1104,1104,1104,1143,1143,1143,1143,1143,1143,1143,1143,1143,1143,1143,1143,1143,1183,1183,1183,1183,1183,1183,1183,1183,1227,1227,1227,1227,1227,1227,1227,1227,1104,828,828,828,828,828,828,828,828,828,828,828,850,850,850,1325,0,0,0,0,0,0,0,0,0,0,0,0,0,0,1227,808,808,808,808,808,808,808,828,808,808,808,789,789,789,789,789,789,789,789,789,808,808,808,808,808,808,808,808,808,808,808,808,808,808,808,828,828,828,850,850,850,872,920,0,0,0,0,0,0,0,0,0,0,0,0,0,0,0,0,920,736,736,736,736,736,736,736,736,736,771,0,0,0,0,0,0,11040,8280,8280,11040,8280,11040,0,0,8280,11040,896,896,896,920,920,920,947,0,0,0,0,0,0,0,0,0,0,0,0,0,0,0,0,0,0,0,0,0,0,0,0,0,0,0,0,0,0,0,0,0,0,0,0,0,0,0,0,0,0,0,0,0,0,0,0,0,0,0,0,0,0,0,0,0,0,0,0,6624,5520,3011,3011,2760,3011,2760,2760,2760,0,0,0,0,0,0,0,0,0,0,0,0,0,0,0,0,0,2760,2548,2760,2760,2548,2760,2548,2548,2548,2548,2548,2548,2548,2548,2548,2548,2548,2548,2760,3011,3011,2760,2548,2548,2548,2548,2548,2548,2548,2548,2548,2548,2548,2548,2548,2548,2548,2548,2366,2366,2366,2366,2366,2548,2548,2548,2548,2548,2548,2548,2548,2548,2548,2548,2548,2548,2548,0,0,2366,2366,2366,2366,2366,2366,2366,2366,2366,2366,2366,2548,2366,2366,2366,2366,2208,2208,2208,2208,2208,2208,2208,2208,2208,2208,2208,2208,2208,2208,2208,2208,2208,2208,2208,2208,2208,2208,2208,2208,2208,2208,2208,2366,2548,2760,3312,3312,3312,3680,3680,2366,2366,2366,2366,2366,2366,2366,2366
676,676,676,676,676,676,676,676,676,676,690,690,690,690,690,690,690,690,690,690,705,705,705,705,705,705,705,705,705,705,705,705,705,705,705,705,720,720,720,720,720,720,720,720,720,720,736,736,736,736,736,736,736,736,736,736,736,736,736,736,736,736,736,736,753,753,753,753,753,753,753,753,753,753,753,753,753,753,753,753,753,753,771,771,771,771,771,771,771,771,771,771,771,771,771,771,771,789,789,789,789,789,789,789,789,789,789,789,789,789,789,789,789,789,789,808,808,808,808,808,808,808,808,808,808,808,808,808,828,828,828,828,828,828,828,828,828,828,828,828,828,828,828,828,850,850,850,850,850,850,850,850,850,850,850,850,850,850,850,872,872,872,872,872,872,872,872,872,872,872,872,872,872,872,872,896,896,896,896,896,896,896,896,896,896,896,896,896,896,920,920,920,920,920,920,920,920,920,920,920,920,947,947,947,947,947,947,947,947,947,947,947,947,947,975,975,975,975,975,975,975,975,975,975,975,975,975,975,975,975,975,975,1004,1004,1004,1004,1004,1035,1035,1035,1035,1035,1035,1035,1035,1035,1035,1035,1035,1035,1035,1035,1035,1069,1069,1069,1069,1069,1069,1069,1069,1069,1069,1069,1104,1104,1104,1104,1104,1104,1104,1104,1104,1104,1104,1104,1104,1104,1104,1104,1104,1104,1143,1143,1143,1143,1143,1143,1143,1143,1143,1143,1143,1143,1143,1143,1183,1183,1183,1183,1183,1183,1183,1183,1227,1227,1227,1227,1227,1227,1227,1183,1104,828,828,828,828,828,828,828,828,828,828,828,850,850,850,1380,0,0,0,0,0,0,0,0,0,0,0,0,0,0,808,808,808,808,808,808,808,828,828,828,828,828,808,789,789,789,789,789,789,789,808,808,808,808,808,808,808,808,808,808,808,808,808,808,808,808,808,828,828,828,850,850,850,872,0,0,0,0,0,0,0,0,0,0,0,0,0,0,0,0,0,753,736,736,736,720,720,736,736,2070,0,0,0,0,0,0,0,0,11040,11040,11040,11040,0,0,0,8280,920,896,896,896,920,920,920,947,0,0,0,0,0,0,0,0,0,0,0,0,0,0,0,0,0,0,0,0,0,0,0,0,0,0,0,0,0,0,0,0,0,0,0,0,0,0,0,1744,0,0,0,0,0,0,0,0,0,0,0,0,0,0,0,0,0,0,0,0,0,6624,3011,3011,3011,3011,3011,2760,2760,0,0,0,0,0,0,0,0,0,0,0,0,0,0,0,0,0,2760,2548,2760,2760,2548,2548,2548,2548,2548,2548,2548,2548,2548,2548,2548,2548,2548,2760,2760,3011,3011,2760,2548,2548,2548,2548,2548,2548,2548,2548,2548,2548,2548,2548,2548,2548,2548,2548,2366,2366,2366,2366,2366,2548,2548,2548,2548,2548,2548,2548,2548,2760,2760,2760,2548,2760,2548,0,0,2366,2366,2366,2366,2366,2366,2366,2366,2366,2366,2366,2366,2366,2366,2366,2366,2208,2208,2208,2208,2208,2208,2208,2208,2208,2208,2208,2208,2208,2208,2208,2208,2208,2208,2208,2208,2208,2208,2208,2208,2208,2208,2208,2366,2548,2760,3011,3312,3312,3312,3680,2366,2366,2366,2366,2366,2366,2366,2366
676,676,676,676,676,676,676,676,676,676,690,690,690,690,690,690,690,690,690,690,690,705,705,705,705,705,705,705,705,705,705,705,705,705,705,720,720,720,720,720,720,720,720,720,720,720,720,736,736,736,736,736,736,736,736,736,736,736,736,736,736,736,736,736,753,753,753,753,753,753,753,753,753,753,753,753,753,753,753,753,753,753,771,771,771,771,771,771,771,771,771,771,771,771,771,771,771,771,771,789,789,789,789,789,789,789,789,789,789,789,789,789,789,789,808,808,808,808,808,808,808,808,808,808,808,808,808,808,808,828,828,828,828,828,828,828,828,828,828,828,828,828,828,828,850,850,850,850,850,850,850,850,850,850,850,850,850,850,850,850,872,872,872,872,872,872,872,872,872,872,872,872,872,872,872,872,896,896,896,896,896,896,896,896,896,896,920,920,920,920,920,920,920,920,920,920,920,920,920,920,920,947,947,947,947,947,947,947,947,947,947,947,947,947,975,975,975,975,975,975,975,975,975,975,975,975,975,975,975,975,975,975,1004,1004,1004,1004,1004,1004,1035,1035,1035,1035,1035,1035,1035,1035,1035,1035,1035,1035,1035,1035,1035,1069,1069,1069,1069,1069,1069,1069,1069,1069,1069,1069,1104,1104,1104,1104,1104,1104,1104,1104,1104,1104,1104,1104,1104,1104,1104,1104,1104,1104,1143,1143,1143,1143,1143,1143,1143,1143,1143,1143,1143,1143,1143,1183,1183,1183,1183,1183,1183,1183,1183,1183,1227,1227,1227,1227,1227,1227,1227,1183,1104,828,828,828,828,828,828,828,828,828,828,828,850,850,850,850,1949,0,0,0,0,0,0,2208,2208,0,0,0,0,2548,808,808,808,808,808,808,808,828,828,828,828,828,828,808,808,808,789,789,789,789,789,808,808,808,808,808,808,808,808,808,808,808,808,808,808,808,808,828,828,828,850,850,850,872,896,0,0,0,0,0,0,0,0,0,0,0,0,0,0,0,0,33119,736,736,720,720,720,2070,1949,2208,0,0,0,0,0,0,0,0,0,0,11040,11040,0,0,0,11040,1035,896,896,896,896,896,920,920,975,0,0,0,0,0,0,0,0,0,0,0,0,0,0,0,0,0,0,0,0,0,0,0,0,0,0,0,0,0,0,0,0,0,0,0,0,0,0,0,0,0,0,0,0,0,0,0,0,0,0,0,0,0,0,0,0,0,0,0,0,0,3011,3011,3011,3011,3011,3011,3011,0,0,0,0,0,0,0,0,0,0,0,0,0,0,0,0,0,3011,2548,2760,2760,2548,2548,2548,2548,2548,2548,2548,2548,2548,2548,2548,2548,2548,2760,2760,3011,2760,2760,2548,2548,2548,2548,2548,2548,2548,2548,2548,2548,2548,2548,2548,2548,2548,2366,2366,2366,2366,2366,2548,2548,2548,2548,2548,2548,2548,2548,2548,2548,2548,2548,2548,2548,2548,0,0,2366,2366,2366,2366,2366,2366,2366,2366,2366,2366,2366,2366,2366,2366,2366,2366,2366,2208,2208,2208,2208,2208,2208,2208,2208,2208,2208,2208,2208,2208,2208,2208,2208,2208,2208,2208,2208,2208,2208,2208,2208,2208,2208,2366,2548,2760,3011,3312,3312,3312,3680,2366,2366,2366,2366,2366,2366,2366,2366
676,676,676,676,676,676,676,676,676,676,690,690,690,690,690,690,690,690,690,690,690,705,705,705,705,705,705,705,705,705,705,705,705,705,705,720,720,720,720,720,720,720,720,720,736,736,736,736,736,736,736,736,736,736,736,736,736,736,736,736,736,736,736,736,736,753,753,753,753,753,753,753,753,753,753,753,753,753,753,753,753,753,753,771,771,771,771,771,771,771,771,771,771,771,771,771,771,771,789,789,789,789,789,789,789,789,789,789,789,789,789,789,789,808,808,808,808,808,808,808,808,808,808,808,808,808,808,808,808,828,828,828,828,828,828,828,828,828,828,828,828,828,828,828,850,850,850,850,850,850,850,850,850,850,850,850,850,850,850,850,872,872,872,872,872,872,872,872,872,872,872,872,872,872,872,896,896,896,896,896,896,896,896,920,920,920,920,920,920,920,920,920,920,920,920,920,920,920,920,947,920,947,947,947,947,947,947,947,947,947,947,947,947,947,975,975,975,975,975,975,975,975,975,975,975,975,975,975,975,975,975,975,1004,1004,1004,1004,1004,1004,1035,1035,1035,1035,1035,1035,1035,1035,1035,1035,1035,1035,1035,1035,1035,1069,1069,1069,1069,1069,1069,1069,1069,1069,1069,1069,1104,1104,1104,1104,1104,1104,1104,1104,1104,1104,1104,1104,1104,1104,1104,1104,1104,1104,1143,1143,1143,1143,1143,1143,1143,1143,1143,1143,1143,1183,1183,1183,1183,1183,1183,1183,1183,1183,1183,1183,1227,1227,1227,1227,1227,1227,1227,1183,1183,828,828,828,828,828,828,828,828,828,828,828,850,850,850,850,1744,0,0,0,0,0,0,0,2548,0,0,0,0,828,808,808,808,808,808,828,828,828,828,828,828,1069,0,0,896,808,789,789,789,789,789,808,808,808,808,808,808,808,808,808,808,808,808,808,808,808,808,808,828,850,850,850,872,896,0,0,0,0,0,0,0,0,33119,33119,0,0,0,0,0,0,0,0,33119,0,720,720,736,2208,2208,0,0,0,0,0,0,0,0,0,0,0,0,0,0,0,0,0,11040,896,896,896,896,896,896,896,920,0,0,0,0,0,0,0,0,0,0,0,0,0,0,0,0,0,0,0,0,0,0,0,0,0,0,0,0,0,0,0,0,0,0,0,0,0,0,0,0,0,2548,0,0,0,0,0,0,0,0,0,0,0,0,0,0,0,0,0,0,0,0,3011,3011,3011,3011,3011,3011,0,0,0,0,0,0,0,0,0,0,0,0,0,0,0,3011,3011,2548,2548,2548,2548,2548,2548,2548,2548,2548,2548,2548,2548,2548,2548,2548,2548,2548,2548,2760,2760,2760,2760,2548,2548,2548,2548,2548,2548,2548,2548,2548,2548,2548,2548,2548,2548,2548,2366,2366,2366,2366,2366,2548,2548,2548,2548,2548,2548,2548,2548,2548,2548,2548,2548,2548,2548,2548,0,0,2366,2366,2366,2366,2366,2366,2366,2366,2366,2366,2366,2366,2366,2366,2366,2366,2366,2208,2208,2208,2208,2208,2208,2208,2208,2208,2208,2208,2208,2208,2208,2208,2208,2208,2208,2208,2208,2208,2208,2208,2208,2208,2208,2366,2548,2760,3011,3312,3312,3312,3680,2366,2366,2366,2366,2366,2366,2366,2366
676,676,676,676,676,676,676,676,676,676,690,690,690,690,690,690,690,690,690,690,690,705,705,705,705,705,705,705,705,705,705,705,705,705,720,720,720,720,720,720,720,720,720,736,736,736,736,736,736,736,736,736,736,736,736,736,736,736,736,736,736,736,736,736,736,753,753,753,753,753,753,753,753,753,753,753,753,753,753,753,753,753,753,771,771,771,771,771,771,771,771,771,771,771,771,771,771,789,789,789,789,789,789,789,789,789,789,789,789,789,789,789,789,808,808,808,808,808,808,808,808,808,808,808,808,808,808,808,808,828,828,828,828,828,828,828,828,828,828,828,828,828,828,828,828,850,850,850,850,850,850,850,850,850,850,850,850,850,850,850,872,872,872,872,872,872,872,872,872,872,872,872,872,872,872,872,896,896,896,896,896,896,896,920,920,920,920,920,920,920,920,920,920,920,920,920,920,920,920,947,947,947,947,947,947,947,947,947,947,947,947,947,947,947,947,947,975,975,975,975,975,975,975,975,975,975,975,975,975,975,975,1004,1004,1004,1004,1004,1004,1004,1035,1035,1035,1035,1035,1035,1035,1035,1035,1035,1035,1035,1035,1035,1035,1035,1035,1069,1069,1069,1069,1069,1069,1069,1069,1104,1104,1104,1104,1104,1104,1104,1104,1104,1104,1104,1104,1104,1104,1104,1104,1104,1104,1104,1143,1143,1143,1143,1143,1143,1143,1143,1143,1143,1143,1183,1183,1183,1183,1183,1183,1183,1183,1183,1183,1183,1183,1227,1227,1227,1227,1227,1227,1227,1183,828,828,828,828,828,828,828,828,828,828,828,850,850,850,1380,1744,0,0,0,0,0,0,0,0,0,0,0,2548,828,808,808,808,808,808,828,828,828,828,828,1069,0,0,0,0,1069,808,789,808,808,808,808,808,808,808,808,808,808,808,808,808,808,808,808,808,808,808,808,828,828,1840,1840,1840,0,0,0,0,0,0,0,0,0,0,0,0,0,0,0,0,0,0,0,0,0,736,2070,2070,2760,2760,0,0,0,0,0,0,0,0,0,0,0,0,0,0,0,0,0,0,1656,896,896,896,896,896,896,896,896,0,896,0,0,0,947,1656,947,0,0,0,0,0,0,0,0,0,0,0,0,0,0,0,0,0,0,0,0,0,0,0,0,0,0,0,0,0,0,0,0,2548,2548,0,0,0,0,0,0,0,0,0,0,0,0,0,0,0,0,0,0,3011,3011,3011,3011,3011,3011,0,0,0,0,0,0,0,0,0,0,0,0,0,0,0,3011,2548,3011,2548,2366,2366,2548,2548,2548,2548,2548,2548,2548,2548,2548,2548,2548,2548,2548,2548,2548,2760,2760,2760,2760,2548,2548,2548,2548,2548,2366,2366,2366,2548,2548,2548,2548,2548,2548,2548,2366,2366,2366,2366,2366,2548,2548,2548,2548,2548,2548,2548,2548,2548,2548,2548,2548,2548,2548,0,0,0,2366,2366,2366,2366,2366,2366,2366,2366,2366,2366,2366,2366,2366,2366,2366,2366,2366,2208,2208,2208,2208,2208,2208,2208,2208,2208,2208,2208,2208,2208,2208,2208,2208,2208,2208,2208,2208,2208,2208,2208,2208,2208,2208,2366,2548,2760,3011,3312,3312,3312,3680,2366,2366,2366,2366,2366,2366,2366,2366
676,676,676,676,676,676,676,676,676,676,690,690,690,690,690,690,690,690,690,690,690,705,705,705,705,705,705,705,705,705,705,705,705,705,720,720,720,720,720,720,720,720,720,736,736,736,736,736,736,736,736,736,736,736,736,736,736,736,736,736,736,736,736,736,736,736,753,753,753,753,753,753,753,753,753,753,753,753,753,753,753,753,753,771,771,771,771,771,771,771,771,771,771,771,771,771,789,789,789,789,789,789,789,789,789,789,789,789,789,789,789,789,789,808,808,808,808,808,808,808,808,808,808,808,808,808,808,808,808,808,828,828,828,828,828,828,828,828,828,828,828,828,828,828,828,850,850,850,850,850,850,850,850,850,850,850,850,850,850,850,872,872,872,872,872,872,872,872,872,872,872,872,872,872,872,896,896,896,896,896,896,896,896,920,920,920,920,920,920,920,920,920,920,920,920,920,920,920,920,947,947,947,947,947,947,947,947,947,947,947,947,947,947,947,947,947,947,975,975,975,975,975,975,975,975,975,975,975,975,975,1004,1004,1004,1004,1004,1004,1004,1035,1035,1035,1035,1035,1035,1035,1035,1035,1035,1035,1035,1035,1035,1035,1035,1035,1069,1069,1069,1069,1069,1069,1069,1069,1069,1069,1104,1104,1104,1104,1104,1104,1104,1104,1104,1104,1104,1104,1104,1104,1104,1104,1104,1143,1143,1143,1143,1143,1143,1143,1143,1143,1143,1143,1183,1183,1183,1183,1183,1183,1183,1183,1183,1183,1183,1183,1183,1183,1183,1183,1183,1183,1183,1183,1183,828,828,828,828,828,828,828,828,828,828,828,850,850,850,1380,1744,0,4140,0,0,0,0,0,0,0,0,0,1104,828,808,808,808,808,808,828,828,828,828,1227,0,0,0,0,1069,1069,1035,896,896,808,808,808,808,808,808,808,808,808,808,808,808,808,808,808,808,808,808,808,828,828,0,0,0,0,0,0,0,0,0,0,0,0,33119,33119,0,33119,0,0,0,0,0,0,0,0,736,2760,2760,2760,2760,0,0,0,0,0,0,0,0,0,0,0,0,0,0,0,0,0,0,0,1656,896,896,896,896,896,896,896,0,896,0,0,0,896,947,872,0,947,0,0,0,0,0,0,0,0,0,0,0,0,0,0,0,0,0,0,0,0,0,0,0,0,0,0,0,0,0,0,2548,2548,3011,0,0,0,0,0,0,0,0,0,0,0,0,0,0,0,0,0,3011,3011,3011,3011,3011,3011,3011,0,0,0,0,0,0,0,0,0,0,0,0,0,0,2548,2548,2548,2366,2366,2366,2548,2366,2548,2548,2548,2548,2548,2548,2548,2548,2548,2548,2548,2548,2548,2548,2760,2760,2760,2548,2548,2548,2548,2548,2366,2366,2366,2548,2548,2548,2548,2548,2548,2548,2548,2366,2366,2366,2366,2548,2548,2548,2548,2548,2548,2548,2548,2548,2548,2548,2548,2548,2548,0,0,0,0,2366,2366,2366,2366,2366,2366,2366,2548,2548,2548,2366,2366,2366,2366,2366,2366,2208,2208,2208,2208,2208,2208,2208,2208,2208,2208,2208,2208,2208,2208,2208,2208,2208,2208,2208,2208,2208,2208,2208,2208,2208,2208,2366,2548,2760,3011,3312,3312,3312,3680,2366,2366,2366,2366,2366,2366,2366,2366
676,676,676,676,676,676,676,676,676,676,690,690,690,690,690,690,690,690,690,690,690,705,705,705,705,705,705,705,705,705,705,705,705,705,705,720,720,720,720,720,720,720,720,736,736,736,736,736,736,720,736,736,736,736,736,736,736,736,736,736,736,736,736,736,736,753,753,753,753,753,753,753,753,753,753,753,753,753,753,753,753,753,753,771,771,771,771,771,771,771,771,771,771,771,771,771,771,789,789,789,789,789,789,789,789,789,789,789,789,789,789,789,789,789,808,808,808,808,808,808,808,808,808,808,808,808,808,808,808,808,828,828,828,828,828,828,828,828,828,828,828,828,828,828,828,850,850,850,850,850,850,850,850,850,850,850,850,850,850,850,872,872,872,872,872,872,872,872,872,872,872,872,872,872,872,896,896,896,896,896,896,896,896,896,896,920,920,920,920,920,920,920,920,920,920,920,920,920,920,947,947,947,947,947,947,947,947,947,947,947,947,947,947,947,947,947,975,975,975,975,975,975,975,975,975,975,975,975,975,975,1004,1004,1004,1004,1004,1004,1004,1035,1035,1035,1035,1035,1035,1035,1035,1035,1035,1035,1035,1035,1035,1035,1035,1035,1035,1069,1069,1069,1069,1069,1069,1069,1104,1104,1104,1104,1104,1104,1104,1104,1104,1104,1104,1104,1104,1104,1104,1104,1104,1104,1104,1143,1143,1143,1143,1143,1143,1143,1143,1143,1143,1143,1143,1183,1183,1183,1183,1183,1183,1183,1183,1183,1183,1183,1183,1183,1227,1227,1183,1227,1227,1183,1183,828,828,828,828,828,828,828,828,828,828,828,850,850,850,1380,1744,0,0,0,0,0,0,0,0,0,0,2548,1104,828,808,808,808,808,808,828,828,0,0,0,0,0,0,1069,1069,0,1069,1035,1035,808,808,808,808,808,808,808,808,808,808,808,808,808,808,808,808,808,808,808,828,828,0,0,0,0,0,0,0,16560,16560,0,0,0,33119,0,0,0,0,0,0,0,0,0,0,0,2760,0,2760,2760,2760,0,0,0,0,0,0,0,0,0,0,0,0,0,0,0,0,2760,1840,0,1840,1840,896,896,872,872,872,872,896,896,0,0,0,872,872,872,872,872,0,0,0,0,0,0,0,0,0,0,0,0,0,0,0,0,0,0,0,0,0,0,0,0,0,0,0,0,0,0,2548,2548,2548,3011,0,0,0,0,0,0,0,3680,3312,0,0,0,0,0,0,0,3011,3011,3011,3011,3011,0,0,0,0,0,0,0,0,0,0,0,0,0,2366,2366,2366,2366,2366,2366,2366,2366,2366,2366,2366,2366,2548,2548,2548,2548,2548,2548,2548,2548,2548,2548,2548,2548,2548,2548,2548,2548,2548,2548,2548,2548,2548,2366,2366,2366,2548,2548,2548,2548,2548,2548,2548,2548,2366,2366,2366,2366,2548,2548,2548,2548,2548,2548,2548,2548,2548,2548,2548,2548,2548,2548,0,0,0,0,2366,2366,2366,2366,2366,2366,2366,2548,2548,2548,2366,2366,2366,2366,2366,2208,2208,2208,2208,2208,2208,2208,2208,2208,2208,2208,2208,2208,2208,2208,2208,2208,2208,2208,2208,2208,2208,2208,2208,2208,2208,2208,2366,2548,2760,3011,3312,3312,3312,2366,2366,2208,2208,2208,2208,2208,2208,2208
690,676,676,676,676,676,676,676,676,676,690,690,690,690,690,690,690,690,690,690,705,705,705,705,705,705,705,705,705,705,705,705,705,705,705,705,705,720,720,720,720,720,720,736,736,736,736,736,736,720,720,736,736,736,736,736,736,736,736,736,736,736,736,736,736,753,753,753,753,753,753,753,753,753,753,753,753,753,753,753,753,753,753,771,771,771,771,771,771,771,771,771,771,771,771,771,789,789,789,789,789,789,789,789,789,789,789,789,789,789,789,789,789,789,808,808,808,808,808,808,808,808,808,808,808,808,808,808,808,808,828,828,828,828,828,828,828,828,828,828,828,828,828,828,828,850,850,850,850,850,850,850,850,850,850,850,850,850,850,850,850,872,872,872,872,872,872,872,872,872,872,872,872,872,872,896,896,896,896,896,896,896,896,896,896,896,920,920,920,920,920,920,920,920,920,920,920,920,947,947,947,947,947,947,947,947,947,947,947,947,947,947,947,947,947,947,975,975,975,975,975,975,975,975,975,975,975,975,975,975,1004,1004,1004,1004,1004,1004,1004,1035,1035,1035,1035,1035,1035,1035,1035,1035,1035,1035,1035,1035,1035,1035,1035,1035,1035,1035,1069,1069,1069,1069,1069,1069,1104,1104,1104,1104,1104,1104,1104,1104,1104,1104,1104,1104,1104,1104,1104,1104,1104,1104,1143,1143,1143,1143,1143,1143,1143,1143,1143,1143,1143,1143,1183,1183,1183,1183,1183,1183,1183,1183,1183,1183,1183,1183,1183,1183,1227,1227,1227,1227,1227,1227,1183,828,828,828,828,828,828,828,828,828,828,828,850,850,850,1380,1840,0,0,0,0,0,0,0,2548,0,0,2548,2208,828,828,808,808,808,828,1380,1440,0,0,0,0,0,0,0,0,0,0,0,0,1440,1035,808,808,808,808,808,808,808,808,808,808,808,808,808,808,808,808,808,808,828,828,0,0,0,0,0,0,16560,808,828,920,920,920,33119,0,33119,0,0,0,0,0,0,0,0,0,0,0,0,0,0,0,0,0,0,0,0,0,0,0,0,0,0,0,0,2760,1744,1744,0,0,0,0,896,872,872,872,872,0,0,0,0,0,0,872,872,872,872,0,0,0,0,0,0,0,0,0,0,0,0,0,0,0,0,0,0,0,0,0,0,0,0,0,0,0,0,0,0,0,2760,2760,3011,0,0,0,0,0,0,0,0,3312,0,0,0,0,0,0,5520,3011,3011,3011,3011,3011,0,0,0,0,0,0,0,0,0,0,0,0,0,2366,2366,2366,2366,2366,2366,2366,2366,2366,2366,2366,2366,2548,2548,2548,2548,2548,2548,2548,2548,2548,2548,2548,2548,2548,2760,2760,2548,2548,2548,2548,2548,2548,2366,2366,2366,2548,2548,2548,2548,2548,2548,2548,2548,2366,2366,2366,2366,2548,2548,2548,2548,2548,2548,2548,2548,2548,2548,2548,2548,2548,2760,0,0,0,0,2366,2366,2366,2366,2366,2366,2548,2548,2548,2548,2548,2366,2366,2366,2366,2208,2208,2208,2208,2208,2208,2208,2208,2208,2208,2208,2208,2208,2208,2208,2208,2208,2208,2208,2208,2208,2208,2208,2208,2208,2208,2208,2366,2548,2760,3011,3312,3312,3312,2366,2208,2208,2208,2208,2208,2208,2208,2208
676,676,676,676,676,676,676,676,676,676,690,690,690,690,690,690,690,690,690,690,705,705,705,705,705,705,705,705,705,705,705,705,705,705,705,705,705,705,720,720,720,720,720,736,736,736,736,736,736,720,736,736,736,736,736,736,736,736,736,753,753,753,736,736,753,753,753,753,753,753,753,753,753,753,753,753,753,753,753,753,753,753,753,771,771,771,771,771,771,771,771,771,771,771,771,771,771,789,789,789,789,789,789,789,789,789,789,789,789,789,789,789,789,789,808,808,808,808,808,808,808,808,808,808,808,808,808,808,808,808,808,828,828,828,828,828,828,828,828,828,828,828,828,828,828,850,850,850,850,850,850,850,850,850,850,850,850,850,850,872,872,872,872,872,872,872,872,872,872,872,872,872,872,872,872,896,896,896,896,896,896,896,896,896,896,896,896,896,920,920,920,920,920,920,920,920,920,920,947,947,947,947,947,947,947,947,947,947,947,947,947,947,947,947,947,947,975,975,975,975,975,975,975,975,975,975,975,975,975,1004,1004,1004,1004,1004,1004,1004,1004,1004,1035,1035,1035,1035,1035,1035,1035,1035,1035,1035,1035,1035,1035,1035,1035,1035,1035,1035,1069,1069,1069,1069,1069,1069,1104,1104,1104,1104,1104,1104,1104,1104,1104,1104,1104,1104,1104,1104,1104,1104,1104,1104,1143,1143,1143,1143,1143,1143,1143,1143,1143,1143,1143,1143,1183,1183,1183,1183,1183,1183,1183,1183,1183,1183,1183,1183,1183,1183,1227,1227,1227,1227,1227,1227,1183,828,828,828,828,828,828,828,828,828,828,828,850,850,850,850,1840,2548,0,0,0,0,0,2548,2070,2208,2208,2208,2070,828,828,828,808,1440,1440,1440,1440,1440,1440,1440,1440,1440,1440,1440,1440,0,0,0,0,0,1440,1035,808,808,808,808,808,808,808,808,808,808,808,808,808,808,808,808,808,828,828,0,0,0,0,0,828,808,808,808,808,828,828,828,872,850,0,0,0,0,0,0,0,0,0,0,0,0,0,0,0,0,0,0,0,0,0,0,0,0,0,0,0,0,2760,2760,1840,0,0,0,0,0,0,1440,1440,0,0,0,0,0,0,0,0,872,872,872,850,850,0,0,0,0,0,0,0,0,0,0,0,0,0,0,0,0,0,0,0,0,0,0,0,0,0,0,0,0,0,2760,3011,3312,0,0,0,0,0,0,0,0,0,0,0,0,0,0,0,5520,3011,3011,3011,3011,3011,3011,3011,0,0,0,0,0,0,0,0,0,0,0,2548,2548,2548,2548,2548,2548,2366,2366,2366,2366,2366,2366,2548,2548,2548,2548,2548,2548,2548,2548,2548,2548,2548,2548,2548,2760,2760,2548,2548,2548,2548,2548,2548,2366,2366,2548,2548,2548,2548,2548,2548,2548,2548,2548,2366,2366,2366,2366,2548,2548,2548,2548,2548,2548,2548,2548,2548,2548,2548,2760,2760,2760,0,0,0,0,2366,2366,2366,2366,2366,2366,2548,2548,2548,2548,2548,2366,2366,2366,2366,2208,2208,2208,2208,2208,2208,2208,2208,2208,2208,2208,2208,2208,2208,2208,2208,2208,2208,2208,2208,2208,2208,2208,2208,2208,2208,2208,2366,2548,2760,3011,3312,3312,3312,2208,2208,2208,2208,2208,2208,2208,2208,2208
690,676,676,676,676,676,676,676,676,690,690,690,690,690,690,690,690,690,690,705,705,705,705,705,705,705,705,705,705,705,705,705,705,705,705,705,705,705,720,720,720,720,720,736,736,736,736,736,736,720,720,736,736,736,736,736,736,736,753,753,753,753,753,753,753,753,753,753,753,753,753,753,753,753,753,753,753,753,753,753,753,753,753,771,771,771,771,771,771,771,771,771,771,771,771,771,771,771,771,789,789,789,789,789,789,789,789,789,789,789,789,789,789,789,808,808,808,808,808,808,808,808,808,808,808,808,808,808,808,808,808,828,828,828,828,828,828,828,828,828,828,828,828,828,850,850,850,850,850,850,850,850,850,850,850,850,850,850,850,850,850,872,872,872,872,872,872,872,872,872,872,872,872,872,872,896,896,896,896,896,896,896,896,896,896,896,896,896,920,920,920,920,920,920,920,920,920,920,920,947,947,947,947,947,947,947,947,947,947,947,947,947,947,947,975,975,975,975,975,975,975,975,975,975,975,975,975,975,1004,1004,1004,1004,1004,1004,1004,1004,1004,1004,1035,1035,1035,1035,1035,1035,1035,1035,1035,1035,1035,1035,1035,1035,1035,1035,1069,1069,1069,1069,1069,1069,1069,1069,1069,1104,1104,1104,1104,1104,1104,1104,1104,1104,1104,1104,1104,1104,1104,1104,1104,1104,1104,1143,1143,1143,1143,1143,1143,1143,1143,1143,1143,1143,1143,1183,1183,1183,1183,1183,1183,1183,1183,1183,1183,1183,1183,1227,1227,1227,1227,1227,1227,1227,1143,828,828,828,828,828,828,828,828,828,828,828,850,850,850,850,1840,2208,0,0,0,0,2070,2070,2070,2070,2070,2070,2070,828,828,1440,1440,1440,1506,1506,1440,1440,1440,1440,1440,1440,1440,0,0,0,0,0,0,0,0,1183,808,808,808,808,808,808,808,808,808,808,808,808,808,808,808,808,808,808,828,0,0,0,0,0,808,808,808,808,808,808,828,828,828,828,0,0,0,0,0,0,0,0,0,0,0,0,0,0,0,0,0,0,0,0,0,0,0,0,0,0,0,0,0,0,0,0,0,0,0,0,0,0,0,0,0,0,0,0,0,0,0,872,872,872,850,850,753,828,850,828,828,850,1183,1183,1183,0,0,0,0,0,0,0,0,0,0,0,0,0,0,0,0,0,0,0,0,2760,3011,3011,0,0,0,0,0,0,0,0,8280,11040,0,0,0,0,0,5520,3011,3011,3011,3011,3011,3011,3011,0,0,0,0,0,0,0,0,0,0,0,0,0,0,2548,2548,2548,2548,2366,2548,2548,2548,2548,2548,2548,2548,2548,2548,2548,2548,2548,2548,2548,2548,2548,2760,2760,2760,2760,2548,2548,2548,2548,2548,2548,2548,2548,2548,2548,2548,2548,2548,2548,2548,2548,2366,2366,2366,2366,2548,2548,2548,2548,2548,2548,2548,2548,2548,2548,2548,2760,2760,2760,0,0,0,0,2366,2366,2366,2366,2366,2366,2548,2548,2548,2548,2548,2366,2366,2366,2366,2208,2208,2208,2208,2208,2208,2208,2208,2208,2208,2208,2208,2208,2208,2208,2208,2208,2208,2208,2208,2208,2208,2208,2208,2208,2208,2208,2366,2548,2760,3011,3312,3312,3312,2208,2208,2208,2208,2208,2208,2208,2208,2208
676,676,676,676,676,676,676,676,676,690,690,690,690,690,690,690,690,690,690,705,705,705,705,705,705,705,705,705,705,705,705,705,705,705,705,705,705,705,720,720,720,720,720,736,736,736,736,736,736,736,736,736,736,736,736,736,736,736,753,753,753,753,753,753,753,753,753,753,753,753,753,753,753,753,753,753,753,753,753,753,753,753,753,771,771,771,771,771,771,771,771,771,771,771,771,771,771,771,771,789,789,789,789,789,789,789,789,789,789,789,789,789,789,808,808,808,808,808,808,808,808,808,808,808,808,808,808,808,808,808,808,828,828,828,828,828,828,828,828,828,828,828,828,828,850,850,850,850,850,850,850,850,850,850,850,850,850,850,850,850,872,872,872,872,872,872,872,872,872,872,872,872,872,872,872,896,896,896,896,896,896,896,896,896,896,896,896,896,920,920,920,920,920,920,920,920,920,920,920,947,947,947,947,947,947,947,947,947,947,947,947,947,975,975,975,975,975,975,975,975,975,975,975,975,975,975,975,975,1004,1004,1004,1004,1004,1004,1004,1004,1004,1004,1035,1035,1035,1035,1035,1035,1035,1035,1035,1035,1035,1035,1035,1035,1035,1035,1069,1069,1069,1069,1069,1069,1069,1069,1069,1069,1104,1104,1104,1104,1104,1104,1104,1104,1143,1143,1104,1143,1143,1104,1104,1143,1143,1143,1143,1143,1143,1143,1143,1143,1143,1143,1143,1143,1143,1143,1183,1183,1183,1183,1183,1183,1183,1183,1183,1183,1183,1227,1227,1227,1227,1227,1227,1227,1143,828,828,828,828,828,828,828,828,828,828,828,850,850,850,850,1840,1840,0,2208,1840,1949,1949,1949,1949,2070,2070,2070,828,828,1440,1440,1440,1506,1506,1506,1440,1440,1440,1440,1440,1440,1440,0,0,0,0,0,0,0,0,1440,828,808,808,808,808,808,808,808,808,808,808,808,808,808,808,808,808,808,828,850,0,0,0,0,808,808,808,808,808,808,828,0,0,850,0,0,0,0,0,0,0,0,0,0,0,0,0,0,0,0,0,0,0,0,0,0,0,0,0,0,0,0,0,0,0,0,0,0,0,0,0,0,1440,0,0,0,0,0,0,0,0,872,872,872,0,736,753,771,771,808,828,828,850,828,828,0,0,0,0,0,0,0,0,0,0,0,0,0,0,0,0,0,0,0,0,0,3011,3011,0,0,0,0,0,0,0,0,8280,11040,0,0,0,0,0,3011,3011,3011,2760,2760,2760,2760,2760,0,0,0,0,0,0,0,0,0,0,0,0,0,2760,2760,2548,2548,2548,2548,2760,2760,2548,2548,2548,2548,2548,2548,2548,2548,2548,2548,2548,2548,2548,2760,2760,2760,2760,2760,2760,2548,2548,2548,2548,2548,2548,2548,2548,2548,2548,2548,2548,2548,2548,2366,2366,2366,2366,2366,2366,2548,2548,2548,2548,2548,2548,2548,2548,2548,2548,2760,2760,0,0,0,0,2548,2366,2366,2366,2366,2366,2366,2548,2548,2760,2760,2760,2760,2366,2366,2366,2208,2208,2208,2208,2208,2208,2208,2208,2208,2208,2208,2208,2208,2208,2208,2208,2208,2208,2208,2208,2208,2208,2208,2208,2208,2208,2208,2366,2548,2760,3011,3312,3312,2208,2208,2208,2208,2208,2208,2208,2208,2208,2208
676,676,676,676,676,676,676,676,676,690,690,690,690,690,690,690,690,690,705,705,705,705,705,705,705,705,705,705,705,705,705,705,705,705,705,705,705,705,720,720,720,720,720,720,736,736,736,736,736,736,736,0,736,736,736,736,736,736,736,753,753,753,753,753,753,753,753,753,753,753,753,753,753,753,753,753,753,753,753,753,753,753,753,771,771,771,771,771,771,771,771,771,771,771,771,771,771,771,771,789,789,789,789,789,789,789,789,789,789,789,789,789,789,808,808,808,808,808,808,808,808,808,808,808,808,808,808,808,808,808,808,828,828,828,828,828,828,828,828,828,828,828,828,850,850,850,850,850,850,850,850,850,850,850,850,850,850,850,850,850,850,872,872,872,872,872,872,872,872,872,872,872,872,872,872,896,896,896,896,896,896,896,896,896,896,896,896,896,896,920,920,920,920,920,920,920,920,920,920,947,947,947,947,947,947,947,947,947,947,947,947,947,947,975,975,975,975,975,975,975,975,975,975,975,975,975,975,1004,1004,1004,1004,1004,1004,1004,1004,1004,1004,1035,1035,1035,1035,1035,1035,1035,1035,1035,1035,1035,1035,1035,1035,1035,1035,1069,1069,1069,1069,1069,1069,1069,1069,1069,1069,1069,1069,1104,1104,1104,1104,1104,1104,1104,1104,1104,1104,1104,1104,1104,1104,1143,1143,1143,1143,1143,1143,1143,1143,1143,1143,1143,1143,1143,1143,1143,1183,1183,1183,1183,1183,1183,1183,1183,1183,1183,1183,1227,1227,1227,1227,1227,1227,1227,1104,828,828,828,828,828,828,828,828,828,828,828,850,850,850,850,1840,1840,2208,1840,1840,1949,1840,1949,1949,1949,1949,1949,828,828,1440,1440,1440,1506,1440,1440,1440,1440,1440,1440,1440,1440,1440,0,0,0,0,0,0,0,0,1440,828,808,808,808,808,808,808,808,808,789,808,808,808,808,808,808,808,808,808,828,872,0,872,850,808,808,808,808,808,808,828,828,0,850,0,0,872,0,0,0,0,0,0,0,0,0,0,0,0,0,0,0,0,0,0,0,0,0,0,0,0,0,0,0,0,0,0,0,0,0,0,0,0,0,0,0,0,0,0,0,0,0,0,0,0,736,753,753,771,808,828,850,850,828,828,0,0,0,0,0,0,0,0,0,0,0,0,0,0,0,0,0,0,0,0,0,0,0,0,0,0,0,0,0,0,11040,8280,11040,0,0,0,0,6624,3011,3011,2760,2760,2760,2760,2760,2760,0,0,0,0,0,0,0,0,0,0,0,0,0,0,2760,2760,2760,2760,2760,2760,2760,2760,2760,2548,2548,2548,2548,2548,2548,2548,2548,2548,2548,2548,2760,2760,2760,2760,2760,2760,2548,2548,2548,2548,2548,2548,2548,2548,2548,2548,2548,2548,2548,2548,2366,2366,2366,2366,2366,2366,2366,2366,2366,2548,2548,2548,2548,2548,2548,2548,2760,2760,0,0,0,0,0,2366,2366,2366,2366,2366,2366,2548,2548,2760,2760,2760,2760,2366,2366,2366,2208,2208,2208,2208,2208,2208,2208,2208,2208,2208,2208,2208,2208,2208,2208,2208,2208,2208,2208,2208,2208,2208,2208,2208,2208,2208,2208,2366,2548,2760,3011,3312,3312,2208,2208,2208,2208,2208,2208,2208,2208,2208,2208
676,676,676,676,676,676,676,676,690,690,690,690,690,690,690,690,690,690,705,705,705,705,705,705,705,705,705,705,705,705,705,705,705,705,705,705,705,720,720,720,720,720,720,720,736,736,736,736,736,736,736,736,736,736,736,736,736,736,736,753,753,753,753,753,753,753,753,753,753,753,753,753,753,753,753,753,753,753,753,753,753,753,771,771,771,771,771,771,771,771,771,771,771,771,771,771,771,771,771,789,789,789,789,789,789,789,789,789,789,789,789,789,789,808,808,808,808,808,808,808,808,808,808,808,808,808,808,808,828,828,828,828,828,828,828,828,828,828,828,828,828,828,828,850,850,850,850,850,850,850,850,850,850,850,850,850,850,850,850,850,850,850,872,872,872,872,872,872,872,872,872,872,872,872,896,896,896,896,896,896,896,896,896,896,896,896,896,896,920,920,920,920,920,920,920,920,920,920,920,947,947,947,947,947,947,947,947,947,947,947,947,947,947,947,975,975,975,975,975,975,975,975,975,975,975,975,1004,1004,1004,1004,1004,1004,1004,1004,1004,1004,1004,1035,1035,1035,1035,1035,1035,1035,1035,1035,1035,1035,1035,1035,1035,1035,1069,1069,1069,1069,1069,1069,1069,1069,1069,1069,1069,1069,1104,1104,1104,1104,1104,1104,1104,1104,1104,1104,1104,1104,1104,1104,1104,1143,1143,1143,1143,1143,1143,1143,1143,1143,1143,1143,1143,1143,1143,1143,1143,1143,1183,1183,1183,1183,1183,1183,1183,1183,1183,1227,1227,1227,1227,1227,1227,1227,1104,828,828,828,828,828,828,828,828,828,828,828,850,850,850,850,1744,1840,2208,1840,1840,1840,1840,1840,1949,1949,1949,828,828,828,828,1440,1440,1506,1506,1440,1440,1440,1440,1440,1440,789,789,1440,1440,0,0,0,1440,1440,1183,808,808,808,808,808,808,808,808,808,808,808,808,808,808,808,808,808,808,808,808,808,828,850,850,808,808,808,808,808,808,808,808,828,872,850,0,0,850,850,850,850,0,0,0,0,0,0,0,0,0,0,0,0,0,0,0,0,0,0,0,0,0,0,0,0,0,0,0,0,0,0,0,0,0,1440,1440,1440,0,0,0,0,0,872,850,872,850,736,736,753,828,808,828,850,850,850,850,0,0,0,0,0,0,0,0,0,0,0,0,0,0,0,0,0,0,0,0,0,3011,2760,0,0,0,0,0,0,4140,4140,8280,11040,0,0,0,0,6624,3011,3011,2760,2760,2760,2760,2760,0,0,0,0,0,0,0,0,0,0,0,0,0,0,0,2760,2760,2760,2760,2760,2760,2760,2760,2760,2548,2548,2548,2548,2548,2548,2548,2548,2548,2548,2548,2760,2760,2760,2760,2760,2760,2548,2548,2548,2548,2548,2548,2548,2548,2548,2548,2548,2548,2548,2548,2366,2366,2366,2366,2366,2366,2366,2366,2366,2548,2548,2548,2548,2548,2548,2548,2760,2760,2760,0,0,0,0,2366,2366,2366,2366,2366,2366,2548,2548,2548,2548,2548,2366,2366,2366,2366,2208,2208,2208,2208,2208,2208,2208,2208,2208,2208,2208,2208,2208,2208,2208,2208,2208,2208,2208,2208,2208,2208,2070,2070,2070,2208,2208,2366,2548,2760,3011,3312,3312,2208,2208,2208,2208,2208,2208,2208,2208,2208,2208
690,676,676,676,676,676,676,690,690,690,690,690,690,690,690,690,690,690,705,705,705,705,705,705,705,705,705,705,705,705,705,705,705,705,705,705,705,720,720,720,720,720,720,720,720,736,736,736,736,736,736,736,736,736,736,736,736,736,736,736,753,753,753,753,753,753,753,753,753,753,753,753,753,753,753,753,753,753,753,753,753,771,771,771,771,771,771,771,771,771,771,771,771,771,771,771,771,771,771,789,789,789,789,789,789,789,789,789,789,789,789,789,789,808,808,808,808,808,808,808,808,808,808,808,808,808,828,828,828,828,828,828,828,828,828,828,828,828,828,828,828,828,828,850,850,850,850,850,850,850,850,850,850,850,850,850,850,850,850,850,850,850,872,872,872,872,872,872,872,872,872,872,872,872,896,896,896,896,896,896,896,896,896,896,896,896,896,896,920,920,920,920,920,920,920,920,920,920,920,947,947,947,947,947,947,947,947,947,947,947,947,947,947,947,947,975,975,975,975,975,975,975,975,975,975,975,975,975,1004,1004,1004,1004,1004,1004,1004,1004,1035,1035,1035,1035,1035,1035,1035,1035,1035,1035,1035,1069,1035,1035,1069,1069,1069,1069,1069,1069,1069,1069,1069,1069,1069,1069,1104,1104,1104,1104,1104,1104,1104,1104,1104,1104,1104,1104,1104,1104,1104,1104,1104,1143,1143,1143,1143,1143,1143,1143,1143,1143,1143,1143,1143,1143,1143,1143,1143,1143,1143,1143,1183,1183,1183,1183,1183,1183,1183,1227,1227,1227,1227,1227,1227,1227,1104,828,828,828,828,828,828,828,828,828,828,828,850,850,850,850,1744,1840,1840,1840,1840,1840,1840,1840,1949,1949,872,828,828,828,828,1440,1506,1578,1578,1506,1440,1440,1440,789,789,789,789,789,789,789,0,789,789,808,808,789,789,789,789,789,808,808,808,808,808,789,789,789,808,808,808,808,808,808,808,808,808,808,808,808,808,808,789,789,808,808,808,808,808,828,0,850,828,850,850,850,0,0,0,0,0,0,0,0,0,0,0,0,0,0,0,0,0,0,0,0,0,0,0,0,0,0,0,0,0,0,0,0,1440,1440,1440,1440,0,0,0,0,872,872,850,0,850,736,753,771,828,808,828,828,828,850,850,0,0,0,0,0,0,0,0,0,0,0,0,0,0,0,0,0,0,0,0,2760,2760,2760,2760,0,0,0,0,0,3680,4140,8280,11040,0,0,0,0,0,3011,3011,2760,2760,2760,2760,2760,0,0,0,0,0,0,0,0,0,0,0,0,0,0,2760,2760,2760,2760,2760,2760,2760,2760,2760,2760,2548,2548,2548,2548,2548,2548,2548,2548,2548,2548,2548,2760,2760,2760,2760,2760,2760,2548,2548,2548,2548,2548,2548,2548,2548,2548,2548,2548,2548,2548,2548,2366,2366,2366,2366,2366,2366,2366,2366,2366,2548,2548,2548,2548,2548,2760,2548,2760,2760,2760,0,0,0,2366,2366,2366,2366,2366,2366,2366,2548,2548,2760,2548,2548,2366,2366,2366,2366,2208,2208,2208,2208,2208,2208,2208,2208,2208,2208,2208,2208,2208,2208,2208,2208,2208,2208,2208,2208,2208,2208,2208,2208,2208,2208,2208,2366,2548,2760,3312,3312,3312,3312,2208,2208,2208,2208,2208,2208,2208,2208,2208
676,676,676,676,676,676,676,690,690,690,690,690,690,690,690,690,690,690,690,705,705,705,705,705,705,705,705,705,705,705,705,705,705,705,705,705,705,705,720,720,720,720,720,720,736,736,736,736,736,736,736,736,736,736,736,736,736,736,736,736,753,753,753,753,753,753,753,753,753,753,753,753,753,753,753,753,753,753,753,753,771,771,771,771,771,771,771,771,771,771,771,771,771,771,771,771,771,771,771,789,789,789,789,789,789,789,789,789,789,789,789,789,789,808,808,808,808,808,808,808,808,808,808,808,828,828,828,828,828,828,828,828,828,828,828,828,828,828,828,828,828,828,850,850,850,850,850,850,850,850,850,850,850,850,850,850,850,850,850,850,872,872,872,872,872,872,872,872,872,872,872,872,872,872,896,896,896,896,896,896,896,896,896,896,896,896,896,920,920,920,920,920,920,920,920,920,920,920,947,947,947,947,947,947,947,947,947,947,947,947,947,947,947,947,975,975,975,975,975,975,975,975,975,975,975,975,975,975,975,1004,1004,1004,1004,1004,1004,1004,1035,1035,1035,1035,1035,1035,1035,1035,1035,1035,1035,1069,1069,1069,1069,1069,1069,1069,1069,1069,1069,1069,1069,1069,1069,1069,1104,1104,1104,1104,1104,1104,1104,1104,1104,1104,1104,1104,1104,1104,1104,1104,1104,1143,1143,1143,1143,1143,1143,1143,1143,1143,1143,1143,1143,1143,1143,1143,1143,1143,1143,1143,1143,1183,1183,1183,1183,1183,1183,1227,1227,1227,1227,1227,1227,1227,1104,828,828,828,828,828,828,828,828,828,828,828,850,850,850,850,1744,1840,1840,1840,1840,1840,1840,1840,1949,1949,872,828,828,828,828,1506,1506,1578,1578,1506,1440,1440,789,789,789,771,771,771,789,789,789,789,789,789,789,789,789,789,789,789,789,789,808,789,789,789,789,789,789,789,808,789,789,789,789,789,789,789,789,789,789,789,789,789,789,789,789,789,808,808,808,808,808,828,828,850,0,0,0,0,0,0,0,0,0,0,0,0,0,0,0,0,0,0,0,0,0,0,0,0,0,0,0,0,0,0,0,0,1440,1440,1440,0,0,0,0,0,1506,0,850,0,850,736,736,753,771,808,828,850,850,850,850,0,0,0,0,0,0,0,0,0,0,0,0,0,0,0,0,0,0,0,0,2760,2760,2760,2760,0,0,0,0,0,4140,4140,11040,11040,0,0,0,0,0,2760,2760,2760,2760,2760,2760,2760,0,0,0,0,0,0,0,0,0,0,0,0,0,0,2760,2760,2760,2760,2760,2760,2760,2760,2760,2760,2548,2548,2548,2548,2548,2548,2548,2548,2548,2548,2548,2548,2760,2760,2760,2760,2760,2548,2548,2548,2548,2548,2548,2548,2548,2548,2548,2548,2548,2548,2548,2366,2366,2366,2366,2366,2366,2366,2366,2366,2548,2548,2548,2548,2548,2760,2760,2760,2760,2760,2760,2366,0,2366,2366,2366,2366,2366,2366,2366,2548,2548,2548,2548,2366,2366,2366,2366,2366,2208,2208,2208,2208,2208,2208,2208,2208,2208,2208,2208,2208,2208,2208,2208,2208,2208,2208,2208,2208,2208,2208,2208,2208,2208,2208,2208,2366,2548,2760,3312,3312,3312,3312,3680,2208,2208,2208,2208,2208,2208,2208,2208
676,676,676,676,676,676,676,690,690,690,690,690,690,690,690,690,690,705,705,705,705,705,705,705,705,705,705,705,705,705,705,705,705,705,705,705,705,705,720,720,720,720,720,720,720,736,736,736,736,736,736,736,736,736,736,736,736,736,736,736,736,736,736,736,753,753,753,753,753,753,753,753,753,753,753,753,753,753,753,771,771,771,771,771,771,771,771,771,771,771,771,771,771,771,771,771,771,789,789,789,789,789,789,789,789,789,789,789,789,789,789,789,789,789,808,808,808,808,808,808,808,808,808,828,828,828,828,828,828,828,828,828,828,828,828,828,828,828,828,828,828,828,850,850,850,850,850,850,850,850,850,850,850,850,850,850,850,850,850,850,850,872,872,872,872,872,872,872,872,872,872,872,872,872,896,896,896,896,896,896,896,896,896,896,896,920,920,920,920,920,920,920,920,920,920,920,920,920,947,947,947,947,947,947,947,947,947,947,947,947,947,947,947,947,947,975,975,975,975,975,975,975,975,975,975,975,975,975,975,1004,1004,1004,1004,1004,1004,1004,1035,1035,1035,1035,1035,1035,1035,1035,1035,1035,1035,1069,1069,1069,1069,1069,1069,1069,1069,1069,1069,1069,1069,1069,1069,1104,1104,1104,1104,1104,1104,1104,1104,1104,1104,1104,1104,1104,1104,1104,1104,1104,1104,1104,1143,1143,1143,1143,1143,1143,1143,1143,1143,1143,1143,1143,1143,1143,1143,1143,1143,1143,1143,1183,1183,1183,1183,1183,1183,1227,1227,1227,1227,1227,1227,1227,1104,828,828,828,828,828,828,828,828,828,828,828,850,850,850,850,850,1840,1840,1840,1840,1840,1744,1840,1949,1506,872,850,828,828,828,1506,1578,1578,1578,1578,1440,789,789,789,771,771,771,771,771,789,1227,1227,1227,920,808,789,789,789,789,789,789,789,789,789,789,789,789,789,789,789,789,789,789,789,789,789,789,789,789,789,789,789,789,789,789,789,789,789,789,789,808,808,808,808,828,850,0,0,0,0,0,0,0,0,0,0,0,0,0,0,0,0,0,0,0,0,0,0,0,0,0,0,0,0,0,0,0,0,0,1440,1440,0,0,0,0,0,850,850,850,850,850,0,0,0,0,828,828,828,850,850,0,0,0,0,0,0,0,0,0,0,0,0,0,0,0,0,0,0,0,0,0,2760,3011,0,3011,0,0,0,0,0,0,0,0,0,0,0,0,0,0,2760,2760,2760,2760,2760,2760,2760,3680,0,0,0,0,0,0,0,0,0,0,0,0,0,2760,2760,2760,2760,2760,2760,2760,2760,2760,2760,2548,2548,2548,2548,2548,2548,2548,2548,2548,2548,2548,2548,2760,2760,2760,2760,2548,2548,2548,2548,2548,2548,2548,2548,2548,2548,2548,2548,2548,2548,2548,2366,2366,2366,2366,2366,2366,2366,2366,2366,2548,2548,2548,2548,2548,2760,2548,2760,2548,2760,2548,1143,1143,2366,2366,2366,2366,2366,2366,2366,2548,2548,2548,2548,2366,2366,2366,2366,2366,2208,2208,2208,2208,2208,2208,2208,2208,2208,2208,2208,2208,2208,2208,2208,2208,2208,2208,2208,2208,2208,2208,2208,2208,2208,2208,2208,2366,2548,2760,3312,3312,3312,3680,3680,2208,2208,2208,2208,2208,2208,2208,2208
676,676,676,676,676,676,676,676,676,690,690,690,690,690,690,690,690,690,690,705,705,705,705,705,705,705,705,705,705,705,705,705,705,705,705,720,705,720,720,720,720,720,720,720,736,736,736,736,736,736,736,736,736,736,736,736,736,736,736,736,736,736,736,736,736,753,753,753,753,753,753,753,753,753,753,753,753,753,771,771,771,771,771,771,771,771,771,771,771,771,771,771,771,771,771,771,771,789,789,789,789,789,789,789,789,789,789,789,789,789,789,789,789,789,808,808,808,808,808,808,808,808,808,828,828,828,828,828,828,828,828,828,828,828,828,828,828,828,828,828,828,850,850,850,850,850,850,850,850,850,850,850,850,850,850,850,850,850,850,850,850,872,872,872,872,872,872,872,872,872,872,872,872,872,896,896,896,896,896,896,896,896,896,896,896,920,920,920,920,920,920,920,920,920,920,920,920,947,947,947,947,947,947,947,947,947,947,947,947,947,947,947,947,947,947,975,975,975,975,975,975,975,975,975,975,975,975,975,975,1004,1004,1004,1004,1004,1004,1004,1004,1035,1035,1035,1035,1035,1035,1035,1035,1035,1035,1069,1035,1035,1035,1069,1069,1069,1069,1069,1069,1069,1069,1069,1069,1104,1104,1104,1104,1104,1104,1104,1104,1104,1104,1104,1104,1104,1104,1104,1104,1104,1104,1143,1143,1143,1143,1143,1143,1143,1143,1143,1143,1143,1143,1143,1143,1143,1143,1143,1143,1143,1183,1183,1183,1183,1183,1183,1183,1227,1227,1227,1227,1227,1227,1227,1183,850,828,828,828,828,828,828,828,828,828,828,850,850,850,850,850,1744,1744,1840,0,1840,1656,1840,1506,872,872,850,828,828,828,828,1578,1578,1578,1578,789,789,789,789,771,771,771,771,771,789,1183,1183,1183,1035,808,808,808,789,789,789,789,789,789,789,789,789,789,789,789,789,789,789,789,789,789,789,789,789,789,789,789,789,789,789,789,789,789,789,789,789,789,808,808,808,808,828,0,0,0,0,0,0,0,0,0,0,0,0,0,0,0,0,0,0,0,0,0,0,0,0,0,0,0,0,0,0,0,0,0,0,0,0,0,0,0,0,850,850,850,850,850,736,753,828,828,828,828,828,850,850,0,0,0,0,0,0,0,0,0,0,0,0,0,0,0,0,0,0,0,0,0,0,0,0,0,0,0,0,0,0,0,0,0,0,0,0,0,0,0,2760,2760,2760,2760,2760,2760,2760,2760,0,0,0,0,0,0,0,3011,0,0,0,0,3011,2760,2760,2760,2760,2760,2760,2760,2760,2760,2760,2548,2548,2548,2548,2548,2760,2548,2548,2548,2548,2548,2548,2760,2760,2760,2760,2548,2548,2548,2548,2548,2548,2548,2548,2548,2548,2548,2548,2548,2548,2548,2548,2366,2366,2366,2366,2366,2366,2548,2366,2548,2548,2548,2548,2548,2760,2760,2760,2760,2760,2548,1143,2208,2366,2366,2366,2366,2366,2366,2366,2548,2548,2548,2548,2366,2366,2366,2366,2208,2208,2208,2208,2208,2208,2208,2208,2208,2208,2208,2208,2208,2208,2208,2208,2208,2208,2208,2208,2208,2208,2208,2208,2208,2208,2208,2208,2366,2548,2760,3312,3312,3312,3680,3680,2208,2208,2208,2208,2208,2208,2208,2208
676,676,676,676,676,676,676,676,676,690,690,690,690,690,690,690,690,690,705,705,705,705,705,705,705,705,705,705,705,705,705,705,705,705,705,705,705,705,720,720,720,720,720,720,736,736,736,736,736,736,736,736,736,736,736,736,736,736,736,736,736,736,736,736,736,736,753,753,753,753,753,753,753,753,753,753,753,771,771,771,771,771,771,771,771,771,771,771,771,771,771,771,771,771,771,771,771,789,789,789,789,789,789,789,789,789,789,789,789,789,789,789,789,789,808,808,808,808,808,808,808,808,808,828,828,828,828,828,828,828,828,828,828,828,828,828,828,828,828,828,828,850,850,850,850,850,850,850,850,850,850,850,850,850,850,850,850,850,850,850,872,872,872,872,872,872,872,872,872,872,872,872,872,872,872,896,896,896,896,896,896,896,896,896,896,920,920,920,920,920,920,920,920,920,920,920,920,947,947,947,947,947,947,947,947,947,947,947,947,947,947,947,947,947,947,975,975,975,975,975,975,975,975,975,975,975,975,975,975,1004,1004,1004,1004,1004,1035,1035,1035,1035,1035,1035,1035,1035,1035,1035,1035,1035,1035,1035,1035,1035,1035,1035,1069,1069,1069,1069,1069,1069,1069,1069,1069,1069,1104,1104,1104,1104,1104,1104,1104,1104,1104,1104,1104,1104,1104,1104,1104,1104,1104,1104,1143,1143,1143,1143,1143,1143,1143,1143,1143,1143,1143,1143,1143,1143,1143,1143,1143,1143,1143,1183,1183,1183,1183,1183,1183,1227,1227,1227,1227,1227,1227,1227,1143,850,828,828,828,828,828,828,828,828,828,828,850,850,850,850,850,1744,2070,0,0,2070,1840,2070,2070,872,872,850,828,828,828,828,1578,1578,1578,808,789,789,789,771,771,771,771,789,1104,1143,1227,1227,1227,1227,1004,808,808,789,789,789,789,789,789,789,789,789,789,789,789,789,789,789,789,789,789,789,789,789,789,789,789,789,789,789,789,789,789,789,789,789,789,789,789,808,808,808,808,0,0,0,0,0,0,0,0,0,0,0,0,0,0,0,0,0,0,0,0,0,0,0,0,0,0,0,0,0,0,0,0,0,0,0,0,0,0,0,0,0,0,0,0,0,753,828,828,828,828,828,850,850,0,0,0,0,0,0,0,0,0,0,0,0,0,0,0,0,0,0,0,0,0,0,0,0,0,0,0,0,0,0,0,0,0,0,0,0,0,0,0,2760,2760,2760,2760,2760,2760,2760,2760,0,0,0,0,0,0,0,3011,0,0,3011,2760,3011,2760,2760,2760,2760,2760,2760,2760,2760,2760,2760,2760,2760,2548,2548,2548,2760,2548,2548,2548,2548,2548,2548,2760,2760,2760,2760,2548,2548,2548,2548,2548,2548,2548,2548,2548,2548,2548,2548,2548,2548,2548,2548,2366,2366,2366,2366,2548,2548,2548,2366,2548,2548,2548,2548,2548,2548,2548,2760,2548,2760,2548,1143,2208,2366,2366,2366,2366,2366,2366,2366,2548,2548,2548,2548,2208,2208,2208,2208,2208,2208,2208,2208,2208,2208,2208,2208,2208,2208,2208,2208,2208,2208,2208,2208,2208,2208,2208,2208,2208,2208,2208,2208,2208,2208,2208,2366,2366,2548,2760,3312,3312,3312,3312,2366,2208,2208,2208,2208,2208,2208,2208,2208
676,676,676,676,676,676,676,690,690,690,690,690,690,690,690,690,690,705,705,705,705,705,705,705,705,705,705,705,705,705,705,705,705,705,705,705,705,705,720,720,720,720,720,720,736,736,736,736,736,736,736,736,736,736,736,736,736,736,736,736,736,736,736,736,736,736,753,753,753,753,753,753,753,753,753,753,753,771,771,771,771,771,771,771,771,771,771,771,771,771,771,771,771,771,771,771,789,789,789,789,789,789,789,789,789,789,789,789,789,789,789,789,789,808,808,808,808,808,808,808,808,808,808,808,808,828,828,828,828,828,828,828,828,828,828,828,828,828,828,828,828,850,850,850,850,850,850,850,850,850,850,850,850,850,850,850,850,850,850,850,850,850,872,872,872,872,872,872,872,872,872,872,872,872,872,896,896,896,896,896,896,896,896,896,896,896,896,896,920,920,920,920,920,920,920,920,920,920,947,947,947,947,947,947,947,947,947,947,947,947,947,947,947,947,947,975,975,975,975,975,975,975,975,975,975,975,975,975,975,1004,1004,1004,1004,1004,1004,1004,1035,1035,1035,1035,1035,1035,1035,1035,1035,1035,1035,1035,1035,1035,1035,1035,1035,1069,1069,1069,1069,1069,1069,1069,1069,1069,1069,1104,1104,1104,1104,1104,1104,1104,1104,1104,1104,1104,1104,1104,1104,1104,1104,1104,1143,1143,1143,1143,1143,1143,1143,1143,1143,1143,1143,1143,1143,1143,1143,1143,1143,1183,1183,1183,1183,1183,1183,1183,1183,1227,1227,1227,1227,1227,1227,1227,1143,850,828,828,828,828,828,828,828,828,828,828,850,850,850,850,850,1744,2070,0,0,2070,2070,2070,2070,2070,850,828,828,828,828,828,828,808,808,789,789,789,789,771,771,771,789,1104,1104,1143,1227,1227,1227,1227,1227,1004,808,808,789,789,789,789,789,789,789,789,789,789,789,789,789,789,789,789,789,789,789,789,789,789,789,789,789,789,789,789,789,789,789,789,789,789,789,789,808,808,808,808,0,0,0,0,0,0,0,0,0,0,0,0,0,0,0,0,0,0,0,0,0,0,0,0,0,0,0,0,0,0,0,0,0,0,0,0,0,0,0,0,0,0,0,0,0,0,0,947,828,850,850,975,0,0,0,0,0,0,0,0,0,0,0,0,0,0,0,0,0,0,0,0,0,0,0,0,0,0,0,0,0,0,0,0,0,0,0,0,0,0,5520,2760,2760,2760,2760,2760,2760,2760,2760,0,0,0,0,0,0,0,0,0,0,0,0,3011,2760,2760,2760,2760,2760,2760,2760,2760,2760,2760,2760,2760,2548,2548,2548,2760,2548,2548,2548,2548,2548,2548,2760,2760,2760,2760,2548,2548,2548,2548,2548,2548,2548,2548,2548,2548,2548,2548,2548,2548,2548,2548,2366,2366,2366,2366,2548,2548,2548,2548,2548,2548,2548,2548,2548,2548,2548,2548,2366,2548,2548,2208,2548,2366,2366,2366,2366,2366,2366,2548,2548,2548,2548,2548,2208,2208,2208,2208,2208,2208,2208,2208,2208,2208,2208,2208,2208,2208,2208,2208,2208,2208,2208,2208,2208,2208,2208,2208,2208,2208,2208,2208,2208,2208,2208,2366,2366,2548,3011,3312,3312,3312,3312,2208,2208,2208,2208,2208,2208,2208,2208,2208
676,676,676,676,676,676,676,690,690,690,690,690,690,690,690,690,690,705,705,705,705,705,705,705,705,705,705,705,705,705,705,705,705,705,705,705,705,705,720,720,720,720,720,720,720,736,736,736,736,736,736,736,736,736,736,736,736,736,736,736,736,736,736,736,736,736,753,753,753,753,753,753,753,753,753,753,753,771,771,771,771,771,771,771,771,771,771,771,771,771,771,771,771,771,771,771,789,789,789,789,789,789,789,789,789,789,789,789,789,789,789,789,789,808,808,808,808,808,808,808,808,808,808,808,808,808,828,828,828,828,828,828,828,828,828,828,828,828,828,828,828,850,850,850,850,850,850,850,850,850,850,850,850,850,850,850,850,850,850,850,850,850,872,872,872,872,872,872,872,872,872,872,872,872,872,896,896,896,896,896,896,896,896,896,896,896,896,896,896,920,920,920,920,920,920,920,920,947,947,947,947,947,947,947,947,947,947,947,947,947,947,947,947,947,947,975,975,975,975,975,975,975,975,975,975,975,975,975,1004,1004,1004,1004,1004,1004,1004,1004,1004,1035,1035,1035,1035,1035,1035,1035,1035,1035,1035,1035,1035,1035,1035,1035,1069,1069,1069,1069,1069,1069,1069,1069,1069,1069,1104,1104,1104,1104,1104,1104,1104,1104,1104,1104,1104,1104,1104,1104,1104,1104,1104,1143,1143,1143,1143,1143,1143,1143,1143,1143,1143,1143,1143,1143,1143,1143,1143,1143,1183,1183,1183,1183,1183,1183,1183,1183,1183,1183,1227,1227,1227,1227,1227,1227,1183,850,828,828,828,828,828,828,828,828,828,828,850,850,850,850,850,2070,0,0,0,2208,2366,2070,2070,2070,850,828,828,828,808,808,808,808,808,789,789,789,771,771,771,1104,1104,1104,1143,1143,0,0,1227,0,0,0,0,808,789,789,789,789,789,789,789,789,789,789,789,789,789,789,789,789,789,789,789,789,789,789,789,789,789,789,789,789,789,789,789,789,789,789,789,789,808,808,808,808,808,0,0,0,0,0,0,0,0,0,0,0,0,0,0,0,0,0,0,0,0,0,0,0,1840,1840,1840,0,1744,0,0,0,0,0,0,0,0,0,0,0,0,0,0,0,0,0,0,0,828,947,0,0,0,0,0,0,0,0,0,0,0,0,0,0,0,0,0,0,0,0,0,0,0,0,0,0,0,0,0,0,0,0,0,0,0,0,0,0,0,0,5520,2760,2760,2760,2760,2760,2760,2760,2760,0,0,0,0,0,0,0,0,0,0,0,0,0,2760,3011,2760,3011,3011,3011,2760,2760,2760,2760,2760,2760,2548,2548,2548,2760,2760,2760,2548,2548,2548,2548,2760,2760,2760,2760,2760,2548,2548,2548,2548,2548,2548,2548,2548,2548,2548,2548,2548,2548,2548,2548,2548,2366,2366,2548,2548,2548,2548,2548,2548,2548,2548,2548,2548,2548,2548,2548,2366,2548,2366,2208,2548,2366,2366,2366,2366,2366,2366,2548,2548,2548,2548,2548,2366,2366,2208,2208,2208,2208,2208,2208,2208,2208,2208,2208,2208,2208,2208,2208,2208,2208,2208,2208,2208,2208,2208,2208,2208,2208,2208,2208,2208,2208,2208,2366,2366,2548,3011,3312,3312,3312,2208,2208,2208,2208,2208,2208,2208,2208,2208,2208
676,676,676,676,676,690,690,690,690,690,690,690,690,690,690,690,690,690,705,705,705,705,705,705,705,705,705,705,705,705,705,705,705,705,705,705,705,705,720,720,720,720,720,720,720,736,736,736,736,736,736,736,736,736,736,736,736,736,736,736,736,736,736,736,736,736,736,753,753,753,753,753,753,753,753,753,753,771,771,771,771,771,771,771,771,771,771,771,771,771,771,771,771,771,771,771,771,789,789,789,789,789,789,789,789,789,789,789,789,789,789,789,789,808,808,808,808,808,808,808,808,808,808,808,808,808,828,828,828,828,828,828,828,828,828,828,828,828,828,828,828,850,850,850,850,850,850,850,850,850,850,850,850,850,850,850,850,850,850,850,872,872,872,872,872,872,872,872,872,872,872,872,872,872,872,872,896,896,896,896,896,896,896,896,896,896,896,896,896,920,920,920,920,920,920,920,920,947,947,947,947,947,947,947,947,947,947,947,947,947,947,947,947,947,947,975,975,975,975,975,975,975,975,975,975,975,1004,1004,1004,1004,1004,1004,1004,1004,1004,1004,1004,1004,1004,1035,1035,1035,1035,1035,1035,1035,1035,1035,1069,1069,1069,1069,1069,1069,1069,1069,1069,1069,1069,1069,1069,1069,1104,1104,1104,1104,1104,1104,1104,1104,1104,1104,1104,1104,1104,1104,1104,1104,1104,1143,1143,1143,1143,1143,1143,1143,1143,1143,1143,1143,1143,1143,1143,1143,1143,1143,1183,1183,1183,1183,1183,1183,1183,1183,1183,1183,1227,1227,1227,1227,1227,1227,1183,850,828,828,828,828,828,828,828,828,828,828,850,850,850,850,850,2070,0,0,0,0,0,2366,2070,2070,850,828,828,808,808,808,808,808,789,789,789,789,789,789,1104,1104,1104,1143,1143,1325,0,0,0,0,0,0,0,0,789,789,771,771,789,789,789,789,789,789,789,789,789,789,789,789,789,789,789,789,789,789,789,789,789,789,789,789,789,789,789,789,789,789,789,789,808,808,808,808,808,808,0,0,0,0,0,0,0,0,0,0,0,0,0,0,0,0,0,0,0,0,0,0,1840,1840,1840,1744,1656,0,0,0,0,0,0,0,0,0,0,0,0,0,0,0,0,0,0,0,828,0,0,0,0,0,0,0,0,0,0,0,0,0,0,0,0,0,0,0,0,0,0,0,0,0,0,0,0,0,0,0,0,0,0,0,0,0,0,0,0,0,0,2760,2760,2760,2760,2760,2760,2760,2760,0,0,0,0,0,0,0,0,0,0,0,0,0,3011,3011,2760,3011,3011,3011,2760,2760,2760,2760,2760,2760,2548,2548,2548,2760,2760,2760,2548,2548,2548,2760,2760,2760,2760,2760,2760,2548,2548,2548,2548,2548,2548,2548,2548,2548,2548,2548,2548,2548,2548,2548,2366,2366,2548,2548,2548,2548,2548,2548,2548,2548,2548,2548,2548,2548,2548,2366,2366,2548,2366,2366,0,2366,2366,2366,2366,2366,2366,2548,2548,2548,2548,2548,2366,2366,2366,2208,2208,2208,2208,2208,2208,2208,2208,2208,2208,2208,2208,2208,2208,2208,2208,2208,2208,2208,2208,2208,2208,2208,2208,2208,2208,2208,2208,2366,2366,2548,3011,3312,3312,3312,2208,2208,2208,2208,2208,2208,2208,2208,2208,2208
676,676,676,676,690,690,690,690,690,690,690,690,690,690,690,690,690,690,705,705,705,705,705,705,705,705,705,705,705,705,705,705,705,705,705,705,705,720,720,720,720,720,720,720,736,736,736,736,736,736,736,736,736,736,736,736,736,736,736,736,736,736,736,736,736,736,753,753,753,753,753,753,753,753,753,753,753,771,771,771,771,771,771,771,771,771,771,771,771,771,771,771,771,771,771,771,771,789,789,789,789,789,789,789,789,789,789,789,789,789,789,789,808,808,808,808,808,808,808,808,808,808,808,808,808,808,808,828,828,828,828,828,828,828,828,828,828,828,828,828,828,850,850,850,850,850,850,850,850,850,850,850,850,850,850,850,850,850,850,872,872,872,872,872,872,872,872,872,872,872,872,872,872,872,872,872,896,896,896,896,896,896,896,896,896,896,896,896,896,920,920,920,920,920,920,920,920,920,947,947,947,947,947,947,947,947,947,947,947,947,947,947,947,947,947,975,975,975,975,975,975,975,975,975,975,975,1004,1004,1004,1004,1004,1004,1004,1004,1004,1004,1004,1004,1004,1035,1035,1035,1035,1035,1035,1035,1035,1069,1069,1069,1069,1069,1069,1069,1069,1069,1069,1069,1069,1069,1069,1069,1104,1104,1104,1104,1104,1104,1104,1104,1104,1104,1104,1104,1104,1104,1104,1104,1104,1143,1143,1143,1143,1143,1143,1143,1143,1143,1143,1143,1143,1143,1183,1183,1183,1183,1183,1183,1183,1183,1183,1183,1183,1183,1183,1227,1227,1227,1227,1227,1227,1227,1227,850,828,828,828,828,828,828,828,828,828,828,850,850,850,850,850,2070,0,0,0,0,0,0,2070,2070,828,828,808,808,808,808,808,808,789,789,789,789,789,789,1104,1104,1143,1143,1143,0,0,0,0,0,0,0,0,0,789,789,771,771,771,789,789,789,789,789,789,789,789,789,789,789,789,789,789,789,789,789,789,789,789,789,789,789,789,789,789,789,789,789,789,808,808,808,808,808,808,808,808,0,0,0,0,0,0,0,0,0,0,0,0,0,0,0,0,0,0,0,0,0,1840,1840,1840,1744,1656,1656,0,0,0,0,0,0,0,0,0,0,0,0,0,0,0,0,0,0,947,0,0,0,0,0,0,0,0,0,0,0,0,0,0,0,0,0,0,0,0,0,0,0,2548,2548,2760,0,0,0,0,0,0,0,0,0,0,0,0,0,0,0,0,2760,2760,2760,2760,2760,2760,2760,3312,0,0,0,0,0,0,0,0,0,0,0,0,0,3011,3011,2760,3011,2760,2760,2760,2760,2760,2760,2760,2760,2548,2548,2548,2760,2760,2760,2760,2548,2760,2760,2760,2760,2760,2760,2760,2548,2548,2548,2548,2548,2548,2548,2548,2548,2548,2548,2548,2548,2548,2548,2548,2548,2548,2548,2548,2548,2548,2548,2548,2548,2548,2548,2548,2548,2548,2366,2366,2366,2366,2366,2548,2366,2366,2366,2366,2366,2366,2366,2548,2548,2548,2548,2366,2366,2366,2366,2208,2208,2208,2208,2208,2208,2208,2208,2208,2208,2208,2208,2208,2208,2208,2208,2208,2208,2208,2208,2208,2208,2208,2208,2208,2208,2208,2366,2548,2548,3011,3312,3312,3312,2208,2208,2208,2208,2208,2208,2208,2208,2208,2208
676,676,676,676,690,690,690,690,690,690,690,690,690,690,690,690,690,690,690,705,705,705,705,705,705,705,705,705,705,705,705,705,705,705,705,705,720,720,720,720,720,720,720,720,720,736,736,736,736,736,736,736,736,736,736,736,736,736,736,736,736,736,736,736,736,753,753,753,753,753,753,753,753,753,753,753,753,771,771,771,771,771,771,771,771,771,771,771,771,771,771,771,771,771,771,771,771,771,789,789,789,789,789,789,789,789,789,789,789,789,789,789,789,808,808,808,808,808,808,808,808,808,808,808,808,808,808,808,828,828,828,828,828,828,828,828,828,828,828,828,828,850,850,850,850,850,850,850,850,850,850,850,850,850,850,850,850,850,872,872,872,872,872,872,872,872,872,872,872,872,872,872,872,872,872,872,896,896,896,896,896,896,896,896,896,896,896,896,896,920,920,920,920,920,920,920,920,920,947,947,947,947,947,947,947,947,947,947,947,947,947,947,947,947,947,975,975,975,975,975,975,975,975,975,975,975,1004,1004,1004,1004,1004,1004,1004,1004,1004,1004,1004,1004,1004,1004,1004,1035,1035,1035,1035,1035,1035,1035,1069,1069,1069,1104,1069,1069,1069,1069,1069,1069,1069,1069,1104,1104,1104,1104,1104,1104,1104,1104,1104,1104,1104,1104,1104,1104,1104,1104,1104,1104,1143,1143,1143,1143,1143,1143,1143,1143,1143,1143,1143,1143,1143,1143,1183,1183,1183,1183,1183,1183,1183,1183,1183,1183,1183,1183,1183,1227,1227,1227,1227,1227,1227,1227,1227,850,828,828,828,828,828,828,828,828,828,828,850,850,850,850,850,2070,0,0,0,0,0,0,2070,872,828,808,808,808,808,808,808,789,789,789,789,789,789,789,789,1104,1104,1104,1104,1143,1325,6624,6624,0,0,0,0,0,789,771,771,771,771,771,771,789,789,789,789,789,789,789,789,789,789,789,789,789,771,771,771,771,771,771,789,789,789,789,789,789,808,828,850,850,828,808,808,808,808,808,0,0,0,0,0,0,0,0,0,0,0,0,0,0,0,0,0,0,0,0,0,0,0,0,0,1656,1656,1656,0,0,0,0,0,0,0,0,0,0,0,0,0,0,0,771,947,808,828,0,0,0,0,0,0,0,0,0,0,0,0,1227,1274,1325,1380,0,0,0,0,0,0,0,2548,2548,0,0,0,0,0,0,0,0,0,0,0,0,0,0,0,0,0,2760,2760,2760,2760,2760,2760,2760,3312,0,0,0,0,0,0,0,0,0,0,0,0,0,3011,3011,2760,2760,2760,2760,2760,2760,2760,2760,2548,2548,2548,2548,2548,2760,2760,2760,2760,2760,2760,2760,2760,2760,2760,2760,2760,2548,2548,2548,2548,2548,2548,2548,2548,2548,2548,2548,2548,2548,2548,2548,2548,2366,2548,2548,2548,2548,2548,2548,2548,2548,2548,2548,2548,2548,2366,2366,2366,2366,2366,2366,0,2366,2366,2366,2366,2366,2366,2366,2366,2548,2366,2366,2366,2366,2366,2366,2366,2208,2208,2208,2208,2208,2208,2208,2208,2208,2208,2208,2208,2208,2208,2208,2208,2208,2208,2208,2208,2208,2208,2208,2208,2208,2208,2366,2548,2548,3011,3312,3312,3312,2208,2208,2208,2208,2208,2208,2208,2208,2208,2208
676,676,676,676,690,690,690,690,690,690,690,690,690,690,690,690,690,690,705,705,705,705,705,705,705,705,705,705,705,705,705,705,705,705,705,720,720,720,720,720,720,720,720,720,720,736,736,736,736,736,736,736,736,736,736,736,736,736,736,736,736,736,736,736,736,753,753,753,753,753,753,753,753,753,753,771,771,771,771,771,771,771,771,771,771,771,771,771,771,771,771,771,771,771,771,771,771,771,789,789,789,789,789,789,789,789,789,789,789,789,789,789,789,808,808,808,808,808,808,808,808,808,808,808,808,808,808,808,808,828,828,828,828,828,828,828,828,828,828,828,828,850,850,850,850,850,850,850,850,850,850,850,850,850,850,850,850,850,872,872,872,872,872,872,872,872,872,872,872,872,872,872,872,872,872,872,896,896,896,896,896,896,896,896,896,896,896,896,896,920,920,920,920,920,920,920,920,920,947,947,947,947,947,947,947,947,947,947,947,947,947,947,947,947,975,975,975,975,975,975,975,975,975,975,975,975,1004,1004,1004,1004,1004,1004,1004,1004,1004,1004,1004,1004,1004,1004,1035,1035,1035,1035,1035,1035,1035,1035,1035,1035,1069,1104,1069,1069,1069,1069,1069,1069,1069,1069,1104,1104,1104,1104,1104,1104,1104,1104,1104,1104,1104,1104,1104,1104,1104,1104,1104,1104,1143,1143,1143,1143,1143,1143,1143,1143,1143,1143,1143,1143,1143,1143,1183,1183,1183,1183,1183,1183,1183,1183,1183,1183,1183,1183,1183,1227,1227,1227,1227,1227,1227,1227,1227,850,828,828,828,828,828,828,828,828,828,828,850,850,850,850,850,2208,0,0,0,0,0,0,0,850,828,828,808,808,808,808,808,789,789,789,789,789,789,789,789,789,1104,1104,1104,1325,1380,1380,1380,1380,6624,0,0,0,1578,771,771,771,771,771,771,789,789,789,789,789,789,789,789,789,789,789,789,771,771,771,771,771,771,771,771,771,789,789,789,808,850,850,872,850,828,808,808,808,808,808,0,0,0,0,0,0,0,0,0,0,0,0,0,0,0,0,0,0,0,0,0,0,0,0,0,1744,1656,1656,0,0,0,0,0,0,0,1325,0,0,0,0,0,0,753,753,771,789,808,0,0,0,0,0,0,0,0,0,0,0,0,1227,1274,1325,1325,0,0,0,0,0,0,0,2548,2548,0,0,0,0,0,0,0,0,0,0,0,0,0,0,0,0,0,2760,2760,2760,2760,2760,2760,2760,3312,0,0,0,0,0,0,0,0,0,0,0,0,0,0,0,2760,2760,2760,2760,2760,2760,2760,2548,2548,2548,2548,2548,2548,2760,2760,2760,2760,2760,2760,2760,2760,2760,3011,2760,2760,2548,2548,2548,2548,2548,2548,2548,2548,2548,2548,2548,2548,2548,2548,2548,2366,2366,2548,2548,2548,2548,2548,2548,2548,2548,2548,2548,2548,2548,2366,2366,2366,2366,2366,2366,2366,2366,2366,2366,2366,2366,2366,2366,2366,2548,2366,2366,2366,2366,2366,2366,2366,2208,2208,2208,2208,2208,2208,2208,2208,2208,2208,2208,2208,2208,2208,2208,2208,2208,2208,2208,2208,2208,2208,2208,2208,2208,2208,2366,2548,2548,3011,3011,3312,3312,2366,2208,2208,2208,2208,2208,2208,2208,2208,2208
676,676,676,676,690,690,690,690,690,690,690,690,690,690,690,690,690,690,705,705,705,705,705,705,705,705,705,705,705,705,705,705,705,720,720,720,720,720,720,720,720,720,720,720,720,720,736,736,736,736,736,736,736,736,736,736,736,736,736,736,736,736,736,736,753,753,753,753,753,753,753,753,753,753,753,771,771,771,771,771,771,771,771,771,771,771,771,771,771,771,771,771,771,771,771,771,771,771,789,789,789,789,789,789,789,789,789,789,789,789,789,789,789,808,808,808,808,808,808,808,808,808,808,808,808,808,808,808,808,828,828,828,828,828,828,828,828,828,828,828,828,828,850,850,850,850,850,850,850,850,850,850,850,850,850,850,850,850,872,872,872,872,872,872,872,872,872,872,872,872,872,872,872,872,872,872,896,896,896,896,896,896,896,896,896,896,896,896,920,920,920,920,920,920,920,920,920,920,920,947,947,947,947,947,947,947,947,947,947,947,947,947,947,947,947,975,975,975,975,975,975,975,975,975,975,975,1004,1004,1004,1004,1004,1004,1004,1004,1004,1004,1004,1004,1004,1035,1035,1035,1035,1035,1035,1035,1035,1035,1035,1035,1035,1069,1069,1069,1069,1069,1069,1069,1069,1069,1104,1104,1104,1104,1104,1104,1104,1104,1104,1104,1104,1104,1104,1104,1104,1104,1104,1143,1143,1143,1143,1143,1143,1143,1143,1143,1143,1143,1143,1143,1143,1183,1183,1183,1183,1183,1183,1183,1183,1183,1183,1183,1183,1183,1183,1183,1227,1227,1227,1227,1227,1227,1183,850,828,828,828,828,828,828,828,828,828,828,850,850,850,850,850,2208,0,0,0,0,0,0,2760,850,828,828,828,828,808,808,789,789,789,789,789,789,789,789,789,789,808,1104,1274,1325,1380,1380,1380,1380,1440,6624,0,0,1578,789,771,771,771,771,771,789,789,789,789,789,789,789,789,789,789,771,771,771,771,771,771,771,771,771,771,771,771,789,789,808,850,850,872,850,828,808,808,808,808,808,0,0,0,0,0,0,0,0,0,0,0,0,0,0,0,0,0,0,0,0,0,0,0,0,0,1656,1656,1656,1656,0,0,0,0,0,0,0,0,0,0,0,0,0,753,753,771,771,808,896,0,0,0,0,0,0,0,0,0,0,0,1227,1274,1325,1325,0,0,0,0,0,0,0,2548,2548,2548,0,0,0,0,0,0,0,0,0,0,0,0,0,0,0,33119,2760,2760,2760,2760,2760,2760,2760,0,0,0,0,0,0,0,0,0,0,3312,3312,0,0,0,0,2760,2760,2760,2548,2760,2760,2760,2548,2548,2548,2548,2548,2548,2760,2760,2760,2760,2760,2760,2760,2760,2760,3011,2760,2760,2548,2548,2548,2548,2548,2548,2548,2548,2548,2548,2548,2548,2548,2548,2548,2366,2366,2366,2548,2548,2548,2548,2548,2548,2548,2548,2548,2548,2548,2366,2366,2366,2548,2548,0,2548,2366,2366,2366,2366,2366,2366,2366,2366,2366,2366,2366,2366,2366,2366,2366,2366,2208,2208,2208,2208,2208,2208,2208,2208,2208,2208,2208,2208,2208,2208,2208,2208,2208,2208,2208,2208,2208,2208,2208,2208,2208,2208,2366,2548,2548,3011,3011,3312,3312,2366,2366,2208,2208,2208,2208,2208,2208,2208,2208
676,676,676,676,676,690,690,690,690,690,690,690,690,690,690,690,690,690,705,705,705,705,705,705,705,705,720,720,720,720,720,720,720,720,720,720,720,720,720,720,720,720,720,720,720,720,720,736,736,736,736,736,736,736,736,736,736,736,736,736,736,736,736,736,753,753,753,753,753,753,753,753,771,771,771,771,771,771,771,771,771,771,771,771,771,771,771,771,771,771,771,771,771,771,771,771,771,789,789,789,789,789,789,789,789,789,789,789,789,789,789,789,789,808,808,808,808,808,808,808,808,808,808,808,808,808,808,808,808,808,828,828,828,828,828,828,828,828,828,828,828,828,850,850,850,850,850,850,850,850,850,850,850,850,850,850,850,850,872,872,872,872,872,872,872,872,872,872,872,872,872,872,872,872,872,896,896,896,896,896,896,896,896,896,896,896,896,896,920,920,920,920,920,920,920,920,920,920,920,947,947,947,947,947,947,947,947,947,947,947,947,947,947,947,975,975,975,975,975,975,975,975,975,975,975,975,975,1004,1004,1004,1004,1004,1004,1004,1004,1004,1004,1004,1004,1035,1035,1035,1035,1035,1035,1035,1035,1035,1035,1035,1035,1069,1069,1069,1069,1069,1069,1069,1069,1104,1104,1104,1104,1104,1104,1104,1104,1104,1104,1104,1104,1104,1104,1104,1104,1104,1104,1104,1143,1143,1143,1143,1143,1143,1143,1143,1143,1143,1143,1143,1143,1183,1183,1183,1183,1183,1183,1183,1183,1183,1183,1183,1183,1183,1183,1227,1227,1227,1227,1227,1227,1227,1183,850,828,828,828,828,828,828,828,828,828,828,850,850,850,850,850,872,0,0,0,0,0,2760,850,850,828,828,828,828,808,808,808,789,789,789,789,789,789,789,789,789,808,1227,1227,1274,1183,1183,1183,1380,1380,1440,0,0,8280,789,771,771,771,789,789,789,789,789,789,789,789,789,789,789,771,771,771,771,771,771,771,771,771,771,771,771,771,771,789,789,808,808,872,808,808,808,808,808,808,808,0,0,0,0,0,0,0,0,0,0,0,0,0,0,0,0,0,0,0,0,0,0,0,0,0,1656,1656,1656,1656,0,0,0,0,0,0,0,0,0,0,0,0,0,753,753,771,789,808,0,0,0,0,0,0,0,0,0,0,1143,1143,1183,1274,1325,0,0,0,0,0,0,0,0,2548,2548,2548,2548,2760,0,0,0,0,0,0,0,0,0,0,0,0,0,33119,2760,2760,2760,2760,2760,3011,0,0,0,0,0,0,0,0,0,0,0,2760,2760,2760,2760,2760,2760,2548,2548,2548,2548,2760,2760,2548,2548,2548,2548,2548,2548,2548,2760,2548,2760,2760,2760,2760,2760,2760,2760,2760,2760,2548,2548,2548,2548,2548,2548,2548,2548,2548,2548,2548,2548,2548,2548,2548,2548,2548,2366,2548,2548,2548,2548,2548,2548,2548,2548,2548,2548,2548,2548,2548,2366,2366,2548,2548,2548,2366,2366,2366,2366,2366,2366,2366,2366,2366,2366,2366,2366,2366,2366,2366,2366,2366,2208,2208,2208,2208,2208,2208,2208,2208,2208,2208,2208,2208,2208,2208,2208,2208,2208,2208,2208,2208,2208,2208,2208,2208,2208,2208,2366,2548,2548,3011,3011,3312,3312,2366,2366,2366,2366,2366,2366,2366,2366,2366,2366
676,676,676,676,690,690,690,690,690,690,690,690,690,690,690,690,690,705,705,705,705,705,705,705,705,705,705,705,705,705,705,705,720,720,720,720,720,720,720,720,720,720,720,720,720,720,720,720,736,736,736,736,736,736,736,736,736,736,736,736,736,736,736,753,753,753,753,753,753,753,753,753,771,771,771,771,771,771,771,771,771,771,771,771,771,771,771,771,771,771,771,771,771,771,771,789,789,789,789,789,789,789,789,789,789,789,789,789,789,789,789,789,789,808,808,808,808,808,808,808,808,808,808,808,808,808,808,808,808,808,828,828,828,828,828,828,828,828,828,828,828,828,828,850,850,850,850,850,850,850,850,850,850,850,850,850,850,850,872,872,872,872,872,872,872,872,872,872,872,872,872,872,872,872,872,896,896,896,896,896,896,896,896,896,896,896,896,896,896,920,920,920,920,920,920,920,920,920,920,947,947,947,947,947,947,947,947,947,947,947,947,947,947,947,975,975,975,975,975,975,975,975,975,975,975,975,975,1004,1004,1004,1004,1004,1004,1004,1004,1004,1004,1004,1004,1035,1035,1035,1035,1035,1035,1035,1004,1035,1035,1035,1069,1069,1069,1069,1069,1069,1069,1069,1069,1104,1104,1183,1104,1104,1104,1104,1104,1104,1104,1104,1104,1104,1104,1104,1104,1104,1104,1104,1143,1143,1143,1143,1143,1143,1143,1143,1143,1143,1143,1143,1143,1183,1183,1183,1183,1183,1183,1183,1183,1183,1183,1183,1183,1183,1183,1183,1227,1227,1227,1227,1227,1183,1183,850,828,828,828,828,828,828,828,828,828,828,850,850,850,850,850,1440,0,0,0,0,0,2760,850,850,828,828,828,828,808,808,808,789,789,789,789,789,789,789,789,808,1227,1227,1183,1183,1183,1183,1227,1380,1440,8280,0,0,0,0,789,789,789,789,789,789,789,789,789,789,789,789,789,789,771,771,771,771,771,771,771,771,771,771,771,771,771,771,771,789,789,789,789,808,808,808,808,808,808,808,0,0,0,0,0,0,0,0,0,0,0,0,0,0,0,0,0,0,0,0,0,0,0,0,0,0,1656,1656,1656,1949,0,0,0,0,0,0,0,0,0,0,0,0,2548,771,789,789,828,0,0,0,0,0,0,0,0,0,0,0,0,0,0,0,0,0,0,0,0,0,0,0,2548,2760,2760,2760,2760,0,0,0,0,0,0,0,0,0,0,0,0,0,33119,2760,2760,2760,2760,2760,3011,0,0,0,0,0,0,0,0,0,0,0,3312,3312,2548,2760,2760,2760,2548,2760,2548,2548,2760,2548,2548,2548,2548,2548,2548,2548,2548,2760,2548,2760,2760,2760,2760,2760,2760,2760,2760,2760,2760,2548,2548,2548,2548,2548,2548,2548,2548,2548,2548,2548,2548,2548,2548,2548,2548,2548,2548,2548,2548,2548,2548,2548,2548,2548,2548,2548,2548,2548,2548,2548,2548,2548,2548,2548,2548,2366,2366,2366,2366,2366,2366,2366,2366,2366,2366,2366,2366,2366,2366,2366,2366,2208,2208,2208,2208,2208,2208,2208,2208,2208,2208,2208,2208,2208,2208,2208,2208,2208,2208,2208,2208,2208,2208,2208,2208,2208,2208,2366,2548,2548,3011,3011,3312,3312,2366,2366,2366,2366,2366,2366,2366,2366,2366,2366
676,676,676,676,690,690,690,690,690,690,690,690,690,690,690,690,690,705,705,705,705,705,705,705,705,705,705,705,705,705,705,720,720,720,720,720,720,720,720,720,720,720,720,720,720,720,720,736,736,736,736,736,736,736,736,736,736,736,736,736,736,736,736,736,753,753,753,753,753,753,753,753,753,771,771,771,771,771,771,771,771,771,771,771,771,771,771,771,771,771,771,771,771,789,789,789,789,789,789,789,789,789,789,789,789,789,789,789,789,789,789,789,789,789,808,808,808,808,808,808,808,808,808,808,808,808,808,808,808,808,828,828,828,828,828,828,828,828,828,828,828,828,828,850,850,850,850,850,850,850,850,850,850,850,850,850,850,850,850,872,872,872,872,872,872,872,872,872,872,872,872,872,872,872,872,896,896,896,896,896,896,896,896,896,896,896,896,896,896,920,920,920,920,920,920,920,920,920,947,947,947,947,947,947,947,947,947,947,947,947,947,947,947,947,975,975,975,975,975,975,975,975,975,975,975,975,975,1004,1004,1004,1004,1004,1004,1004,1004,1004,1004,1004,1004,1035,1035,1035,1035,1035,1035,1035,1035,1035,1069,1143,1104,1069,1069,1069,1069,1069,1069,1069,1069,1104,1104,1104,1104,1104,1104,1104,1104,1104,1104,1104,1104,1104,1104,1104,1104,1104,1104,1104,1143,1143,1143,1143,1143,1143,1143,1143,1143,1143,1143,1143,1143,1183,1183,1183,1183,1183,1183,1183,1183,1183,1183,1183,1183,1183,1183,1183,1227,1227,1227,1227,1227,1183,1183,850,828,828,828,828,828,828,828,828,828,828,850,850,850,850,850,1440,2366,0,0,0,0,2760,850,850,828,828,828,828,808,808,808,789,789,789,789,808,0,0,0,0,0,0,0,0,0,1380,1440,6624,6624,8280,0,0,0,0,0,1440,789,789,789,789,789,789,789,789,789,789,789,789,789,771,771,771,771,771,771,771,771,771,771,771,771,771,771,771,789,789,789,789,789,789,789,789,808,808,808,0,0,0,0,808,808,0,0,0,0,0,0,0,0,0,0,0,0,0,0,0,0,0,0,0,0,0,1656,1949,0,0,0,0,0,0,0,0,0,0,0,0,0,2760,2548,0,0,0,0,0,0,0,0,0,0,0,0,0,0,0,0,0,0,0,0,0,0,0,2760,2548,2548,2548,2548,2548,2760,2760,2760,0,0,0,0,0,0,0,0,0,0,0,33119,2760,2760,2760,2760,2760,3011,0,0,0,0,0,0,0,0,0,0,0,2760,2548,2548,2548,2548,2548,2548,2548,2548,2548,2548,2548,2548,2548,2548,2548,2548,2548,2548,2760,2548,2760,2760,2760,2760,2760,2760,2760,2760,2760,2760,2548,2548,2548,2548,2548,2548,2548,2548,2548,2548,2548,2548,2548,2548,2548,2548,2548,2548,2548,2548,2548,2548,2548,2548,2548,2548,2548,2548,2548,2548,2548,2366,2548,2548,3011,2548,2366,2366,2366,2366,2366,2366,2366,2366,2366,2366,2366,2366,2366,2366,2366,2208,2208,2208,2208,2208,2208,2208,2208,2208,2208,2208,2208,2208,2208,2208,2208,2208,2208,2208,2208,2208,2208,2208,2208,2208,2208,2208,2366,2548,2548,3011,3011,3312,3312,2366,2366,2366,2366,2366,2366,2366,2366,2366,2366
676,676,676,676,690,690,690,690,690,690,690,690,690,690,690,690,690,705,705,705,705,705,705,705,705,705,705,705,705,720,720,720,720,720,720,720,720,720,720,720,720,720,720,720,720,720,720,736,736,736,736,736,736,736,736,736,736,736,736,736,736,736,736,736,736,753,753,753,753,753,753,753,771,771,771,771,771,771,771,771,771,771,771,771,771,771,771,771,771,771,771,771,771,789,789,789,789,789,789,789,789,789,789,789,789,789,789,789,789,789,789,789,789,808,808,808,808,808,808,808,808,808,808,808,808,808,808,808,808,808,828,828,828,828,828,828,828,828,828,828,828,828,828,850,850,850,850,850,850,850,850,850,850,850,850,850,850,850,850,872,872,872,872,872,872,872,872,872,872,872,872,872,872,872,872,872,896,896,896,896,896,896,896,896,896,896,896,896,920,920,920,920,920,920,920,920,920,920,947,947,947,947,947,947,947,947,947,947,947,947,947,947,947,947,975,975,975,975,975,975,975,975,975,975,975,975,975,1004,1004,1004,1004,1004,1004,1004,1004,1004,1004,1004,1004,1004,1035,1035,1035,1035,1035,1035,1035,1069,1143,1143,1143,1069,1069,1069,1069,1069,1069,1104,1104,1104,1104,1104,1104,1104,1104,1104,1104,1104,1104,1104,1104,1104,1104,1104,1104,1104,1104,1104,1143,1143,1143,1143,1143,1143,1143,1143,1143,1143,1143,1143,1183,1183,1183,1183,1183,1183,1183,1183,1183,1183,1183,1183,1183,1183,1183,1227,1227,1227,1227,1227,1227,1183,1183,850,828,828,828,828,828,828,828,828,828,828,850,850,850,850,850,1840,2366,0,0,0,0,2366,850,850,828,828,828,828,808,808,808,789,789,789,808,0,0,0,0,0,0,0,0,0,0,6624,6624,0,0,0,0,0,0,0,0,0,808,789,789,789,808,808,808,808,808,808,808,789,789,771,771,771,771,771,771,771,771,771,771,771,771,771,771,771,789,789,789,789,789,789,789,789,789,789,808,0,0,0,0,789,789,0,0,0,0,0,0,0,0,0,0,0,0,0,0,0,0,0,0,0,0,0,0,0,0,0,0,0,0,0,0,0,0,0,0,0,0,0,0,0,0,0,0,0,0,0,0,0,0,0,0,0,0,0,0,0,0,0,0,0,0,0,2760,2548,2548,2548,2548,2548,2760,2760,2760,2760,0,0,0,0,0,0,0,0,0,0,0,2760,2760,2760,2760,2760,2760,0,0,0,0,0,0,0,0,0,0,0,0,2760,2548,2548,2548,2548,2548,2548,2548,2548,2548,2548,2548,2548,2548,2548,2548,2548,2548,2548,2548,2760,2548,2548,2760,2760,2760,2760,2760,2760,2548,2548,2548,2548,2548,2548,2548,2548,2548,2548,2548,2548,2548,2548,2548,2548,2548,2548,2548,2548,2548,2548,2548,2548,2548,2548,2548,2548,2548,2548,2548,2548,2366,2548,2548,3011,2548,2548,2366,2366,2366,2366,2366,2366,2366,2366,2366,2366,2366,2366,2366,2208,2208,2208,2208,2208,2208,2208,2208,2208,2208,2208,2208,2208,2208,2208,2208,2208,2208,2208,2208,2208,2208,2208,2208,2208,2208,2208,2208,2366,2548,2548,3011,3011,3312,3312,2366,2366,2366,2366,2366,2366,2366,2366,2366,2366
676,676,676,676,690,690,690,690,690,690,690,690,690,690,690,690,690,705,705,705,705,705,705,705,705,720,720,720,720,720,720,720,720,720,720,720,720,720,720,720,720,720,720,720,720,720,736,736,736,736,736,736,736,736,736,736,736,736,736,736,736,736,736,736,736,753,753,753,753,753,753,753,753,753,753,753,753,771,771,771,771,771,771,771,771,771,771,771,771,771,771,771,771,771,789,789,789,789,789,789,789,789,789,789,789,789,789,789,789,789,789,789,808,808,808,808,808,808,808,808,808,808,808,808,808,808,808,808,828,828,828,828,828,828,828,828,828,828,828,828,828,828,828,850,850,850,850,850,850,850,850,850,850,850,850,850,850,850,872,872,872,872,872,872,872,872,872,872,872,872,872,872,872,872,872,872,896,896,896,896,896,896,896,896,896,896,896,896,896,896,920,920,920,920,920,920,920,920,947,947,947,947,947,947,947,947,947,947,947,947,947,947,975,975,975,975,975,975,975,975,975,975,975,975,975,975,975,975,1004,1004,1004,1004,1004,1004,1004,1004,1004,1004,1004,1004,1004,1004,1004,1004,1004,1035,1035,1069,1143,1143,1104,1069,1069,1069,1069,1069,1104,1104,1104,1104,1104,1104,1104,1104,1104,1104,1104,1104,1104,1104,1104,1104,1104,1104,1104,1104,1104,1143,1143,1143,1143,1143,1143,1143,1143,1143,1143,1143,1143,1143,1143,1183,1183,1183,1183,1183,1183,1183,1183,1183,1183,1183,1183,1183,1183,1227,1227,1227,1227,1227,1227,1227,1183,850,828,828,828,828,828,828,828,828,828,828,850,850,850,850,850,1840,2366,0,0,0,0,2208,850,850,828,828,828,828,808,808,789,789,789,789,808,0,0,0,0,0,0,0,0,0,0,6624,6624,0,0,0,0,0,0,0,0,0,0,808,808,808,808,808,808,808,808,808,808,808,808,771,771,771,771,771,771,771,771,771,771,771,771,771,771,771,789,789,789,789,789,789,789,789,789,789,808,0,0,0,808,789,789,808,0,0,0,0,0,0,0,0,0,0,0,0,0,0,0,0,0,0,0,0,0,0,0,0,0,0,0,0,0,0,0,0,0,0,0,0,0,0,0,0,0,0,0,0,0,0,0,0,0,0,0,0,0,0,0,0,0,0,0,0,0,2760,2548,2760,2760,2548,2760,2760,2760,2760,0,0,0,0,0,0,0,0,0,0,0,2760,2760,2760,2760,2760,0,0,2760,0,0,0,0,0,0,0,0,0,0,2760,2548,2548,2548,2548,2548,2548,2548,2548,2548,2548,2548,2548,2548,2548,2548,2548,2548,2548,2548,2548,2548,2548,2760,2760,2760,2760,2760,2760,2548,2548,2548,2548,2548,2548,2548,2548,2548,2548,2548,2548,2548,2548,2548,2548,2548,2548,2548,2548,2548,2548,2548,2548,2548,2548,2548,2548,2548,2548,2548,0,2366,2548,2548,3011,2548,2548,2366,2366,2366,2366,2366,2366,2366,2366,2366,2366,2366,2366,2366,2208,2208,2208,2208,2208,2208,2208,2208,2208,2208,2208,2208,2208,2208,2208,2208,2208,2208,2208,2208,2208,2208,2208,2208,2208,2208,2208,2208,2366,2548,2548,3011,3312,3312,3312,3312,2366,2366,2366,2366,2366,2366,2366,2366,2366
676,676,676,676,690,690,690,690,690,690,690,690,690,690,690,690,705,705,705,705,705,705,705,705,705,705,705,720,705,720,720,720,720,720,720,720,720,720,720,720,720,720,720,720,720,736,736,736,736,736,736,736,736,736,736,736,736,736,736,736,736,736,736,736,736,753,753,753,753,753,753,753,753,753,753,753,753,771,771,771,771,771,771,771,771,771,771,771,771,771,771,771,771,771,771,789,789,789,789,789,789,789,789,789,789,789,789,789,789,789,789,808,808,808,808,808,808,808,808,808,808,808,808,808,808,808,808,808,828,828,828,828,828,828,828,828,828,828,828,828,828,828,828,850,850,850,850,850,850,850,850,850,850,850,850,850,850,850,872,872,872,872,872,872,872,872,872,872,872,872,872,872,872,872,872,872,896,896,896,896,896,896,896,896,896,896,896,896,896,896,896,920,920,920,920,920,920,920,920,947,947,947,947,947,947,947,947,947,947,947,975,975,975,975,975,975,975,975,975,975,975,975,975,975,975,975,975,1004,1004,1004,1004,1004,1004,1004,1004,1004,1004,1004,1004,1004,1004,1004,1004,1004,1004,1004,1035,1104,1143,1143,1104,1069,1069,1104,1104,1104,1104,1104,0,0,0,0,0,1104,1104,1104,1104,1104,1104,1104,1104,1104,1104,1104,1143,1143,1143,1143,1143,1143,1143,1143,1143,1143,1143,1143,1143,1143,1143,1143,1143,1183,1183,1183,1183,1183,1183,1183,1183,1183,1183,1183,1183,1183,1183,1227,1227,1227,1227,1227,1227,1227,1183,850,828,828,828,828,828,828,828,828,828,828,850,850,850,850,850,2070,4140,0,0,0,0,2366,1949,850,828,828,828,808,808,789,789,789,789,789,789,0,0,0,0,0,0,0,0,0,0,0,6624,0,0,0,0,0,0,0,0,0,0,808,808,808,808,808,808,808,808,808,808,808,0,828,789,771,771,771,771,771,771,771,771,771,771,771,771,771,771,789,789,789,789,789,789,789,789,789,808,0,0,0,0,808,808,0,0,0,0,0,0,0,0,0,0,0,0,0,0,0,0,0,0,0,0,0,0,0,0,0,0,0,0,0,0,0,0,0,0,0,0,0,0,0,0,0,0,0,0,0,0,0,0,0,0,0,0,0,0,0,0,0,0,0,0,0,0,0,2760,2760,2760,2760,2760,2760,2760,2760,0,0,0,0,0,0,0,0,0,0,0,2760,2760,2760,2760,2760,2760,2760,2760,2760,4140,4140,0,0,0,0,0,0,0,3312,2548,2548,2548,2548,2548,2548,2548,2548,2548,2548,2548,2548,2548,2548,2548,2548,2548,2548,2548,2548,2548,2548,2760,2760,2760,2760,2760,2760,2548,2548,2548,2548,2548,2548,2548,2548,2548,2548,2548,2548,2548,2548,2548,2548,2548,2548,2548,2548,2548,2548,2548,2548,2548,2366,2548,2548,2548,2548,0,0,2366,2548,3011,3011,2548,2548,2366,2366,2366,2366,2366,2366,2366,2366,2366,2366,2208,2208,2208,2208,2208,2208,2208,2208,2208,2208,2208,2208,2208,2208,2208,2208,2208,2208,2208,2208,2208,2208,2208,2208,2208,2208,2208,2208,2208,2208,2208,2366,2548,2548,3011,3011,3312,3312,3312,2366,2366,2366,2366,2366,2366,2366,2366,2366
676,676,676,676,690,690,690,690,690,690,690,690,690,690,690,690,705,705,705,705,705,705,705,705,705,705,705,720,705,720,720,720,720,720,720,720,720,720,720,720,720,720,720,720,736,736,736,736,736,736,736,736,736,736,736,736,736,736,736,736,736,736,736,736,736,753,753,753,753,753,753,753,753,753,753,753,753,771,771,771,771,771,771,771,771,771,771,771,771,771,771,771,771,771,771,771,789,789,789,789,789,789,789,789,789,789,789,789,789,789,808,808,808,808,808,808,808,808,808,808,808,808,808,808,808,808,808,808,828,828,828,828,828,828,828,828,828,828,828,828,828,828,828,828,850,850,850,850,850,850,850,850,850,850,850,850,850,850,872,872,872,872,872,872,872,872,872,872,872,872,872,872,872,872,872,872,896,896,896,896,896,896,896,896,896,896,896,896,896,896,896,896,920,920,920,920,920,920,947,947,947,947,947,947,947,947,947,947,947,947,975,975,975,975,975,975,975,975,975,975,975,975,975,975,975,975,975,975,1004,1004,1004,1004,1004,1004,1004,1004,1004,1004,1004,1004,1004,1004,1004,975,975,975,1004,1104,1143,1143,1069,1069,1104,1104,1104,0,0,0,0,0,0,0,0,0,1143,1104,1104,1104,1143,1143,1143,1143,1143,1143,1143,1143,1143,1143,1143,1143,1143,1143,1143,1143,1143,1143,1143,1143,1143,1143,1143,1183,1183,1183,1183,1183,1183,1183,1183,1183,1183,1183,1183,1183,1183,1227,1227,1227,1227,1227,1227,1227,1227,850,828,828,828,828,828,828,828,828,828,828,850,850,850,850,850,2070,0,0,0,0,0,1949,850,828,828,828,828,808,808,789,789,789,789,789,789,0,0,0,0,0,0,0,0,0,0,0,6624,0,0,0,0,0,0,0,0,0,0,828,808,808,808,808,808,808,808,808,808,808,0,2760,2760,789,789,789,789,789,789,771,771,771,771,771,771,771,771,789,789,789,789,789,789,789,808,789,808,0,0,0,0,0,0,0,0,0,0,0,0,0,0,0,0,0,0,0,0,0,0,0,0,0,0,0,0,0,0,0,1949,1949,0,0,0,0,0,0,0,0,0,0,0,0,0,0,0,0,0,0,0,0,0,0,0,0,0,0,0,0,0,0,0,0,0,0,0,0,0,2760,2760,2760,2760,2760,2760,3680,0,0,0,0,0,0,0,0,0,0,0,2760,2760,2760,2760,2760,2760,2760,2760,0,0,0,0,0,0,0,0,0,0,0,2548,2548,2548,2548,2548,2548,2548,2548,2548,2548,2548,2548,2548,2548,2548,2548,2548,2548,2548,2548,2548,2548,2760,2760,2760,2760,2760,2548,2548,2548,2548,2548,2548,2548,2548,2548,2548,2548,2548,2548,2548,2548,2548,2548,2548,2366,2548,2548,2548,2548,2548,2548,2548,2366,2548,2548,2548,2548,0,0,2548,2548,3011,0,2548,2548,2366,2366,2366,2366,2366,2366,2366,2366,2366,2366,2208,2208,2208,2208,2208,2208,2208,2208,2208,2208,2208,2208,2208,2208,2208,2208,2208,2208,2208,2208,2208,2208,2208,2208,2208,2208,2208,2208,2208,2208,2208,2366,2548,2548,3011,3312,3312,3312,3312,2366,2366,2366,2366,2366,2366,2366,2366,2366
676,676,690,690,690,690,690,690,690,690,690,690,690,690,690,705,705,705,705,705,705,705,705,705,705,705,705,705,705,705,720,720,720,720,720,720,720,720,720,720,720,720,720,720,736,736,736,736,736,736,736,736,736,736,736,736,736,736,736,736,736,736,736,736,736,753,753,753,753,753,753,753,753,753,753,753,753,771,771,771,771,771,771,771,771,771,771,771,771,771,771,771,771,771,771,771,789,789,789,789,789,789,789,789,789,789,789,789,789,808,808,808,808,808,808,808,808,808,808,808,808,808,808,808,808,808,808,828,828,828,828,828,828,828,828,828,828,828,828,828,828,828,828,828,828,850,850,850,850,850,850,850,850,850,850,850,850,850,872,872,872,872,872,872,872,872,872,872,872,872,872,872,872,872,872,872,896,896,896,896,896,896,896,896,896,896,896,896,896,896,896,896,920,920,920,920,920,920,947,947,947,947,947,947,947,947,947,947,947,947,975,975,975,975,975,975,975,975,975,975,975,975,975,975,975,975,975,975,1004,1004,1004,1004,1004,1004,1004,1004,1004,1004,1004,1004,1004,1004,736,736,736,736,736,1035,1069,1069,1069,1069,0,0,0,0,0,0,0,0,0,0,0,0,0,1143,1143,1143,1143,1143,1143,1143,1143,1143,1143,1143,1143,1143,1143,1143,1143,1143,1143,1143,1143,1143,1143,1143,1143,1143,1143,1183,1183,1183,1183,1183,1183,1183,1183,1183,1183,1183,1183,1183,1183,1227,1227,1227,1227,1227,1227,1227,1227,850,828,828,828,828,828,828,828,828,828,828,850,850,850,850,850,0,0,0,0,0,2366,872,828,828,828,828,808,808,789,789,789,771,789,789,789,1440,0,0,0,0,0,2070,1744,0,0,0,6624,0,0,0,0,0,0,0,0,0,0,828,808,808,808,808,808,808,808,808,808,828,0,0,0,0,2366,789,789,789,771,771,771,771,771,771,771,771,771,789,789,789,789,789,789,808,808,789,808,0,0,0,0,0,0,0,0,0,0,0,0,0,0,0,0,0,0,0,0,0,0,0,0,0,0,0,0,0,0,1949,1949,1949,1949,0,0,0,0,0,0,0,0,0,0,0,0,0,0,0,0,0,0,0,0,0,0,0,0,0,0,0,0,0,0,0,0,0,0,0,0,0,3011,2760,2760,0,0,0,0,0,0,0,0,0,0,0,0,0,0,2760,2760,2760,2760,2760,2760,3011,0,0,0,0,0,0,0,0,0,0,0,0,2548,2548,2760,2760,2548,2760,2548,2548,2760,2760,2760,2760,2548,2548,2548,2548,2548,2548,2548,2760,2548,2548,2760,2760,2760,2760,2760,2548,2548,2548,2548,2548,2548,2548,2548,2548,2548,2548,2548,2548,2548,2548,2548,2548,2548,2366,2548,2548,2548,2548,2548,2548,2548,2366,2548,2548,2548,0,0,0,0,0,2548,2548,2366,2366,2366,2366,2366,2366,2366,2366,2548,2366,2366,2366,2208,2208,2208,2208,2208,2208,2208,2208,2208,2208,2208,2208,2208,2208,2208,2208,2208,2208,2208,2208,2208,2208,2208,2208,2208,2208,2208,2208,2208,2208,2208,2366,2366,2548,3011,3312,3680,3680,3312,3011,2366,2366,2366,2366,2366,2366,2366,2366
690,690,690,690,690,690,690,690,690,690,690,690,690,690,705,705,705,705,705,705,705,705,705,705,705,705,705,705,705,705,720,720,720,720,720,720,720,720,720,720,720,720,720,720,736,736,736,736,736,736,736,736,736,736,736,736,736,736,736,736,736,736,736,753,753,753,753,753,753,753,753,753,753,753,753,753,753,753,771,771,771,771,771,771,771,771,771,771,771,771,771,771,771,771,771,789,789,789,789,789,789,789,789,789,789,789,789,789,808,808,808,808,808,808,808,808,808,808,808,808,808,808,808,808,808,808,808,808,828,828,828,828,828,828,828,828,828,828,828,828,828,828,828,828,828,828,850,850,850,850,850,850,850,850,850,850,850,850,872,872,872,872,872,872,872,872,872,872,872,872,872,872,872,872,872,896,896,896,896,896,896,896,896,896,896,896,896,896,896,896,896,920,920,920,920,920,920,920,920,947,947,947,947,947,947,947,947,947,947,975,975,975,975,975,975,975,975,975,975,975,975,975,975,975,975,975,975,975,975,1004,1004,1004,1004,1004,1004,1035,1004,1004,1004,1004,736,736,736,736,736,736,736,736,1035,1035,0,0,0,0,0,0,0,0,0,0,0,0,0,0,0,0,0,1143,1143,1143,1143,1143,1143,1143,1143,1143,1143,1143,1143,1143,1143,1143,1143,1143,1143,1143,1143,1143,1143,1143,1143,1183,1183,1183,1183,1183,1183,1183,1183,1183,1183,1183,1183,1183,1183,1183,1183,1227,1227,1227,1227,1227,1183,850,828,828,828,828,828,828,828,828,828,828,850,850,850,850,850,0,0,0,0,0,1949,850,828,828,808,808,808,789,789,789,789,771,771,789,789,1143,0,0,0,0,0,0,0,0,0,0,6624,6624,6624,6624,0,0,0,0,0,0,0,1440,828,828,828,828,808,808,808,808,808,828,0,0,0,0,0,2366,0,2366,789,789,771,771,771,771,771,771,771,789,0,0,0,0,0,0,0,808,808,0,0,0,0,0,0,0,0,0,0,0,0,0,0,0,0,0,0,0,0,0,0,0,0,0,0,0,0,0,1949,1949,1949,1949,1274,1274,0,0,0,0,0,0,0,0,0,0,0,0,0,0,0,0,0,0,0,0,0,0,0,0,0,0,0,0,0,0,0,0,0,0,0,0,0,3011,3011,0,0,0,0,0,0,0,0,0,0,0,0,0,0,2760,2760,2760,2760,2760,3011,3011,0,0,0,0,0,0,0,0,0,0,0,0,0,0,2760,3011,2760,2760,2548,2548,2548,2760,2760,2760,2548,2548,2548,2548,2548,2548,2548,2760,2548,2548,2760,2760,2760,2760,2760,2548,2548,2548,2548,2548,2548,2548,2548,2548,2548,2548,2548,2548,2548,2548,2366,2548,2548,2366,2366,2548,2548,2366,2548,2366,2366,2366,2366,2366,2548,0,0,0,0,0,2548,2548,2366,2366,2366,2366,2366,2366,2366,2548,2548,2548,2548,2366,2208,2208,2208,2208,2208,2208,2208,2208,2208,2208,2208,2208,2208,2208,2208,2208,2208,2208,2208,2208,2208,2208,2208,2208,2208,2208,2208,2208,2208,2208,2208,2366,2366,2548,3011,3312,3680,3680,3680,3680,3011,2366,2366,2366,2366,2366,2366,2366
690,690,690,690,690,690,690,690,690,690,690,690,690,705,705,705,705,705,705,705,705,705,705,705,705,705,705,705,705,705,720,720,720,720,720,720,720,720,720,720,720,720,720,720,736,736,736,736,736,736,736,736,736,736,736,736,736,736,736,736,736,736,736,753,753,753,753,753,753,753,753,753,753,753,753,753,753,771,771,771,771,771,771,771,771,771,771,771,771,771,771,771,771,771,789,789,789,789,789,789,789,789,789,789,789,789,789,789,789,808,808,808,808,808,808,808,808,808,808,808,808,808,808,808,808,808,808,808,828,828,828,828,828,828,828,828,828,828,828,828,828,828,828,828,828,850,850,850,850,850,850,850,850,850,850,850,850,850,850,850,872,872,872,872,872,872,872,872,872,872,872,872,872,896,896,896,896,896,896,896,896,896,896,896,896,896,896,896,896,896,896,920,920,920,920,920,920,920,947,947,947,947,947,947,947,947,947,947,947,947,975,975,975,975,975,975,975,975,975,975,975,975,975,975,975,975,975,975,1004,1004,1004,1004,1004,1004,1004,1035,1004,1004,736,736,736,736,736,736,736,736,736,736,736,1744,0,0,0,0,0,0,0,0,0,0,0,0,0,0,0,0,1143,1143,1143,1143,1143,1143,1143,1143,1143,1143,1143,1143,1143,1143,1143,1143,1143,1143,1143,1143,1143,1143,1143,1143,1143,1183,1183,1183,1183,1183,1183,1183,1183,1183,1183,1183,1183,1183,1183,1183,1227,1227,1227,1227,1227,1227,1183,850,828,828,828,828,828,828,828,828,828,828,850,850,850,850,850,0,0,0,0,0,850,828,828,808,808,789,789,789,789,789,771,771,771,771,789,808,0,0,0,0,1744,1506,1506,0,0,0,0,6624,6624,6624,16560,0,0,0,0,0,0,1440,828,828,828,828,828,828,828,808,828,828,0,2760,0,0,2760,2366,0,2366,2208,2208,2208,771,771,771,771,771,771,872,0,0,0,0,0,0,0,808,808,808,0,0,0,0,0,0,0,0,0,0,0,0,0,0,0,0,0,0,0,0,0,0,0,0,0,0,0,1949,1949,1949,1949,1949,1656,1274,0,0,0,0,0,0,0,0,0,0,0,0,0,0,0,0,0,0,0,0,0,0,0,0,0,0,0,0,0,0,0,0,0,0,0,0,0,3011,3011,0,0,0,0,0,0,0,0,0,0,0,0,0,0,2760,2760,2760,2760,2760,2760,3011,0,0,0,0,0,0,0,0,0,0,0,0,0,0,0,0,3011,3011,2760,2760,2760,2760,2760,2760,2760,2760,2548,2548,2548,2548,2548,2760,2548,2548,2760,2760,2760,2760,2760,2548,2548,2548,2548,2548,2548,2548,2548,2548,2548,2548,2548,2548,2548,2548,2366,2548,2366,2366,2366,2548,2548,2366,2548,2366,2366,2366,2366,2366,2548,2548,2548,0,0,0,2548,2548,2366,2366,2366,2366,2366,2366,2366,2548,2548,2548,2366,2208,2208,2208,2208,2208,2208,2208,2208,2208,2208,2208,2208,2208,2208,2208,2208,2208,2208,2208,2208,2208,2208,2208,2208,2208,2208,2208,2208,2208,2208,2208,2208,2366,2366,2548,3011,3312,3680,3680,3680,3011,2366,2366,2366,2366,2366,2366,2366,2208
690,690,690,690,690,690,690,690,690,690,690,690,690,705,705,705,705,705,705,705,705,705,705,705,705,705,705,705,705,705,720,720,720,720,720,720,720,720,720,720,720,720,720,720,736,736,736,736,736,736,736,736,736,736,736,736,736,736,736,736,736,736,736,753,753,753,753,753,753,753,753,753,753,753,753,753,753,753,753,771,771,771,771,771,771,771,771,771,771,771,771,771,771,771,789,789,789,789,789,789,789,789,789,789,789,789,789,789,789,808,808,808,808,808,808,808,808,808,808,808,808,808,808,808,808,808,808,808,808,828,828,828,828,828,828,828,828,828,828,828,828,828,828,828,828,850,850,850,850,850,850,850,850,850,850,850,850,850,850,850,872,872,872,872,872,872,872,872,872,872,896,872,896,896,896,896,896,896,896,896,896,896,896,896,896,896,896,896,920,896,920,920,920,920,920,920,920,920,920,947,947,947,947,947,947,947,947,947,947,947,947,947,947,975,975,975,975,975,975,975,975,975,975,975,975,975,975,975,975,1004,1004,1004,1004,1004,1035,1035,1004,736,736,736,736,736,736,736,736,736,736,736,736,0,0,0,0,0,0,0,0,0,0,0,0,0,0,0,0,1143,1143,1143,1143,1143,1143,1143,1143,1143,1143,1143,1143,1143,1143,1143,1143,1143,1143,1143,1143,1143,1143,1143,1143,1143,1143,1183,1183,1183,1183,1183,1183,1183,1183,1183,1183,1183,1183,1183,1183,1227,1227,1227,1227,1227,1227,1227,1183,850,828,828,828,828,828,828,828,828,828,828,850,850,850,850,850,0,0,0,0,872,850,828,828,808,789,789,789,789,789,789,789,771,771,789,789,808,1143,0,0,0,0,0,0,0,0,0,0,6624,6624,6624,6624,0,0,0,0,0,33119,1440,828,828,828,828,828,828,828,828,828,828,2208,2208,2366,2366,2366,2366,2366,2366,2208,2208,2208,771,771,771,771,771,947,1380,0,0,0,0,0,0,0,872,1656,0,0,0,0,0,0,0,0,0,0,0,0,0,0,0,0,0,0,0,0,0,0,0,0,0,0,1949,1949,1949,1949,1949,1949,1840,1656,753,1744,0,0,0,0,0,0,0,0,0,0,0,0,0,0,0,0,0,0,0,0,0,0,0,0,0,0,0,0,0,0,0,0,0,0,2760,3011,2760,2760,3011,0,0,0,0,0,0,0,0,0,0,0,0,0,2760,2760,2760,2760,2760,3011,3011,0,0,0,0,0,0,0,0,0,0,0,0,0,0,0,0,3011,3011,3011,3011,2760,2760,2760,2760,2760,2760,2548,2548,2548,2548,2548,2760,2548,2548,2760,2760,2760,2760,2760,2548,2548,2548,2548,2548,2548,2548,2548,2548,2548,2548,2548,2548,2548,2548,2366,2548,2366,2366,2366,2548,2548,2366,2548,2366,2366,2366,2366,2366,2366,2548,2366,2366,2366,2366,2366,2366,2366,2366,2366,2366,2366,2366,2366,2548,2548,2548,2366,2208,2208,2208,2208,2208,2208,2208,2208,2208,2208,2208,2208,2208,2208,2208,2208,2208,2208,2208,2208,2208,2208,2208,2208,2208,2208,2208,2208,2208,2208,2208,2208,2366,2366,2548,3011,3680,3680,3680,3680,2366,2208,2208,2208,2208,2208,2208,2208,2208
690,690,690,690,690,690,690,690,690,690,690,690,705,705,705,705,705,705,705,705,705,705,705,705,705,705,705,705,705,720,720,720,720,720,720,720,720,720,720,720,720,720,720,720,736,736,736,736,736,736,736,736,736,736,736,736,736,736,736,736,736,736,736,736,753,753,753,753,753,753,753,753,753,753,753,753,753,753,771,771,771,771,771,771,771,771,771,771,771,771,771,771,771,771,789,789,789,789,789,789,789,789,789,789,789,789,789,789,789,808,808,808,808,808,808,808,808,808,808,808,808,808,808,808,808,808,808,808,808,828,828,828,828,828,828,828,828,828,828,828,828,828,828,828,828,850,850,850,850,850,850,850,850,850,850,850,850,850,850,850,872,872,872,872,872,872,872,872,872,872,872,872,872,896,896,896,896,896,896,896,896,896,896,896,896,896,896,896,920,920,920,920,920,920,920,920,920,920,920,947,947,947,947,947,947,947,947,947,947,947,947,947,947,975,975,975,975,975,975,975,975,975,975,975,975,975,975,975,975,1004,1004,1004,1004,1004,1004,1035,736,736,736,736,736,736,736,736,736,736,736,736,736,0,0,0,0,0,0,0,0,0,0,0,0,0,0,0,0,1143,1143,1143,1143,1143,1143,1143,1143,1143,1143,1143,1143,1143,1143,1143,1143,1143,1143,1143,1143,1143,1143,1143,1143,1143,1183,1183,1183,1183,1183,1183,1183,1183,1183,1183,1183,1183,1183,1183,1183,1227,1227,1227,1227,1227,1227,1227,1183,850,828,828,828,828,828,828,828,828,828,828,850,850,850,850,850,1840,0,0,0,872,850,828,808,789,789,789,789,789,789,789,771,771,771,771,789,808,1143,0,0,0,0,0,0,0,0,0,0,6624,6624,6624,6624,33119,0,0,0,0,33119,828,828,828,828,828,828,828,828,828,828,828,828,2208,2366,2366,2366,2366,2366,2366,2366,2366,2366,2208,2208,975,2208,2366,1380,1380,0,1578,1656,0,0,0,1656,808,808,808,0,0,0,0,0,0,0,0,0,0,0,0,0,0,0,0,0,0,0,0,0,0,0,0,0,1949,1949,1949,1949,1949,1949,1840,1744,1744,0,0,0,0,0,0,0,0,0,0,0,0,0,0,0,0,0,0,0,0,0,0,0,0,0,0,0,0,0,0,0,0,0,0,0,0,0,3011,3011,0,0,0,0,0,0,0,0,0,0,0,0,0,0,2760,2760,2760,2760,2760,3011,0,0,0,0,0,0,0,0,0,0,0,0,0,0,0,0,0,3011,3011,3011,3011,2760,2760,2760,2760,2760,2760,2548,2548,2760,2760,2548,2760,2548,2548,2548,2760,2760,2760,2760,2548,2548,2548,2548,2548,2548,2548,2548,2548,2548,2548,2548,2548,2548,2548,2366,2548,2366,2366,2366,2366,2548,2366,2366,2366,2366,2366,2366,2366,2366,2366,2366,2366,2366,2366,2366,2366,2366,2366,2366,2366,2366,2366,2366,2548,2548,2548,2366,2208,2208,2208,2208,2208,2208,2208,2208,2208,2208,2208,2208,2208,2208,2208,2208,2208,2208,2208,2208,2208,2208,2208,2208,2208,2208,2208,2208,2208,2208,2208,2208,2366,2366,2548,3011,3680,3680,3680,3680,2366,2208,2208,2208,2208,2208,2208,2208,2208
690,690,690,690,690,690,690,690,690,690,690,690,690,705,705,705,705,705,705,705,705,705,705,705,705,705,705,705,720,720,720,720,720,720,720,720,720,720,720,720,720,720,720,720,736,736,736,736,736,736,736,736,736,736,736,736,736,736,736,736,736,736,736,753,753,753,753,753,753,753,753,753,753,753,753,753,753,771,771,771,771,771,771,771,771,771,771,771,771,771,771,771,771,771,789,789,789,789,789,789,789,789,789,789,789,789,789,789,789,789,808,808,808,808,808,808,808,808,808,808,808,808,808,808,808,808,808,808,808,808,828,828,828,828,828,828,828,828,828,828,828,828,828,828,828,850,850,850,850,850,850,850,850,850,850,850,850,850,850,850,872,872,872,872,872,872,872,872,872,872,896,872,872,896,896,896,896,896,896,896,896,896,896,896,896,896,920,920,920,920,920,920,920,920,920,920,920,920,920,947,947,947,947,947,947,947,947,947,947,947,947,947,947,975,975,975,975,975,975,975,975,975,975,975,975,975,975,975,975,1004,1004,1004,1004,1004,1004,736,736,736,736,736,736,736,736,736,736,736,736,736,0,0,0,0,0,0,0,0,0,0,0,0,0,0,0,0,0,1143,1143,1143,1143,1143,1143,1143,1143,1143,1143,1143,1143,1143,1143,1143,1143,1143,1143,1143,1143,1143,1143,1143,1143,1143,1183,1183,1183,1183,1183,1183,1183,1183,1183,1183,1183,1183,1183,1183,1183,1227,1227,1227,1227,1227,1227,1227,1183,850,828,828,828,828,828,828,828,828,828,828,850,850,850,850,850,1506,1840,0,0,872,850,808,789,789,789,789,789,789,789,789,771,771,771,771,789,1143,0,0,0,0,0,0,0,0,0,0,0,6624,6624,6624,6624,33119,0,0,0,0,33119,828,828,828,828,828,828,828,828,828,828,828,828,2208,2366,2366,2366,2366,2366,2366,2366,0,0,2366,0,0,0,0,0,0,0,0,1578,0,1656,0,1656,1578,1656,1840,1840,0,0,1949,0,0,0,0,0,0,0,0,0,0,0,0,0,0,0,0,1949,1949,1949,1949,1949,1949,1949,1949,1949,1949,1949,1949,1949,0,0,0,0,0,0,0,0,0,0,0,0,0,0,0,0,0,0,0,0,0,0,0,0,0,0,0,0,0,0,0,0,0,0,0,0,0,0,3011,0,0,0,0,0,0,0,0,0,0,0,0,0,0,0,2760,2760,2760,2760,2760,3011,3011,0,0,0,0,0,0,0,0,0,0,0,0,0,0,0,0,3011,3011,2760,2548,2760,0,0,2760,2760,2760,2548,2548,2548,2548,2548,2548,2548,2548,2548,2760,2548,2548,2760,2548,2548,2548,2548,2548,2548,2548,2548,2548,2548,2548,2548,2548,2548,2548,2366,2548,2366,2366,2366,2548,2548,2548,2548,2366,2366,2366,2366,2366,2366,2366,2366,2366,2366,2366,2366,2366,2366,2366,2366,2366,2366,2366,2366,2548,2548,2548,2366,2208,2208,2208,2208,2208,2208,2208,2208,2208,2208,2208,2208,2208,2208,2208,2208,2208,2208,2208,2208,2208,2208,2208,2208,2208,2208,2208,2208,2208,2208,2208,2208,2366,2548,2548,3011,3680,3680,3680,3680,3680,2208,2208,2208,2208,2208,2208,2208,2208
676,676,690,690,690,690,690,690,690,690,690,690,690,690,705,705,705,705,705,705,705,705,705,705,705,705,705,720,720,720,720,720,720,720,720,720,720,720,720,720,720,720,720,720,736,736,736,736,736,736,736,736,736,736,736,736,736,736,736,736,736,736,736,753,753,753,753,753,753,753,753,753,753,753,753,753,771,771,771,771,771,771,771,771,771,771,771,771,771,771,771,771,771,771,771,789,789,789,789,789,789,789,789,789,789,789,789,789,789,789,789,808,808,808,808,808,808,808,808,808,808,808,808,808,808,808,808,808,808,808,828,828,828,828,828,828,828,828,828,828,828,828,828,828,850,850,850,850,850,850,850,850,850,850,850,850,850,850,850,872,872,872,872,872,872,872,872,872,872,872,896,872,896,896,896,896,896,896,896,896,896,896,896,896,896,896,896,920,920,920,920,920,920,920,920,920,920,920,920,947,947,947,947,947,947,947,947,947,947,947,947,947,947,975,975,975,975,975,975,975,975,975,975,975,975,975,975,975,975,1004,1004,1004,1035,1035,1004,736,736,736,736,736,736,736,736,736,736,736,736,736,0,0,0,0,0,0,0,0,0,0,0,0,0,0,0,0,1143,1104,1104,1104,1104,1104,1143,1143,1143,1143,1143,1143,1143,1143,1143,1143,1143,1143,1143,1143,1143,1143,1143,1143,1143,1143,1143,1183,1183,1183,1183,1183,1183,1183,1183,1183,1183,1183,1183,1183,1183,1227,1227,1227,1227,1227,1227,1227,850,828,828,828,828,828,828,828,828,828,828,828,850,850,850,850,850,872,1440,0,1506,850,828,808,789,789,789,789,789,789,789,771,771,771,771,771,789,2070,0,0,0,0,0,0,0,0,0,0,0,6624,6624,6624,6624,33119,0,0,0,33119,33119,828,828,828,828,828,828,828,828,828,828,828,828,850,2208,2366,2366,2366,2366,2366,2366,2366,2366,2366,0,0,0,0,0,0,0,1578,1578,1578,1656,1656,1656,1578,1656,1744,1840,1840,1949,1949,1949,1949,1949,0,0,0,0,0,0,0,0,0,0,1949,1949,1949,1949,1949,1949,1949,1949,1949,1949,1949,1949,1949,1949,1949,1949,0,0,0,0,0,0,0,0,0,0,0,0,0,0,0,0,0,0,0,0,0,0,0,0,0,0,0,0,0,0,0,0,0,0,0,0,0,0,0,0,0,0,0,0,0,0,0,0,0,0,0,0,0,0,2760,2760,2760,2760,2760,3011,3011,3011,3011,3011,3011,2760,2760,0,0,0,0,0,0,0,0,0,3011,2760,2760,2760,2548,2548,2760,2760,2760,2760,2760,2548,2548,2760,2760,2548,2548,2548,2548,2548,2760,2548,2548,2548,2548,2548,2548,2548,2548,2548,2548,2548,2548,2548,2548,2548,2548,2548,2548,2366,2548,2366,2366,2366,2548,2548,2548,2548,2366,2366,2366,2366,2366,2548,2366,2366,2366,2366,2366,2366,2366,2366,2366,2366,2366,2366,2366,2366,2548,2548,2548,2366,2208,2208,2208,2208,2208,2208,2208,2208,2208,2208,2208,2208,2208,2208,2208,2208,2208,2208,2208,2208,2208,2208,2208,2208,2208,2208,2208,2208,2208,2208,2208,2208,2366,2548,2548,2760,3680,3680,3680,3680,2208,2208,2208,2208,2208,2208,2208,2208,2208
676,676,690,690,690,690,690,690,690,690,690,690,690,690,705,705,705,705,705,705,705,705,705,705,705,705,720,720,720,720,720,720,720,720,720,720,720,720,720,720,736,720,736,736,736,736,736,736,736,736,736,736,736,736,736,736,736,736,736,736,736,736,736,753,753,753,753,753,753,753,753,753,753,753,753,753,771,771,771,771,771,771,771,771,771,771,771,771,771,771,771,771,771,771,771,771,771,789,789,789,789,789,789,789,789,789,789,789,789,789,789,789,808,808,808,808,808,808,808,808,808,808,808,808,808,808,808,808,808,828,828,828,828,828,828,828,828,828,828,828,828,828,828,828,828,850,850,850,850,850,850,850,850,850,850,850,850,850,872,872,872,872,872,872,872,872,872,872,872,872,872,872,872,896,896,896,896,896,896,896,896,896,896,896,896,896,920,920,920,920,920,920,920,920,920,920,920,920,920,947,947,947,947,947,947,947,947,947,947,947,947,947,975,975,975,975,975,975,975,975,975,975,975,975,975,975,975,975,975,975,1004,1035,0,1035,736,736,736,736,736,736,736,736,736,736,736,736,736,0,0,0,0,0,0,0,0,0,0,0,0,0,0,0,0,0,0,1143,1143,1143,1143,1143,1143,1143,1143,1143,1143,1143,1143,1143,1143,1143,1143,1143,1143,1143,1143,1143,1143,1143,1143,1143,1183,1183,1183,1183,1183,1183,1183,1183,1183,1183,1183,1183,1183,1183,1183,1183,1227,1227,1227,1227,1227,1227,850,828,828,828,828,828,828,828,828,828,828,828,850,850,850,850,850,850,872,1506,872,828,828,808,789,789,789,789,789,789,789,771,771,771,771,771,789,2070,2070,0,0,0,0,0,0,0,0,0,0,6624,6624,6624,16560,33119,0,0,0,0,0,828,828,828,828,828,828,828,828,828,828,828,828,828,2366,2366,2366,2366,2548,2548,2548,0,0,0,0,0,0,0,0,0,0,1578,1578,1578,1578,1656,1656,1656,0,1840,1744,1840,1840,1840,1840,1840,1840,1949,0,0,0,0,0,0,0,0,0,1949,1949,1949,1949,1949,1949,1840,1949,1949,1949,1949,1949,1949,1949,1949,1949,0,0,0,0,0,0,0,0,0,0,0,0,0,0,0,0,0,0,0,0,0,0,0,0,0,0,0,0,0,0,0,0,0,0,2208,0,0,0,0,0,0,0,0,0,0,0,0,0,0,0,0,0,0,0,2760,2760,2760,2760,2760,3011,3011,3011,3011,2548,2548,2548,2548,0,0,0,0,0,0,0,0,0,3011,2760,2760,2760,2548,2548,2760,2760,2548,2548,2548,2548,2548,2760,2760,2548,2760,2548,2548,2548,2760,2760,2548,2548,2548,2548,2548,2548,2548,2548,2548,2548,2548,2548,2548,2548,2548,2548,2548,2366,2548,2366,2366,2366,2548,2548,2548,2548,2366,2366,2366,2366,2366,2366,2366,2366,2366,2366,2366,2366,2366,2366,2366,2366,2366,2366,2366,2366,2366,2548,2366,2366,2366,2366,2366,2366,2208,2208,2208,2208,2208,2208,2208,2208,2208,2208,2208,2208,2208,2208,2208,2208,2208,2208,2208,2208,2208,2208,2208,2208,2208,2208,2208,2208,2366,2548,2548,2760,3680,3680,3680,3680,2366,2208,2208,2208,2208,2208,2208,2208,2208
676,676,676,690,690,690,690,690,690,690,690,690,690,690,705,705,705,705,705,705,705,705,705,705,705,705,720,720,720,720,720,720,720,720,720,720,720,720,720,720,736,720,736,736,736,736,736,736,736,736,736,736,736,736,736,736,736,736,736,736,736,736,736,753,753,753,753,753,753,753,753,753,753,753,753,753,771,771,771,771,771,771,771,771,771,771,771,771,771,771,771,771,771,771,771,771,771,789,789,789,789,789,789,789,789,789,789,789,789,789,789,789,808,808,808,808,808,808,808,808,808,808,808,808,808,808,808,808,808,828,828,828,828,828,828,828,828,828,828,828,828,828,828,828,828,850,850,850,850,850,850,850,850,850,850,850,850,850,872,872,872,872,872,872,872,872,872,872,872,872,872,872,872,896,896,896,896,896,896,896,896,896,896,896,896,896,920,920,920,920,920,920,920,920,920,920,920,920,947,947,947,947,947,947,947,947,947,947,947,947,947,947,975,975,975,975,975,975,975,975,975,975,975,975,975,975,975,975,975,753,753,753,828,828,736,736,736,736,736,736,736,736,736,736,736,736,736,0,0,0,0,0,0,0,0,0,0,0,0,0,0,0,0,0,0,1143,1143,1143,1143,1143,1143,1143,1143,1143,1143,1143,1143,1143,1143,1143,1143,1143,1143,1143,1143,1143,1143,1143,1143,1143,1183,1183,1183,1183,1183,1183,1183,1183,1183,1183,1183,1183,1183,1183,1183,1183,1183,1227,1227,1227,1227,1227,850,828,828,828,828,828,828,828,828,828,828,850,850,850,850,850,850,850,872,872,828,828,828,808,789,789,789,789,789,771,771,771,771,771,771,771,789,2070,2070,0,0,0,0,0,0,0,0,0,0,6624,6624,6624,16560,33119,0,0,0,0,0,828,828,808,828,828,828,828,828,828,828,828,828,850,2366,2548,2548,0,0,0,0,0,0,0,0,0,0,0,0,0,0,1578,1578,1578,1578,1578,1578,1656,0,1840,1840,1840,1840,1840,1840,1840,1840,1949,0,0,0,0,0,0,0,0,1840,1840,1840,1949,2208,1949,1949,1949,0,1949,1949,1949,1949,1949,1949,1949,2070,0,0,0,0,0,0,0,0,0,0,0,0,0,0,0,0,0,0,0,0,0,0,0,0,0,0,0,0,0,0,0,0,0,0,0,0,0,0,0,0,0,0,0,0,0,0,0,0,0,0,0,0,0,0,2760,2760,2760,2760,2760,2760,2760,2760,2760,2548,2548,2548,2548,2760,3011,0,0,0,0,0,0,0,3011,2760,2760,2760,2548,2548,0,2760,2548,2548,2548,2548,2548,2760,2760,2548,2760,2548,2548,2760,2760,2760,2548,2548,2548,2548,2548,2548,2548,2548,2548,2548,2548,2548,2548,2548,2548,2548,2548,2366,2548,2366,2366,2366,2366,2548,2548,2548,2366,2366,2366,2366,2366,2366,2366,2366,2366,2366,2366,2366,2366,2366,2366,2366,2366,2366,2366,2366,2366,2548,2366,2366,2366,2366,2366,2366,2366,2208,2208,2208,2208,2208,2366,2208,2208,2208,2208,2208,2208,2208,2208,2208,2208,2208,2208,2208,2208,2208,2208,2208,2208,2208,2208,2208,2366,2548,2548,2760,3011,3011,3011,2366,2366,2366,2366,2366,2366,2366,2366,2366,2366
676,676,676,690,690,690,690,690,690,690,690,690,690,690,705,705,705,705,705,705,705,705,705,705,705,705,720,720,720,720,720,720,720,720,720,720,720,720,720,720,736,736,736,736,736,736,736,736,736,736,736,736,736,736,736,736,736,736,736,736,736,736,753,753,753,753,753,753,753,753,753,753,753,753,753,753,771,771,771,771,771,771,771,771,771,771,771,771,771,771,771,771,771,771,771,771,771,789,789,789,789,789,789,789,789,789,789,789,789,789,789,789,808,808,808,808,808,808,808,808,808,808,808,808,808,808,808,808,808,828,828,828,828,828,828,828,828,828,828,828,828,828,828,828,828,850,850,850,850,850,850,850,850,850,850,850,850,850,872,872,872,872,872,872,872,872,872,872,872,872,872,872,896,896,896,896,896,896,896,896,896,896,896,896,896,920,920,920,920,920,920,920,920,920,920,920,920,920,947,947,947,947,947,947,947,947,947,947,947,947,947,947,975,975,975,975,975,975,975,975,975,975,975,975,975,975,975,975,975,975,975,753,753,736,736,736,736,736,736,736,736,736,736,753,0,0,0,0,0,0,0,0,0,0,0,0,0,0,0,0,0,0,0,0,0,1143,1143,1143,1143,1143,1143,1143,1143,1143,1143,1143,1143,1143,1143,1143,1143,1143,1143,1143,1143,1143,1143,1143,1143,1143,1183,1183,1183,1183,1183,1183,1183,1183,1183,1183,1183,1183,1183,1183,1183,1183,1183,1227,1227,1227,1227,1227,850,828,828,828,828,828,828,828,828,828,828,850,850,850,850,850,850,850,850,850,828,828,828,808,789,789,789,771,771,771,771,771,771,771,771,771,1949,1949,2070,2070,2070,0,0,0,0,0,0,0,0,6624,6624,6624,16560,33119,0,0,0,0,0,828,828,808,828,828,828,828,828,828,828,828,828,828,2548,3011,0,0,0,0,0,0,0,0,0,0,0,0,0,0,1506,1506,1578,1578,1578,1578,1578,0,0,0,1840,1840,1840,1840,1840,1840,1840,1840,0,0,0,0,0,0,0,1840,1840,1840,1840,1840,2208,1840,0,0,0,0,0,1949,1949,1949,1949,1949,2070,2070,0,0,0,0,0,0,2070,2760,0,0,0,0,0,0,0,0,0,0,0,0,0,0,0,0,0,0,0,0,0,0,0,0,0,0,0,0,0,0,0,0,0,0,0,0,0,0,0,0,0,0,0,0,0,3011,2760,2760,2760,2760,2760,2760,2760,2760,2548,2548,2548,2548,2548,3011,0,0,0,0,0,0,0,3011,2760,2760,2760,2548,2548,0,0,2548,2548,2548,2548,2548,2760,2760,2548,2760,2548,2548,2760,2760,2760,2548,2548,2548,2548,2548,2548,2548,2548,2548,2548,2548,2548,2548,2548,2548,2548,2548,2366,2548,2366,2366,2366,2366,2366,2366,2548,2366,2366,2366,2366,2366,2366,2366,2366,2366,2366,2366,2366,2366,2366,2366,2366,2366,2366,2366,2366,2366,2548,2366,2366,2366,2366,2366,2366,2366,2366,2208,2208,2208,2208,2366,2366,2366,2208,2208,2208,2208,2208,2208,2208,2208,2208,2208,2208,2208,2208,2208,2208,2208,2208,2208,2208,2366,2548,2548,2760,3011,3011,3011,2366,2366,2366,2366,2366,2366,2366,2366,2366,2366
676,676,676,690,690,690,690,690,690,690,690,690,690,690,705,705,705,705,705,705,705,705,705,705,705,705,720,720,720,720,720,720,720,720,720,720,720,720,720,720,736,736,736,736,736,736,736,736,736,736,736,736,736,736,736,736,736,736,736,736,736,736,736,753,753,753,753,753,753,753,753,753,753,753,753,753,771,771,771,771,771,771,771,771,771,771,771,771,771,771,771,771,771,771,771,771,771,789,789,789,789,789,789,789,789,789,789,789,789,789,789,789,789,808,808,808,808,808,808,808,808,808,808,808,808,808,808,808,808,828,828,828,828,828,828,828,828,828,828,828,828,828,828,828,850,850,850,850,850,850,850,850,850,850,850,850,850,850,872,872,872,872,872,872,872,872,872,872,872,872,872,872,896,896,896,896,896,896,896,896,896,896,896,896,896,920,920,920,920,920,920,920,920,920,920,920,920,947,947,947,947,947,947,947,947,947,947,947,947,947,947,975,975,975,975,975,975,975,975,975,975,975,975,975,975,975,975,975,975,975,828,753,753,736,736,736,736,736,736,736,736,736,753,753,753,0,0,0,0,0,0,0,0,0,0,0,0,0,0,0,0,0,0,0,1143,1104,1104,1104,1104,1143,1143,1143,1143,1143,1143,1143,1143,1143,1143,1143,1143,1143,1143,1143,1143,1143,1143,1143,1143,1143,1183,1183,1183,1183,1183,1183,1183,1183,1183,1183,1183,1183,1183,1183,1183,1183,1183,1227,1227,1227,1227,1227,850,828,828,828,828,828,828,828,828,828,828,850,850,850,850,850,850,850,850,850,828,828,1949,1949,808,789,771,771,771,771,771,771,771,771,771,771,1949,1949,2070,2070,2070,2070,0,0,0,0,0,0,0,6624,6624,6624,16560,33119,0,0,0,0,0,828,828,828,828,828,828,828,828,828,828,828,828,828,2366,2760,3011,0,0,0,0,0,4140,4140,0,0,0,0,0,0,1506,1506,1578,1578,1578,1578,1578,0,0,0,1840,1840,1840,1840,1840,1840,1840,1840,0,0,0,0,0,0,0,0,2208,1840,1949,2208,0,0,0,0,0,0,0,1949,1949,1949,1949,1949,2070,2070,2070,0,0,0,0,0,2760,0,0,0,0,0,0,0,0,0,0,0,0,0,0,0,0,0,0,0,0,0,0,0,0,0,0,0,0,0,0,0,0,0,0,0,0,0,0,0,0,0,0,0,0,0,0,3011,2760,3011,3011,2760,3011,2760,2760,2760,2548,2548,2760,2760,2760,3011,0,0,0,0,0,0,0,3011,2760,2760,3011,3011,0,0,0,2548,2548,2548,2548,2548,2760,2760,2548,2760,2760,2548,2760,0,0,2760,2760,2548,2548,2548,2548,2548,2548,2548,2548,2548,2548,2548,2548,2548,2548,2548,2548,2548,2548,2366,2366,2366,2366,2366,2548,2366,2366,2366,2366,2366,2366,2366,2366,2366,2366,2366,2366,2366,2366,2366,2366,2366,2366,2366,2366,2366,2548,2366,2366,2366,2366,2366,2366,2366,2366,2366,2208,2366,2366,2366,2366,2366,2208,2208,2208,2208,2208,2208,2208,2208,2208,2208,2208,2208,2208,2208,2208,2208,2208,2208,2208,2366,2548,2548,2760,2760,2760,2366,2366,2366,2366,2366,2366,2366,2366,2366,2366,2366
676,676,676,676,690,690,690,690,690,690,690,690,690,690,705,705,705,705,705,705,705,705,705,705,705,705,720,720,720,720,720,720,720,720,720,720,720,720,720,720,736,720,736,736,736,736,736,736,736,736,736,736,736,736,736,736,736,736,736,736,736,736,736,753,753,753,753,753,753,753,753,753,753,753,753,753,753,753,753,771,771,771,771,771,771,771,771,771,771,771,771,771,771,771,771,771,771,789,789,789,789,789,789,789,789,789,789,789,789,789,789,789,789,808,808,808,808,808,808,808,808,808,808,808,808,808,808,808,808,828,828,828,828,828,828,828,828,828,828,828,828,828,828,828,828,850,850,850,850,850,850,850,850,850,850,850,850,850,872,872,872,872,872,872,872,872,872,872,872,872,872,872,896,896,896,896,896,896,896,896,896,896,896,896,896,920,920,920,920,920,920,920,920,920,920,920,920,947,947,947,947,947,947,947,947,947,947,947,947,947,947,975,975,975,975,975,975,975,975,975,975,975,975,975,975,975,975,1004,1004,975,975,753,736,736,736,736,736,736,736,736,736,753,753,753,753,1744,0,0,0,0,0,0,0,0,0,0,0,0,0,0,0,0,0,0,1143,1104,1104,1104,0,1104,0,1143,1143,1104,1143,1143,1143,1143,1143,1143,1143,1143,1143,1143,1143,1143,1143,1143,1143,1143,1183,1183,1183,1183,1183,1183,1183,1183,1183,1183,1183,1183,1183,1183,1183,1183,1183,1227,1227,1227,1227,1227,850,828,828,828,828,828,828,828,828,828,828,850,850,850,850,850,850,850,850,850,850,828,0,0,1949,771,771,771,771,771,771,771,771,753,753,771,1949,1949,1949,2070,2070,0,0,0,0,0,0,0,0,0,0,6624,16560,33119,0,0,0,0,0,828,828,828,828,828,828,828,828,828,828,828,828,828,2548,3011,4140,4140,3680,0,0,4140,4140,4140,4140,0,4140,4140,0,1274,1274,1506,1506,1578,1578,1578,1578,0,0,0,1840,1840,1840,1840,1840,1949,1949,0,0,0,0,0,0,0,0,0,0,2208,1949,2208,0,0,0,0,0,0,0,1949,1949,1949,1949,1949,1949,2070,2070,0,0,2208,2208,0,2070,0,0,0,0,0,0,0,0,0,0,0,0,0,0,0,0,0,0,0,0,0,0,0,0,0,0,0,0,0,0,0,0,0,0,0,0,0,0,0,0,0,0,0,0,0,0,3011,3011,3011,3011,3011,3011,2760,2760,3011,3011,2760,2760,2760,2760,3011,0,0,0,0,0,0,0,3011,2760,2760,3011,3011,3011,0,2760,2548,2548,2548,2548,2548,2760,2760,2548,2760,2760,2760,2760,0,0,2760,2760,2548,2548,2548,2548,2548,2548,2548,2548,2548,2548,2548,2548,2548,2548,2548,2548,2548,2548,2366,2366,2366,2366,2366,2366,2366,2366,2366,2366,2366,2366,2366,2366,2366,2366,2366,2366,2366,2366,2366,2366,2366,2366,2366,2366,2366,2366,2366,2366,2366,2366,2366,2366,2366,2366,2366,2208,2366,2366,2366,2366,2366,2208,2208,2208,2208,2208,2208,2208,2208,2208,2208,2208,2208,2208,2208,2208,2208,2208,2208,2208,2366,2548,2548,2760,2760,2760,2366,2366,2366,2366,2366,2366,2366,2366,2366,2366,2366
676,676,676,676,690,690,690,690,690,690,690,690,690,690,690,705,705,705,705,705,705,705,705,705,705,705,720,720,720,720,720,720,720,720,720,720,720,720,720,720,720,720,736,736,736,736,736,736,736,736,736,736,736,736,736,736,736,736,736,736,736,736,736,753,753,753,753,753,753,753,753,753,753,753,753,753,753,753,753,753,753,753,771,771,771,771,771,771,771,771,771,771,771,771,771,771,789,789,789,789,789,789,789,789,789,789,789,789,789,789,789,789,808,808,808,808,808,808,808,808,808,808,808,808,808,808,808,808,808,828,828,828,828,828,828,828,828,828,828,828,828,828,828,828,828,850,850,850,850,850,850,850,850,850,850,850,850,850,850,872,872,872,872,872,872,872,872,872,872,872,872,896,896,896,896,896,896,896,896,896,896,896,896,896,896,920,920,920,920,920,920,920,920,920,920,920,947,947,947,947,947,947,947,947,947,947,947,947,947,947,947,947,947,975,975,975,975,975,975,975,975,975,975,975,975,1004,1004,1004,1004,975,808,753,736,736,736,736,736,736,736,736,736,753,753,753,753,753,0,0,0,0,0,0,0,0,0,0,0,0,0,0,0,0,0,1143,1104,1104,1104,1104,1104,1104,1143,1143,1104,1104,1104,1104,1104,1143,1143,1143,1143,1143,1143,1143,1143,1143,1143,1143,1143,1143,1183,1183,1183,1183,1183,1183,1183,1183,1183,1183,1183,1183,1183,1183,1183,1183,1227,1227,1227,1227,1227,1227,850,828,828,828,828,828,828,828,828,828,828,850,850,850,850,850,850,850,850,850,850,828,1949,1949,771,771,771,771,771,771,771,771,753,753,753,753,1949,1949,1949,2070,2070,0,0,0,0,0,0,0,0,0,0,0,0,0,0,0,0,0,0,828,828,828,828,828,828,828,828,828,828,828,828,828,828,3011,0,0,4140,4140,4140,4140,4140,4140,4140,0,4140,4140,0,1274,1440,1506,1506,1506,1506,1578,1578,0,0,1840,1840,1840,1840,1949,1949,1949,0,0,0,0,0,0,0,0,0,0,0,2208,2208,2208,2208,0,0,0,0,0,0,1949,1949,1949,1949,1949,2070,2070,2070,0,0,0,0,0,0,0,0,0,0,0,0,0,0,0,0,0,0,0,0,0,0,0,0,0,0,0,0,0,0,0,0,0,0,0,0,0,0,0,0,0,0,0,0,0,0,0,0,0,0,0,3011,3011,3011,3011,3011,3011,3011,3011,2760,0,0,2760,2760,2760,2760,3011,3011,0,0,0,0,0,0,3011,2760,2760,3011,3011,3011,3011,3011,2760,2548,2548,2548,2548,2760,2760,2760,2760,2760,2760,0,0,0,2760,2760,2548,2548,2548,2548,2548,2548,2548,2548,2548,2548,2548,2548,2548,2548,2548,2548,2548,2548,2366,2366,2366,2366,2366,2548,2548,2366,2366,2366,2366,2366,2366,2366,2366,2366,2366,2366,2366,2366,2366,2366,2366,2366,2366,2366,2548,2548,2366,2366,2366,2366,2366,2366,2366,2366,2366,2208,2208,2366,2366,2366,2366,2208,2208,2208,2208,2208,2208,2208,2208,2208,2208,2208,2208,2208,2208,2208,2208,2208,2208,2208,2366,2548,2548,2760,2760,2760,2366,2366,2366,2366,2366,2366,2366,2366,2366,2366,2366
676,676,676,676,690,690,690,690,690,690,690,690,690,690,690,705,705,705,705,705,705,705,705,705,705,705,720,720,720,720,720,720,720,720,720,720,720,720,720,720,720,720,736,736,736,736,736,736,736,736,736,736,736,736,736,736,736,736,736,736,736,736,736,753,753,753,753,753,753,753,753,753,753,753,753,753,753,753,753,753,753,753,753,771,771,771,771,771,771,771,771,771,771,771,771,771,789,789,789,789,789,789,789,789,789,789,789,789,789,789,789,808,808,808,808,808,808,808,808,808,808,808,808,808,808,808,808,808,808,828,828,828,828,828,828,828,828,828,828,828,828,828,828,828,850,850,850,850,850,850,850,850,850,850,850,850,850,850,850,872,872,872,872,872,872,872,872,872,872,872,872,896,896,896,896,896,896,896,896,896,896,896,896,896,896,896,920,920,920,920,920,920,920,920,920,920,947,947,947,947,947,947,947,947,947,947,947,947,947,947,947,808,808,808,808,808,808,808,808,828,828,975,975,975,1004,0,0,0,1004,1004,975,753,736,736,736,736,736,736,736,736,753,753,753,753,753,0,0,0,0,0,0,0,0,0,0,0,0,0,0,0,0,0,1104,1104,1104,1104,1104,1104,1104,1104,1104,1104,1104,1104,1104,1104,1104,1104,1143,1143,1143,1143,1143,1143,1143,1143,1143,1143,1143,1143,1183,1183,1183,1183,1183,1183,1183,1183,1183,1183,1183,1183,1183,1183,1183,1183,1227,1227,1227,1227,1227,1227,850,828,828,828,828,828,828,828,828,828,828,850,850,850,850,850,850,850,850,850,789,789,789,789,771,771,771,771,771,771,771,753,753,753,753,753,1949,1949,2070,1949,2070,2070,2070,0,0,0,0,0,0,0,0,0,0,0,0,0,0,0,0,828,828,828,828,828,828,828,828,828,828,828,828,828,828,3011,4140,4140,4140,0,4140,0,4140,4140,4140,0,4140,1274,0,1274,1506,1506,1506,1578,1578,1578,1656,0,0,1840,1840,1840,1840,1949,1949,1949,0,0,0,0,0,0,0,0,0,0,0,2208,1949,2208,0,0,0,0,0,0,0,1949,1949,1949,1949,1949,2070,2070,0,0,0,0,0,0,0,0,0,0,0,0,0,0,0,0,0,0,0,0,0,0,0,0,0,0,0,0,0,0,0,0,0,0,0,0,0,0,0,0,0,0,0,0,0,0,0,0,0,0,0,0,3011,3011,3011,3011,3011,3011,3011,3011,2760,0,0,2760,2760,2760,2760,3011,3011,0,0,0,0,0,0,3011,2760,2760,3011,3011,2760,3011,3011,2760,2548,2548,2548,2548,2760,2760,2760,2760,0,2760,2760,0,0,2760,2760,2548,2548,2548,2548,2548,2548,2548,2548,2548,2548,2548,2548,2548,2548,2548,2548,2548,2548,2366,2366,2366,2366,2366,2548,2548,2366,2366,2366,2366,2366,1183,2366,2366,1183,2366,2366,2366,2366,2366,2366,2366,2366,2366,2366,2548,2548,2366,2366,2366,2366,2366,2366,2366,2366,2208,2208,2208,2208,2366,2366,2366,2208,2208,2208,2208,2208,2208,2208,2208,2208,2208,2208,2208,2208,2208,2208,2208,2208,2208,2208,2366,2548,2548,2760,2760,3011,2366,2366,2366,2366,2366,2366,2366,2366,2366,2366,2366
676,676,676,676,690,690,690,690,690,690,690,690,690,690,705,705,705,705,705,705,705,705,705,705,705,705,720,720,720,720,720,720,720,720,720,720,720,720,720,720,720,720,720,736,736,736,736,736,736,736,736,736,736,736,736,736,736,736,736,736,736,736,736,753,753,753,753,753,753,753,753,753,753,753,753,753,753,753,753,753,753,753,753,771,771,771,771,771,771,771,771,771,771,771,771,771,789,789,789,789,789,789,789,789,789,789,789,789,789,808,808,808,808,808,808,808,808,808,808,808,808,808,808,808,808,808,808,808,808,828,828,828,828,828,828,828,828,828,828,828,828,828,828,828,828,850,850,850,850,850,850,850,850,850,850,850,850,850,850,872,872,872,872,872,872,872,872,872,872,872,872,896,896,896,896,896,896,896,896,896,896,896,896,896,896,920,920,920,920,920,920,920,920,920,920,920,920,947,947,947,947,947,947,947,947,947,947,947,808,808,808,808,808,808,808,808,808,808,808,808,808,828,975,975,0,0,0,0,975,975,753,753,736,736,736,736,736,736,736,736,753,753,753,753,753,0,0,0,0,0,0,0,0,0,0,0,0,0,0,0,0,0,1104,1104,1104,1104,1104,1104,1104,1104,1104,1104,1104,1104,1104,1104,1104,1143,1143,1143,1143,1143,1143,1143,1143,1143,1143,1143,1143,1183,1183,1183,1183,1183,1183,1183,1183,1183,1183,1183,1183,1183,1183,1183,1183,1227,1227,1227,1227,1227,1227,1227,850,850,828,828,828,828,828,828,828,828,828,850,850,850,850,1035,850,850,850,789,789,789,789,789,771,771,771,771,771,753,753,753,753,753,753,753,1949,2070,2070,2070,2070,0,2070,0,0,0,0,0,0,0,0,0,0,0,0,0,0,0,0,1325,828,828,828,828,828,808,828,828,828,828,828,828,828,3011,4140,4140,0,0,4140,0,4140,4140,4140,0,4140,0,0,0,0,0,1578,1578,1578,0,0,0,0,1744,1840,1949,1949,1949,1949,1949,1949,0,0,0,0,0,0,0,0,0,0,2208,1949,2208,0,0,0,0,0,0,2366,1949,1949,1949,1949,1949,1949,0,0,0,0,0,0,0,0,0,0,0,0,0,0,0,0,0,0,0,0,0,0,0,0,0,11040,11040,0,0,0,0,0,0,0,0,0,0,0,0,0,0,0,0,0,0,0,0,0,0,0,0,0,0,3011,3011,2760,3011,3011,3011,3011,2760,2760,0,0,3011,0,0,2760,3011,3011,3011,3011,0,0,0,0,3011,2760,2760,2760,2760,2760,2760,2760,2760,2548,2548,2760,2760,2760,2760,2760,2760,2760,2760,2760,2760,0,2760,2760,2548,2548,2548,2548,2548,2548,2366,2366,2548,2548,2548,2548,2548,2548,2548,2548,2548,2548,2366,2366,2366,2366,2366,2548,2548,2366,2366,2366,2366,1183,1183,2366,2366,1183,2366,2548,2366,2366,2366,2366,2366,2366,2366,2366,2548,2548,2366,2366,2366,2366,2366,2366,2366,2366,2208,2208,2208,2208,2366,2366,2366,2208,2208,2208,2208,2208,2208,2208,2208,2208,2208,2208,2208,2208,2208,2208,2208,2208,2208,2208,2366,2548,2548,2760,2760,3011,2366,2366,2366,2366,2366,2366,2366,2366,2366,2366,2366
676,676,676,676,690,690,690,690,690,690,690,690,690,690,705,705,705,705,705,705,705,705,705,705,705,705,720,720,720,720,720,720,720,720,720,720,720,720,720,720,720,720,720,736,736,736,736,736,736,736,736,736,736,736,736,736,736,736,736,736,736,736,736,753,753,753,753,753,753,753,753,753,753,753,753,753,753,753,753,753,753,753,753,771,771,771,771,771,771,771,771,771,771,771,771,771,789,789,789,789,789,789,789,789,789,789,789,789,789,808,808,808,808,808,808,808,808,808,808,808,808,808,808,808,808,808,808,808,808,828,828,828,828,828,828,828,828,828,828,828,828,828,828,828,828,828,850,850,850,850,850,850,850,850,850,850,850,850,850,872,872,872,872,872,872,872,872,872,872,872,896,896,896,896,896,896,896,896,896,896,896,896,896,896,896,920,920,920,920,920,920,920,920,920,920,920,920,947,947,947,947,947,947,828,828,828,828,808,808,808,808,808,808,808,808,808,808,808,808,808,808,808,808,808,0,0,0,0,789,789,753,753,736,736,736,736,736,736,736,753,753,753,753,753,753,0,0,0,0,0,0,0,0,0,0,771,0,720,720,0,0,1104,1104,1104,1104,1104,1104,1104,1104,1104,0,1143,1104,1104,1104,1104,1104,1143,1143,1143,1143,1143,1143,1143,1143,1183,1183,1183,1183,1183,1183,1183,1183,1183,1183,1183,1183,1183,1183,1183,1183,1183,1183,1183,1183,1227,1227,1227,1227,1227,1227,1227,1227,850,828,828,828,828,828,828,828,828,828,850,850,850,1035,1035,1035,1035,0,808,789,789,789,789,771,771,771,771,753,753,753,753,753,753,753,753,1949,2070,0,1949,1949,0,1656,1744,0,0,0,0,0,0,0,0,0,33119,0,0,33119,0,3680,1325,828,828,828,828,808,808,828,828,828,828,828,828,828,828,0,0,0,0,0,0,0,0,0,0,0,0,0,0,0,0,0,0,0,0,0,0,0,1840,1840,1949,1949,1949,1949,1949,1949,0,0,0,0,0,0,0,0,0,0,2208,1949,0,0,0,0,0,0,0,2366,1949,1949,1949,1949,1949,2070,0,0,0,0,0,0,0,0,0,0,0,0,0,0,0,0,0,0,0,0,0,0,0,0,0,11040,11040,0,0,0,0,0,0,0,0,0,0,0,0,0,0,0,0,0,0,0,0,0,0,0,0,0,0,3011,3011,3011,3011,3011,3011,3011,3011,0,0,0,0,0,0,3011,3011,3011,3011,3011,0,0,0,0,3011,2760,2760,2760,2760,2760,2760,2760,2548,2548,2548,2760,2760,2760,2760,2760,2760,2760,2548,2760,2760,2760,2548,2760,2548,2548,2548,2548,2548,2548,2366,2366,2548,2548,2548,2548,2548,2548,2548,2366,2548,2366,2366,2366,2366,2366,2366,2548,2548,2548,2366,2366,2366,1183,1183,2366,0,1183,2366,2548,2366,2366,2366,2366,2366,2366,2366,2366,2548,2548,2366,2366,2366,2366,2366,2366,2366,2208,2208,2208,2208,2208,2366,2208,2208,2208,2208,2208,2208,2208,2208,2208,2208,2208,2208,2208,2208,2208,2208,2208,2208,2208,2208,2208,2366,2548,2548,2760,3011,3011,3011,2366,2366,2208,2208,2208,2208,2208,2208,2208,2208
676,676,676,690,690,690,690,690,690,690,690,690,690,690,705,705,705,705,705,705,705,705,705,705,705,705,720,720,720,720,720,720,720,720,720,720,720,720,720,720,720,720,720,736,736,736,736,736,736,736,736,736,736,736,736,736,736,736,736,736,736,736,753,753,753,753,753,753,753,753,753,753,753,753,753,753,753,771,771,771,771,771,771,771,771,771,771,771,771,771,771,771,771,771,771,771,789,789,789,789,789,789,789,789,789,789,789,789,789,808,808,808,808,808,808,808,808,808,808,808,808,808,808,808,808,808,808,808,808,828,828,828,828,828,828,828,828,828,828,828,828,828,828,828,828,850,850,850,850,850,850,850,850,850,850,850,850,850,850,872,872,872,872,872,872,872,872,872,872,872,896,896,896,896,896,896,896,896,896,896,896,896,896,896,896,920,920,920,920,920,920,920,920,920,920,920,920,947,947,920,920,828,828,808,808,808,808,808,808,808,808,808,808,808,808,808,808,808,808,808,808,808,789,789,789,789,789,789,789,789,753,753,736,736,736,736,736,736,736,753,753,753,753,753,753,0,0,0,0,0,0,0,0,0,0,0,0,0,0,0,0,1104,1104,1104,1104,1104,1104,1104,1104,1104,1104,1104,1104,1104,1104,1104,1104,1143,1143,0,0,0,1143,1143,1143,1183,1183,1183,1183,1183,1183,1183,1183,1183,1183,1183,1183,1183,1183,1183,1183,1183,1183,1183,1183,1227,1227,1227,1227,1227,1227,1227,1227,850,828,828,828,828,828,828,828,828,828,850,850,850,1035,1035,1035,1143,0,808,808,789,789,789,771,771,771,753,753,753,753,753,753,753,753,753,1949,0,0,1949,1949,1440,1440,1656,1840,1949,5520,0,0,0,0,0,2760,2760,0,0,3680,0,3680,828,828,808,808,828,808,808,828,828,828,828,828,828,828,0,0,0,0,0,0,0,0,0,0,0,0,0,0,0,0,0,0,0,0,0,0,1744,1656,1744,1840,1840,1949,1949,1949,1949,1949,1949,0,0,0,0,0,0,0,1949,0,0,1949,0,0,0,0,0,0,0,2548,1949,1949,1949,1949,1949,0,0,0,0,0,0,0,0,0,0,0,0,0,0,0,0,0,0,0,0,0,0,0,0,0,0,0,0,0,0,0,0,0,0,0,0,0,0,0,0,0,0,0,0,0,0,0,0,0,0,0,0,0,0,0,3011,3011,3011,3011,3011,3011,3312,0,0,0,0,0,0,0,3011,0,0,0,0,0,0,3312,3011,2760,2760,2760,2760,2548,2760,3011,2548,2548,2548,2548,2548,2760,2760,2760,2760,2760,2548,2760,2760,0,2548,2548,2548,2548,2548,2548,2366,2366,2366,2366,2548,2548,2548,2548,2548,2548,2548,2366,2548,2366,2366,2366,2366,2366,2366,2548,2548,2548,2366,2548,2366,2366,2366,2366,0,0,0,0,2366,2366,2366,2366,2366,2366,2366,2366,2366,2366,2366,2366,2366,2366,2366,2366,2366,2208,2208,2208,2208,2208,2366,2208,2208,2208,2208,2208,2208,2208,2208,2208,2208,2208,2208,2208,2208,2208,2208,2208,2208,2208,2208,2208,2366,2548,2548,3011,3011,3011,3011,2366,2366,2208,2208,2208,2208,2208,2208,2208,2208
676,676,676,690,690,690,690,690,690,690,690,690,690,690,705,705,705,705,705,705,705,705,705,705,705,705,720,720,720,720,720,720,720,720,720,720,720,720,720,720,720,720,720,736,736,736,736,736,736,736,736,736,736,736,736,736,736,736,736,736,736,736,753,753,753,753,753,753,753,753,753,753,753,753,753,753,771,771,771,771,771,771,771,771,771,771,771,771,771,771,771,771,771,771,771,789,789,789,789,789,789,789,789,789,789,789,789,789,789,808,808,808,808,808,808,808,808,808,808,808,808,808,808,808,808,808,808,808,828,828,828,828,828,828,828,828,828,828,828,828,828,828,828,828,828,850,850,850,850,850,850,850,850,850,850,850,850,850,850,872,872,872,872,872,872,872,872,872,872,872,896,896,896,896,896,896,896,896,896,896,896,896,896,896,920,920,920,920,920,920,920,920,920,920,920,920,920,920,920,828,828,828,808,808,808,808,808,808,808,808,808,808,808,789,789,789,789,789,789,789,789,789,789,789,789,789,789,789,789,789,771,753,736,736,736,736,736,736,736,753,753,753,753,753,0,0,0,0,0,0,0,0,0,0,0,0,0,0,0,0,1104,1104,1104,1104,1104,1104,1104,1104,1104,1104,1104,1104,1104,1104,1104,1104,1104,1143,1143,1143,1143,0,1143,1183,1183,1183,1183,1183,1183,1183,1183,1183,1183,1183,1183,1183,1183,1183,1183,1183,1183,1183,1183,1183,1183,1227,1227,1227,1227,1227,0,1227,1227,850,828,828,828,828,828,828,828,828,828,828,850,850,1035,1143,1143,0,0,808,808,808,808,789,771,771,753,753,753,753,753,753,753,753,753,753,1949,0,0,1949,1440,1440,1440,1656,1744,0,0,0,0,0,0,0,2760,2760,2760,2760,3680,0,3680,1325,828,808,808,808,808,808,808,808,828,828,828,828,828,0,0,0,0,0,0,0,0,0,0,0,0,0,0,0,0,0,0,0,0,0,0,0,0,1840,1840,1840,1949,1949,1949,1949,1949,1949,0,0,0,0,0,0,1949,1949,1949,1949,1949,1949,0,0,0,0,0,0,2548,1949,1949,1949,1949,1949,0,0,0,0,0,0,0,0,0,0,0,0,0,0,0,0,0,0,0,0,0,0,0,0,0,0,0,0,0,0,0,0,0,0,0,0,0,0,0,0,0,0,0,0,0,0,0,0,0,0,0,0,0,0,0,3011,3011,3011,3011,3011,3011,3312,0,0,0,0,0,0,0,0,0,0,0,0,0,0,3312,3011,2760,2760,2760,2760,2548,2760,2760,2548,2548,2548,2548,2548,2760,2760,2760,2760,2760,2548,2548,2548,2548,2548,2548,2548,2548,2548,2366,2548,2548,2366,2366,2548,2548,2548,2548,2548,2548,2548,2366,2548,2366,2366,2366,2366,2366,2366,2366,2548,2548,2366,2366,2366,2366,2366,2366,0,0,0,0,2366,2366,2366,2366,2366,2366,2366,2366,2366,2366,2366,2366,2366,2366,2366,2366,2366,2208,2208,2208,2208,2208,2366,2366,2208,2208,2208,2208,2208,2208,2208,2208,2208,2208,2208,2208,2208,2208,2208,2208,2208,2208,2208,2208,2366,2548,2548,3011,3011,3011,3011,2366,2366,2366,2366,2366,2366,2366,2366,2366,2366
676,676,690,690,690,690,690,690,690,690,690,690,690,690,705,705,705,705,705,705,705,705,705,705,705,720,720,720,720,720,720,720,720,720,720,720,720,720,720,720,720,720,720,736,736,736,736,736,736,736,736,736,736,736,736,736,736,736,736,736,736,736,753,753,753,753,753,753,753,753,753,753,753,753,753,753,771,771,771,771,771,771,771,771,771,771,771,771,771,771,771,771,771,771,771,789,789,789,789,789,789,789,789,789,789,789,789,789,789,789,808,808,808,808,808,808,808,808,808,808,808,808,808,808,808,808,808,808,828,828,828,828,828,828,828,828,828,828,828,828,828,828,828,828,828,850,850,850,850,850,850,850,850,850,850,850,850,850,850,872,872,872,872,872,872,872,872,872,872,896,896,896,896,896,896,896,896,896,896,896,896,896,896,896,896,920,920,920,920,920,920,920,920,920,920,920,920,828,828,828,828,828,808,808,808,808,808,808,808,808,789,789,789,789,789,789,789,789,789,789,789,789,789,789,789,789,789,789,789,789,771,753,736,736,736,736,736,736,753,753,753,753,0,753,753,0,0,0,0,0,0,0,0,0,0,0,0,0,0,0,1104,1104,1104,1104,1104,1104,1104,1104,1104,1104,1104,1104,1104,1104,1104,1104,1104,1143,0,1143,1143,0,1143,1656,1656,0,1183,1656,1183,1183,1183,1183,1183,1183,1183,1183,1183,1183,1183,1183,1183,1183,1183,1227,1227,1227,1227,1227,0,0,0,0,1227,850,828,828,828,828,828,828,828,828,828,828,850,850,1035,0,0,0,0,0,0,3011,808,808,771,771,753,753,753,753,753,753,753,753,753,1440,1949,0,1949,1440,1440,1440,1440,1506,1744,1949,0,0,0,0,0,0,2760,2760,0,0,0,0,0,1325,828,808,828,808,808,808,808,808,828,828,828,828,828,0,0,0,0,0,0,0,0,0,0,0,0,0,0,0,0,0,0,0,0,0,0,0,1656,1744,1840,1840,1949,1949,1949,1949,1949,1949,1949,1949,0,0,2070,1949,1949,1949,1949,1949,1949,0,0,0,0,0,0,0,0,1949,1949,1949,1949,1949,0,0,0,0,0,0,0,0,0,0,0,0,0,0,0,0,0,0,0,0,0,0,0,0,0,0,0,0,0,0,0,0,0,0,0,0,0,0,0,0,0,0,0,0,0,0,0,0,0,0,0,0,0,0,0,0,3011,3011,3011,3011,3312,0,0,0,0,0,0,0,0,0,0,0,0,0,0,0,3312,3011,2760,2548,2760,2548,2548,2548,2548,2548,2548,2548,2548,2548,2760,2760,2548,2760,2548,2548,2548,2548,2548,2548,2548,2548,2548,2548,2548,2548,2548,2548,2548,2548,2548,2548,2548,2548,2548,2548,2548,2548,2548,2366,2366,2366,2366,2366,2366,2548,2548,2366,2366,2366,2548,2366,0,0,0,0,0,2366,2366,2366,2366,2366,2366,2366,2366,2366,2366,2366,2366,2366,2366,2366,2366,2366,2208,2366,2208,2366,2208,2366,2366,2208,2208,2208,2208,2208,2208,2208,2208,2208,2208,2208,2208,2208,2208,2208,2208,2208,2208,2208,2208,2366,2548,2548,2760,2760,3011,2366,2366,2366,2366,2366,2366,2366,2366,2366,2366,2366
676,676,690,690,690,690,690,690,690,690,690,690,690,690,705,705,705,705,705,705,705,705,705,705,705,720,720,720,720,720,720,720,720,720,720,720,720,720,720,720,720,720,720,736,736,736,736,736,736,736,736,736,736,736,736,736,736,736,736,736,753,753,753,753,753,753,753,753,753,753,753,753,753,753,753,753,771,771,771,771,771,771,771,771,771,771,771,771,771,771,771,771,771,771,789,789,789,789,789,789,789,789,789,789,789,789,789,789,789,789,808,808,808,808,808,808,808,808,808,808,808,808,808,808,808,808,808,828,828,828,828,828,828,828,828,828,828,828,828,828,828,828,828,828,850,850,850,850,850,850,850,850,850,850,850,850,850,850,850,872,872,872,872,872,872,872,872,872,872,896,896,896,896,896,896,896,896,896,896,896,896,896,896,896,920,920,920,920,920,920,920,920,920,920,920,920,850,828,828,828,828,828,828,808,808,808,808,789,789,789,789,789,789,789,789,789,789,789,789,789,789,789,789,789,789,789,789,789,789,789,771,753,753,736,736,736,736,736,753,753,753,753,753,753,736,753,736,736,0,0,0,0,0,0,0,0,0,0,0,0,1069,1104,1104,1104,1104,1104,1104,1104,1104,1104,1104,1104,1104,1104,1104,1104,1104,1104,1143,1104,637,637,625,625,1183,0,1183,1183,1183,1183,1183,1183,1183,1183,1183,1183,1183,1183,1183,1183,1183,1183,0,0,0,0,0,0,1227,1227,0,1227,850,850,828,828,828,828,828,828,828,828,828,828,828,850,1035,0,0,0,0,0,0,0,3011,808,771,771,753,753,753,753,753,753,753,753,753,1440,1949,0,1440,1440,1440,1440,1440,1506,1744,1840,0,0,0,0,0,0,0,0,0,0,0,0,0,1380,828,808,828,808,808,808,808,808,828,828,828,828,828,2548,0,0,2548,0,0,0,0,0,0,0,0,0,0,0,0,0,0,0,0,0,1656,1656,1656,1656,1744,1840,1840,1949,1949,1949,1949,1949,1949,1949,1949,0,1949,1840,1949,1949,1949,1949,0,0,0,0,0,0,0,0,0,1949,1949,1949,1949,1949,2070,0,0,0,0,2760,2760,0,0,0,0,0,0,0,0,0,0,0,0,0,0,0,0,0,0,0,0,0,0,0,0,0,0,0,0,0,0,0,0,0,0,0,0,0,0,0,0,0,0,0,0,0,0,0,0,0,3011,3011,3312,3312,0,0,0,0,0,3011,0,0,0,0,0,0,0,0,0,0,3312,3011,2548,2548,2760,2548,2548,2548,2548,2548,2548,2548,2548,2548,2760,2760,2548,2548,2548,2548,2548,2548,2548,2548,2548,2548,2548,2548,2548,2548,2548,2548,2548,2548,2548,2548,2548,2548,2548,2548,2548,2548,2548,2366,2366,2548,2548,2366,2548,2548,2548,2366,2366,2366,2366,2366,0,0,0,0,0,2366,2366,2366,2366,2366,2366,2366,2366,2548,2548,2366,2366,2366,2366,2366,2366,2208,2208,2208,2208,2208,2208,2366,2208,2208,2208,2208,2208,2208,2208,2208,2208,2208,2208,2208,2208,2208,2208,2208,2208,2208,2208,2208,2208,2366,2548,2548,2760,2760,3011,3011,2366,2366,2366,2366,2366,2366,2366,2366,2366,2366
676,690,690,690,690,690,690,690,690,690,690,690,690,690,705,705,705,705,705,705,705,705,705,705,705,720,720,720,720,720,720,720,720,720,720,720,720,720,720,720,720,720,736,736,736,736,736,736,736,736,736,736,736,736,736,736,736,736,753,753,753,753,753,753,753,753,753,753,753,753,753,753,753,753,753,753,771,771,771,771,771,771,771,771,771,771,771,771,771,771,771,771,771,771,789,789,789,789,789,789,789,789,789,789,789,789,789,789,789,789,808,808,808,808,808,808,808,808,808,808,808,808,808,808,808,808,808,828,828,828,828,828,828,828,828,828,828,828,828,828,828,828,828,850,850,850,850,850,850,850,850,850,850,850,850,850,850,850,872,872,872,872,872,872,872,872,872,872,872,896,896,896,896,896,896,896,896,896,896,896,896,896,896,896,920,920,920,920,920,920,920,920,920,920,920,920,850,850,850,850,850,850,828,808,808,789,789,789,789,789,789,789,789,789,789,789,789,789,789,789,789,789,789,789,789,789,789,789,789,789,771,771,753,736,736,736,736,736,753,753,753,753,753,753,753,753,0,0,0,0,0,0,0,0,0,0,0,0,0,0,1104,1104,1104,1104,1104,1104,1104,1104,1104,1104,1104,1104,1104,1104,1104,1104,1104,1104,650,650,637,637,625,1578,0,0,1656,0,1183,1183,1183,1183,1183,1183,1183,1183,1183,1183,1506,1506,1578,0,0,0,0,0,0,0,1227,1227,1183,850,850,850,828,828,828,828,828,828,828,828,828,828,828,828,828,1143,0,0,0,0,0,0,3011,3011,771,771,753,753,753,753,753,753,753,753,1440,0,0,1440,1440,1440,1440,1440,1440,1440,1506,1840,0,0,0,0,0,0,0,0,0,0,0,0,0,1380,1380,828,828,808,808,808,808,808,828,828,828,828,1440,1949,0,2070,1840,1840,1840,1840,0,0,0,0,0,0,0,0,0,0,0,1656,1656,1656,1656,1656,1656,1656,1656,1744,1840,1949,1949,1949,1949,1949,1840,1840,1744,0,1949,1656,1949,1949,1949,0,0,0,0,0,0,0,0,0,0,1949,1949,1949,1949,1949,2070,0,0,0,0,2760,2760,0,0,0,0,0,0,0,0,0,0,0,0,0,0,0,0,0,0,0,0,0,0,0,0,0,0,0,0,0,0,0,0,0,0,0,0,0,0,0,0,0,0,0,0,0,0,0,0,0,3011,3011,3312,3011,3312,3312,0,0,0,2760,0,0,0,0,0,0,0,0,0,0,3312,3011,2548,2548,2760,2548,2548,2548,2548,2548,2548,2548,2548,2548,2760,2760,2548,2548,2548,2548,2548,2548,2548,2548,2548,2548,2548,2548,2548,2548,2548,2548,2548,2548,2548,2548,2548,2548,2548,2548,2548,2548,2548,2548,2548,2548,2548,2366,2548,2548,2548,2366,2366,2366,2366,2366,0,0,0,0,2548,2366,2366,2366,2366,2366,2366,2366,2366,2548,2548,2366,2366,2366,2366,2366,2366,2208,2208,2208,2208,2208,2208,2366,2208,2208,2208,2208,2208,2208,2208,2208,2208,2208,2208,2208,2208,2208,2208,2208,2208,2208,2208,2208,2208,2366,2548,2548,2760,2760,3680,3011,2366,2366,2366,2366,2366,2366,2366,2366,2366,2366
676,676,690,690,690,690,690,690,690,690,690,690,690,690,705,705,705,705,705,705,705,705,705,705,705,720,720,720,720,720,720,720,720,720,720,720,720,720,720,720,736,736,736,736,736,736,736,736,736,736,736,736,736,736,736,736,753,753,753,753,753,753,753,753,753,753,753,753,753,753,753,753,753,753,753,753,753,771,771,771,771,771,771,771,771,771,771,771,771,771,771,771,771,789,789,789,789,789,789,789,789,789,789,789,789,789,789,789,789,789,808,808,808,808,808,808,808,808,808,808,808,808,808,808,808,808,808,828,828,828,828,828,828,828,828,828,828,828,828,828,828,828,850,850,850,850,850,850,850,850,850,850,850,850,850,850,850,850,872,872,872,872,872,872,872,872,872,872,872,896,896,896,896,896,896,896,896,896,896,896,896,896,896,920,920,920,920,920,920,920,920,920,920,920,920,920,920,850,850,872,872,872,872,828,789,789,789,789,789,789,789,789,789,789,789,789,789,789,789,789,789,789,789,789,789,789,789,789,789,789,771,771,753,736,736,736,736,753,753,753,753,753,753,753,753,753,0,0,0,0,0,0,0,0,0,0,0,0,0,0,1104,1104,1104,1104,1104,1104,1104,1104,1104,1104,1104,1104,1104,1104,1104,1104,1104,650,650,637,625,625,625,33119,0,0,1183,1183,1183,1183,1183,1183,1183,1183,1183,1183,1183,1183,1506,0,0,0,0,0,0,0,0,828,828,828,828,850,850,828,828,828,828,828,828,828,828,828,828,828,828,808,808,1143,0,0,0,0,0,0,0,0,771,771,753,753,753,753,753,753,753,753,1440,0,0,1440,1440,1440,1440,1440,1440,1440,1506,1949,0,0,0,0,0,0,0,0,0,0,0,0,0,0,0,828,828,808,808,808,808,808,828,828,828,828,1440,1949,1949,1840,1656,1840,1840,1840,0,0,0,0,0,0,0,0,0,0,0,0,0,1656,1656,1656,1656,1656,1656,1744,1840,1949,1949,1949,1949,2070,1840,1949,0,0,0,2070,2070,1949,1949,1949,0,0,0,0,0,0,0,0,0,1949,1949,1949,1949,1949,0,0,0,0,0,808,808,2760,0,0,0,0,0,0,0,0,0,0,0,0,0,0,0,0,0,0,0,0,0,0,0,0,0,0,0,0,0,0,0,0,0,0,0,0,0,0,0,0,0,0,0,0,0,0,0,0,3011,3011,3312,3011,3312,3312,2760,2760,2760,2548,2760,2760,2760,0,0,0,0,0,0,3011,2760,2760,2548,2548,2760,2548,2548,2548,2548,2548,2548,2548,2548,2548,2548,2548,2548,2548,2548,2548,2548,2548,2548,2548,2548,2548,2548,2548,2548,2548,2548,2548,2548,2548,2548,2548,2548,2548,2548,2548,2548,2548,2548,2548,2548,2548,2548,2366,2548,2548,2548,2366,2366,2366,2366,2366,0,0,0,0,2366,2366,2366,2366,2366,2366,2366,2366,2366,2548,2548,2366,2366,2366,2208,2208,2208,2208,2208,2208,2208,2208,2208,2366,2208,2208,2208,2208,2208,2208,2208,2208,2208,2208,2208,2208,2208,2208,2208,2208,2208,2208,2208,2208,2208,2366,2548,2548,2760,2760,3312,3011,2366,2366,2366,2208,2208,2208,2208,2208,2208,2208
676,676,676,690,690,690,690,690,690,690,690,690,690,690,705,705,705,705,705,705,705,705,705,705,705,720,720,720,720,720,720,720,720,720,720,720,720,720,720,720,736,736,736,736,736,736,736,736,736,736,736,736,736,736,736,736,753,753,753,753,753,753,753,753,753,753,753,753,753,753,753,753,753,753,753,753,753,771,771,771,771,771,771,771,771,771,771,771,771,771,771,771,789,789,789,789,789,789,789,789,789,789,789,789,789,789,789,789,789,789,808,808,808,808,808,808,808,808,808,808,808,808,808,808,808,808,808,808,828,828,828,828,828,828,828,828,828,828,828,828,828,828,828,850,850,850,850,850,850,850,850,850,850,850,850,850,850,872,872,872,872,872,872,872,872,872,872,872,872,896,896,896,896,896,896,896,896,896,896,896,896,896,920,920,920,920,920,920,920,920,920,920,920,920,920,920,920,920,920,920,920,920,920,872,789,789,789,789,789,789,789,789,789,789,789,789,789,789,789,789,789,789,789,789,789,789,789,789,789,789,771,771,753,736,736,736,736,753,753,753,753,753,753,736,753,753,753,0,0,0,0,0,0,0,0,0,0,0,0,0,1104,1104,1104,1104,1104,1104,1104,1104,1104,1104,1104,1104,1104,1104,1104,1104,650,650,650,637,637,637,3011,0,0,0,0,0,1183,1183,1183,1183,1183,1183,1183,1183,1183,1506,0,0,0,0,0,0,0,1578,828,808,808,808,828,828,828,828,828,828,828,828,828,828,828,828,828,828,808,808,808,808,1840,0,0,0,0,0,0,0,771,771,771,753,753,753,753,753,753,753,753,0,1440,1440,1440,1440,1440,1440,1440,1440,1506,1949,0,0,0,0,0,0,0,0,0,0,0,0,0,0,0,828,828,828,828,828,828,828,828,828,828,828,1440,1949,1949,1840,1840,1840,1840,1840,0,0,0,0,0,0,0,0,0,0,0,0,0,0,1656,1656,1656,1656,1656,1744,1840,1949,1949,2070,2070,0,1840,0,0,0,0,0,0,0,0,0,0,0,0,0,0,0,0,0,0,1949,1949,1949,1949,1949,2070,0,0,0,0,0,2760,0,0,0,0,0,0,0,0,0,0,0,0,0,0,0,0,0,0,0,0,0,0,0,0,0,0,0,0,0,0,0,0,0,0,0,0,0,0,0,0,0,0,0,0,0,0,0,0,0,3011,3011,3011,3011,3312,2760,2760,2760,2760,2548,2760,2760,2760,0,0,3011,0,0,0,2760,2760,2760,2548,2548,2760,2548,2548,2548,2548,2548,2548,2548,2548,2548,2548,2548,2548,2548,2548,2548,2548,2548,2548,2548,2548,2548,2548,2548,2548,2548,2548,2548,2548,2548,2548,2548,2548,2548,2548,2548,2548,2548,2548,2548,2548,2548,2548,2366,2548,2548,2548,2548,2548,2548,2366,2366,2366,0,0,0,2366,2366,2366,2366,2366,2366,2366,2366,2366,2548,2548,2366,2366,2366,2208,2208,2208,2208,2208,2208,2208,2208,2208,2208,2208,2208,2208,2208,2208,2208,2208,2208,2208,2208,2208,2208,2208,2208,2208,2208,2208,2208,2208,2208,2208,2366,2548,2548,2760,2760,3312,3011,2366,2366,2366,2208,2208,2208,2208,2208,2208,2208
676,676,676,690,690,690,690,690,690,690,690,690,690,690,705,705,705,705,705,705,705,705,705,705,705,720,720,720,720,720,720,720,720,720,720,720,720,720,720,736,736,736,736,736,736,736,736,736,736,736,736,736,736,736,736,753,753,753,753,753,753,753,753,753,753,753,753,753,753,753,753,753,753,753,753,753,771,771,771,771,771,771,771,771,771,771,771,771,771,771,771,771,771,789,789,789,789,789,789,789,789,789,789,789,789,789,789,789,789,789,808,808,808,808,808,808,808,808,808,808,808,808,808,808,808,808,808,808,828,828,828,828,828,828,828,828,828,828,828,828,828,850,850,850,850,850,850,850,850,850,850,850,850,850,850,850,872,872,872,872,872,872,872,872,872,872,872,872,872,896,896,896,896,896,896,896,896,896,896,896,920,920,920,920,920,920,920,920,920,920,920,920,920,920,920,920,920,920,920,920,920,920,920,920,872,789,789,789,789,789,789,789,789,789,789,789,789,789,789,789,789,789,789,789,789,789,789,789,789,789,771,771,771,736,736,736,736,753,753,753,753,753,753,753,753,753,753,753,0,0,0,0,0,0,0,0,0,0,0,0,1104,1104,1104,1104,1104,1104,1104,1104,1104,1104,1104,1104,1104,1104,1104,1104,650,650,650,650,1380,16560,0,0,0,0,3011,1183,1183,1183,1183,1183,1183,1183,1183,1183,1183,1506,0,0,0,0,0,0,1578,808,789,789,789,808,808,828,828,828,828,828,828,828,828,828,828,828,828,808,808,808,808,808,808,1840,0,0,0,0,0,0,872,872,771,753,753,753,753,753,753,753,753,1440,1440,1440,1440,1440,1440,1440,1440,1440,1506,1840,2070,0,0,0,0,0,0,0,0,0,0,0,0,828,828,828,828,828,828,828,828,828,828,828,828,828,828,1578,1656,1656,1656,1744,1840,1949,0,0,0,0,0,0,0,0,0,0,0,0,0,1656,1656,1656,1656,1656,1656,1744,1744,1840,1840,2070,2070,0,0,0,0,0,0,0,0,0,0,0,0,0,0,0,0,0,0,0,2548,1949,1949,1949,1949,1949,2070,0,0,0,0,0,0,0,0,0,0,0,0,0,0,0,0,0,0,0,0,0,0,0,0,0,0,0,0,0,0,0,0,0,0,0,0,0,0,0,0,0,0,0,0,0,0,0,0,0,0,0,0,0,0,0,3011,3011,3011,2760,2760,2760,2760,2548,2548,2548,2760,2760,2760,3011,2760,2760,3011,3011,2760,2760,2760,2760,2548,2548,2760,2548,2548,2548,2548,2548,2548,2548,2548,2548,2548,2548,2548,2548,2548,2548,2548,2548,2548,2548,2548,2548,2548,2548,2548,2548,2548,2548,2548,2548,2548,2548,2548,2548,2548,2548,2548,2548,2548,2548,2366,2548,2548,2366,2548,2548,2548,2548,2548,2548,2548,2548,2548,0,0,2548,2366,2366,2366,2366,2366,2366,2366,2366,2366,2548,2548,2366,2366,2366,2208,2208,2208,2208,2208,2208,2208,2208,2208,2208,2208,2208,2208,2208,2208,2208,2208,2208,2208,2208,2208,2208,2208,2208,2208,2208,2208,2208,2208,2208,2366,2366,2548,2548,2760,2760,3312,3011,2366,2366,2366,2208,2208,2208,2208,2208,2208,2208
676,676,676,676,690,690,690,690,690,690,690,690,690,690,705,705,705,705,705,705,705,705,705,705,705,720,720,720,720,720,720,720,720,720,720,720,720,720,720,736,736,736,736,736,736,736,736,736,736,736,736,736,736,736,736,753,753,753,753,753,753,753,753,753,753,753,753,753,753,753,753,753,753,753,753,771,771,771,771,771,771,771,771,771,771,771,771,771,771,771,771,771,771,789,789,789,789,789,789,789,789,789,789,789,789,789,789,789,789,789,808,808,808,808,808,808,808,808,808,808,808,808,808,808,808,808,808,808,828,828,828,828,828,828,828,828,828,828,828,828,828,828,850,850,850,850,850,850,850,850,850,850,850,850,850,850,850,872,872,872,872,872,872,872,872,872,872,872,872,896,896,896,896,896,896,896,896,896,896,920,920,920,920,920,920,920,920,920,920,920,920,920,920,920,920,920,920,920,920,920,920,920,920,920,920,920,789,789,789,789,771,771,771,771,771,771,771,789,789,789,789,789,789,789,789,789,789,789,789,789,771,771,753,753,736,736,736,753,753,753,753,753,753,753,753,753,753,0,0,0,0,0,0,0,0,0,0,0,0,0,0,0,1104,1104,1104,1104,1104,1104,1104,1104,1104,1104,1104,1104,1104,1104,650,650,650,650,16560,0,0,0,0,0,1380,1183,1143,1183,1183,1183,1183,1183,1183,1380,1380,0,0,0,0,0,1578,1578,789,789,789,789,789,789,808,808,828,828,828,828,828,828,828,828,828,828,828,808,808,808,808,808,808,0,0,0,0,0,0,0,0,0,0,872,753,753,753,753,753,736,736,1035,1440,1440,1440,1440,1440,1440,1440,1440,1506,1744,2070,0,0,3312,4140,0,0,0,0,0,0,448,0,808,828,828,828,828,828,828,828,828,828,828,828,828,828,1656,1949,1949,1840,1949,0,0,0,0,0,0,0,0,0,0,771,0,0,0,1656,1656,1656,1656,1656,1656,1656,1744,1744,1840,1949,2070,2208,0,0,0,0,0,0,0,0,0,0,0,0,0,0,0,0,0,0,2548,2548,1949,1949,1949,1949,1949,1949,0,0,0,0,0,0,0,0,0,0,0,0,0,0,0,0,0,0,0,0,0,0,0,0,0,0,0,0,0,0,0,0,0,0,0,0,0,0,0,0,0,0,0,0,0,0,0,0,0,0,0,0,0,0,33119,3011,3011,3011,3011,2760,2760,2760,2760,2760,2760,2760,2760,2760,2760,2760,2548,2760,2760,2760,2760,2760,2760,2760,2760,2760,2548,2548,2548,2548,2548,2548,2548,2548,2548,2548,2548,2548,2548,2548,2548,2548,2548,2548,2548,2548,2548,2548,2548,2548,2548,2548,2548,2548,2548,2548,2548,2548,2548,2548,2548,2548,2548,2548,2548,2366,2366,2366,2366,2548,2548,2548,2548,2548,2548,2548,2548,2548,0,0,2548,2366,2366,2366,2366,2366,2366,2366,2366,2366,2548,2548,2366,2366,2366,2208,2208,2208,2208,2208,2208,2208,2208,2208,2208,2208,2208,2208,2208,2208,2208,2208,2208,2208,2208,2208,2208,2208,2208,2208,2208,2208,2208,2208,2208,2366,2366,2548,2548,2760,2760,3011,3011,2366,2366,2366,2366,2366,2366,2366,2366,2366,2366
676,676,676,690,690,690,690,690,690,690,690,690,690,690,705,705,705,705,705,705,705,705,705,720,720,720,720,720,720,720,720,720,720,720,720,720,720,720,720,736,736,736,736,736,736,736,736,736,736,736,736,736,736,736,736,753,753,753,753,753,753,753,753,753,753,753,753,753,753,753,753,753,753,753,753,771,771,771,771,771,771,771,771,771,771,771,771,771,771,771,771,771,771,789,789,789,789,789,789,789,789,789,789,789,789,789,789,789,789,789,808,808,808,808,808,808,808,808,808,808,808,808,808,808,808,808,808,808,828,828,828,828,828,828,828,828,828,828,828,828,828,828,850,850,850,850,850,850,850,850,850,850,850,850,850,850,850,850,872,872,872,872,872,872,872,872,872,872,872,896,896,896,896,896,896,896,896,896,896,920,920,920,920,920,920,920,920,920,920,920,920,920,920,920,920,920,920,920,920,920,920,920,920,920,920,920,920,789,789,789,771,771,771,771,771,771,771,771,771,771,789,789,789,789,789,789,789,789,789,771,771,771,771,753,736,736,736,753,753,753,753,753,753,753,753,753,0,0,0,0,0,0,0,0,771,0,0,0,0,0,0,1104,1104,1104,1104,1104,1104,1104,1104,1104,1104,1104,1104,1104,1104,676,650,650,650,3011,0,0,0,0,0,0,1380,1183,1143,1183,1183,1183,1183,1183,1183,1380,1380,0,0,0,0,0,1578,789,789,789,789,789,789,789,808,808,828,828,828,828,828,828,828,828,828,828,808,808,808,808,808,808,808,1840,0,0,0,0,0,0,872,0,0,0,872,753,753,753,736,736,736,736,1440,1440,1440,1440,1440,1440,1440,1440,1506,1578,1840,2070,3312,3312,0,0,0,0,0,0,442,442,448,808,808,828,828,828,828,828,828,828,828,828,828,828,828,1578,1656,1744,1744,1840,0,0,0,0,0,0,0,0,1004,1004,771,0,0,0,1656,1656,1656,1656,1656,1656,1656,1744,1744,1949,1949,1949,0,0,0,0,0,0,0,0,0,0,0,0,0,0,0,0,2548,2548,2548,2548,2548,1949,1949,1949,1949,1949,2070,0,0,0,0,0,0,0,0,0,0,0,0,0,0,0,0,0,0,0,0,0,0,0,0,0,0,0,0,0,0,0,0,0,0,0,0,0,0,0,0,0,0,0,0,0,0,0,0,0,0,0,0,0,0,0,3011,3011,3011,3011,3011,3312,2760,2760,2760,2760,2760,2548,2760,2760,2548,2548,2760,2760,2760,0,2760,2760,2760,2760,2760,2760,2548,2548,2548,2548,2548,2548,2548,2548,2548,2548,2548,2548,2548,2548,2548,2548,2548,2548,2548,2548,2548,2548,2548,2548,2548,2548,2548,2548,2548,2548,2548,2548,2548,2548,2548,2548,2548,2548,2366,2366,2366,2366,2548,2548,2548,2548,2548,2548,2548,0,0,0,0,2548,2366,2366,2366,2366,2366,2366,2366,2366,2366,2548,2548,2366,2366,2366,2208,2208,2366,2366,2208,2366,2208,2208,2208,2366,2208,2208,2208,2208,2208,2208,2208,2208,2208,2366,2208,2208,2208,2208,2208,2208,2208,2208,2208,2366,2366,2366,2548,2548,2760,2760,2760,2366,2366,2366,2366,2366,2366,2366,2366,2366,2366,2366
676,676,676,690,690,690,690,690,690,690,690,690,690,705,705,705,705,705,705,705,705,705,705,720,720,720,720,720,720,720,720,720,720,720,720,720,720,720,720,736,736,736,736,736,736,736,736,736,736,736,736,736,736,736,753,753,753,753,753,753,753,753,753,753,753,753,753,753,753,753,753,753,753,753,753,771,771,771,771,771,771,771,771,771,771,771,771,771,771,771,771,771,771,771,789,789,789,789,789,789,789,789,789,789,789,789,789,789,789,808,808,808,808,808,808,808,808,808,808,808,808,808,808,808,808,808,808,808,828,828,828,828,828,828,828,828,828,828,828,828,828,828,850,850,850,850,850,850,850,850,850,850,850,850,850,850,850,872,872,872,872,872,872,872,872,872,872,872,872,896,896,896,896,896,896,896,896,896,896,920,920,920,920,920,920,920,920,920,920,920,920,920,920,920,920,920,920,920,920,920,920,920,947,947,947,947,947,920,920,771,771,771,771,771,771,771,771,771,771,771,771,771,789,771,789,789,789,789,789,771,771,771,771,753,736,736,753,753,753,753,753,753,753,753,771,789,0,0,0,0,0,0,0,0,0,0,0,0,0,0,1069,1069,1069,1069,1104,1104,1104,1104,1104,1104,1104,1104,1104,1104,676,676,650,650,650,3011,0,0,0,0,0,0,1380,1183,1143,1183,1183,1183,1183,1183,1380,1380,0,0,0,0,0,0,1380,789,789,789,789,789,789,808,808,808,828,828,828,828,828,828,828,828,828,828,808,808,808,808,808,0,8280,8280,0,0,0,0,0,0,0,0,0,0,0,0,753,736,736,736,736,736,1440,1440,1440,1440,1440,1440,1440,1440,1440,1506,1744,1840,3312,3312,4140,0,0,0,0,0,442,442,442,448,808,808,808,828,828,828,828,828,828,828,828,828,828,828,1656,1744,1744,1744,0,0,0,0,0,0,0,0,975,0,771,0,0,0,1656,1656,1656,1656,1656,1656,1656,1744,1744,1949,1949,2070,2070,0,0,0,0,0,0,0,0,0,0,0,0,0,0,0,0,2548,2548,2548,2548,1949,1949,1949,1949,1949,2070,2070,1840,1840,0,0,0,0,0,0,0,0,0,0,0,0,0,0,0,0,0,0,0,0,0,0,0,0,0,0,0,0,0,0,0,0,0,0,0,0,0,0,0,0,0,0,0,0,0,0,0,0,0,0,0,33119,3011,3011,3011,3312,3312,0,0,0,0,0,0,2548,0,3011,2548,2548,3011,3011,0,0,0,0,8280,3011,3011,2760,2548,2548,2548,2548,2548,2548,2548,2548,2760,2760,2548,2548,2548,2548,2548,2548,2548,2548,2366,2366,2548,2548,2548,2548,2548,2548,2548,2548,2548,2548,2548,2548,2548,2548,2548,2548,2548,2548,2366,2366,2366,2366,2548,2548,2548,2548,2548,2548,2548,0,0,0,0,2548,2366,2366,2366,2366,2366,2366,2366,2366,2366,2548,2548,2548,2366,2548,2366,2366,2366,2366,2366,2366,2366,2366,2208,2366,2208,2208,2208,2208,2208,2208,2208,2208,2366,2366,2366,2366,2208,2208,2208,2208,2208,2366,2366,2366,2366,2366,2548,2548,2760,2760,2760,2366,2366,2366,2366,2366,2366,2366,2366,2366,2366,2366
690,676,690,690,690,690,690,690,690,690,690,690,690,705,705,705,705,705,705,705,705,705,720,720,720,720,720,720,720,720,720,720,720,720,720,720,720,720,720,720,736,736,736,736,736,736,736,736,736,736,736,736,736,753,753,753,753,753,753,753,753,753,753,753,753,753,753,753,753,753,753,753,753,771,771,771,771,771,771,771,771,771,771,771,771,771,771,771,771,771,771,771,771,771,789,789,789,789,789,789,789,789,789,789,789,789,789,789,789,808,808,808,808,808,808,808,808,808,808,808,808,808,808,808,808,808,808,808,828,828,828,828,828,828,828,828,828,828,828,828,828,828,850,850,850,850,850,850,850,850,850,850,850,850,850,850,850,872,872,872,872,872,872,872,872,872,872,872,872,896,896,896,896,896,896,896,896,896,896,920,920,920,920,920,920,920,920,920,920,920,920,920,920,920,920,920,920,920,920,920,920,920,920,920,947,947,947,947,920,920,771,771,771,771,771,771,771,771,771,771,771,771,771,771,771,789,789,789,789,771,771,771,771,753,753,753,753,753,753,753,753,753,753,771,789,0,0,0,0,0,0,0,0,0,0,0,0,0,828,828,828,828,850,850,1069,1104,1104,0,0,1104,1104,0,0,1104,676,676,650,650,650,16560,0,0,0,0,0,1380,1183,1143,1143,1183,1183,1183,1183,1183,1380,1380,0,0,0,0,1380,808,789,789,789,808,808,808,808,808,808,828,828,828,828,828,850,850,850,828,828,828,808,808,808,808,11040,0,0,0,0,0,0,0,0,0,0,0,0,0,0,0,753,736,736,736,736,736,1035,1440,1380,1440,1380,1380,1440,1440,1440,1506,1506,1440,1744,1744,3011,4140,0,0,0,0,0,448,448,448,808,808,808,808,828,828,828,828,828,828,828,828,828,828,1656,1744,1744,1744,1840,0,0,0,0,0,0,1840,0,0,771,0,0,0,1656,1656,1656,1656,1656,1656,1656,1744,1744,1949,1949,1949,2070,0,0,0,0,0,0,0,0,0,0,0,0,0,0,0,0,0,0,2548,2548,1949,1949,1949,1949,1949,1949,2070,1840,1840,0,0,0,0,0,0,0,0,0,0,0,0,0,0,0,0,0,0,0,0,0,0,0,0,0,0,0,0,0,0,0,0,0,0,0,0,0,0,0,0,0,0,0,0,33119,0,0,0,0,0,0,3011,3011,3011,3011,3312,0,0,0,0,0,0,0,0,0,3011,2548,2548,3011,3011,0,0,0,0,0,0,8280,8280,2548,2548,2548,2548,2548,2548,2548,2548,2760,2760,2548,2548,2548,2548,2548,2548,2548,2548,2366,2366,2548,2548,2548,2548,2548,2548,2548,2548,2548,2548,2548,2548,2548,2548,2548,2548,2548,2548,2366,2366,2366,2366,2548,2548,2548,2548,2548,2548,2548,0,0,0,0,2548,2366,2366,2366,2366,2366,2366,2366,2366,2366,2548,2548,2548,2366,2366,2366,2366,2366,2366,2366,2366,2366,2366,2208,2366,2208,2208,2208,2208,2208,2208,2208,2366,2366,2366,2366,2366,2208,2208,2208,2208,2208,2366,2366,2366,2366,2366,2548,2548,2760,2760,2760,2366,2366,2366,2366,2366,2366,2366,2366,2366,2366,2366
676,676,690,690,690,690,690,690,690,690,690,690,705,705,705,705,705,705,705,705,705,705,705,720,720,720,720,720,720,720,720,720,720,720,720,720,720,720,720,720,736,736,736,736,736,736,736,736,736,736,736,736,753,753,753,753,753,753,753,753,753,753,753,753,753,753,753,753,753,753,753,753,753,771,771,771,771,771,771,771,771,771,771,771,771,771,771,771,771,771,771,771,771,771,771,789,789,789,789,789,789,789,789,789,789,789,789,789,789,808,808,808,808,808,808,808,808,808,808,808,808,808,808,808,808,808,808,808,828,828,828,828,828,828,828,828,828,828,828,828,828,828,828,850,850,850,850,850,850,850,850,850,850,850,850,850,850,872,872,872,872,872,872,872,872,872,872,872,896,896,896,896,896,896,896,896,896,896,896,920,920,920,920,920,920,920,920,920,920,920,920,920,920,920,920,920,920,920,920,920,920,947,920,920,920,920,920,947,920,920,771,771,771,771,771,771,771,771,771,771,771,771,771,771,771,771,771,771,771,771,771,771,771,771,753,753,753,753,753,753,753,771,771,0,0,0,0,0,0,0,0,0,0,0,0,0,0,0,808,828,828,828,828,850,850,850,1069,850,0,0,0,0,0,676,676,676,663,663,663,33119,0,0,0,0,1380,1183,1183,1183,1143,1183,1183,1183,1183,1183,1183,1380,0,0,1380,1380,789,789,789,789,808,808,808,808,808,828,828,828,828,828,828,828,850,850,850,828,828,828,808,808,0,0,0,0,0,0,0,0,0,0,0,0,0,0,0,0,0,0,0,0,736,736,736,736,736,1380,1380,1440,1380,1380,1440,1440,1440,1440,1440,1440,1440,1440,1440,1440,0,0,0,0,0,448,448,808,808,808,808,808,828,828,828,828,828,828,828,828,828,828,850,1744,1744,1840,0,0,0,0,0,0,0,1840,0,0,771,0,0,0,0,0,1656,1656,1656,1656,1656,1744,1744,1949,1949,1949,2070,0,0,0,0,0,0,0,0,0,0,0,2208,0,0,0,0,0,0,0,2548,1949,1949,1949,1949,1949,0,0,0,0,0,0,0,0,0,0,0,0,0,0,1506,1506,0,0,0,0,0,0,0,0,0,0,0,0,0,0,0,0,0,0,0,0,0,0,0,0,0,0,0,0,0,0,0,0,33119,0,0,0,0,0,0,3011,3011,3011,3011,3312,0,0,0,0,0,0,0,0,0,0,3011,3011,3312,3312,0,0,0,0,0,0,0,0,8280,3011,2548,2548,2548,2548,2548,2760,2760,2760,2548,2760,2548,2548,2548,2548,2548,2548,2548,2366,2548,2548,2548,2548,2548,2548,2548,2548,2548,2548,2548,2548,2548,2548,2548,2548,2548,2366,2366,2366,2366,2366,2548,2548,2548,2548,2548,2548,2548,0,0,0,0,2548,2366,2366,2366,2366,2366,2366,2366,2366,2366,2548,2548,2548,2366,2366,2366,2366,2366,2366,2366,2366,2366,2366,2208,2366,2208,2208,2208,2208,2208,2208,2208,2366,2366,2366,2208,2208,2208,2208,2208,2208,2208,2366,2366,2366,2366,2366,2548,2548,2548,2760,3312,3312,2366,2366,2366,2366,2366,2366,2366,2366,2366,2366
690,690,690,690,690,690,690,690,690,690,690,705,705,705,705,705,705,705,705,705,705,705,705,720,705,720,720,720,720,720,720,720,720,720,720,720,720,720,720,720,736,736,736,736,736,736,736,736,736,736,736,736,753,753,753,753,753,753,753,753,753,753,753,753,753,753,753,753,753,753,753,753,771,771,771,771,771,771,771,771,771,771,771,771,771,771,771,771,771,771,771,771,771,771,771,789,789,789,789,789,789,789,789,789,789,789,789,789,789,808,808,808,808,808,808,808,808,808,808,808,808,808,808,808,808,808,808,808,828,828,828,828,828,828,828,828,828,828,828,828,828,828,850,850,850,850,850,850,850,850,850,850,850,850,850,850,872,872,872,872,872,872,872,872,872,872,872,872,896,896,896,896,896,896,896,896,896,896,896,896,920,920,920,920,920,920,920,920,920,920,920,920,920,920,920,920,920,947,947,947,947,947,947,947,947,947,920,947,947,947,947,771,771,771,771,771,771,771,771,771,771,771,771,771,771,771,771,771,771,771,771,771,771,771,753,753,753,753,753,753,753,771,789,0,0,0,0,0,0,0,0,0,0,0,0,0,0,828,808,828,828,828,850,850,850,850,850,850,2070,0,0,0,0,676,676,676,676,676,1325,0,0,0,0,0,1325,1143,1143,1143,1143,1183,1183,1183,1183,1183,1183,1183,1183,1380,789,789,789,789,789,808,0,828,828,828,828,828,828,828,850,850,850,850,850,850,850,850,828,828,828,1035,0,0,0,0,0,4732,0,0,0,0,0,0,0,0,0,0,0,0,0,0,4732,736,736,736,1440,1380,1380,1440,1380,1380,1440,1440,1440,1440,1440,1440,1440,1440,1440,1440,1440,0,0,0,448,448,448,808,808,808,808,808,828,828,828,828,828,828,828,828,828,828,850,1656,1744,1744,1744,1840,0,0,0,0,0,1840,1840,0,771,0,0,0,0,0,0,1656,1656,1656,1656,1744,1840,1949,1949,2070,2070,2070,0,0,0,0,0,0,0,0,0,0,2208,0,0,0,0,0,0,2548,2548,1949,1949,1949,1949,1949,0,0,0,0,0,0,0,0,0,0,0,0,0,0,1506,1506,0,0,0,0,0,0,0,0,0,0,0,0,0,0,0,0,0,0,0,0,0,0,0,0,0,0,0,0,0,0,0,0,33119,0,0,0,0,0,0,3011,3011,3011,3011,3011,0,0,0,0,0,0,0,0,0,0,3011,3011,0,0,0,0,0,0,0,0,0,0,3011,3011,2548,2548,2548,2548,2548,2760,2760,2760,2548,2760,2760,2548,2548,2760,2548,2548,2548,2548,2548,2548,2548,2548,2548,2548,2548,2548,2548,2548,2548,2548,2548,2548,2548,2548,2548,2366,2366,2366,2366,2366,2548,2548,2548,2548,2548,2548,2548,0,0,0,0,2366,2366,2366,2366,2366,2366,2366,2366,2366,2366,2548,2548,2548,2366,2366,2366,2366,2366,2366,2366,2366,2366,2366,2208,2366,2208,2208,2208,2208,2208,2208,2208,2366,2366,2366,2208,2208,2208,2208,2208,2208,2208,2366,2208,2366,2366,2366,2548,2548,2548,2760,3312,3312,2366,2366,2366,2366,2366,2366,2366,2366,2366,2366
690,690,690,690,690,690,690,690,690,690,690,705,705,705,705,705,705,705,705,705,705,705,705,720,720,720,720,720,720,720,720,720,720,720,720,720,720,720,720,736,736,736,736,736,736,736,736,736,736,736,736,736,736,753,753,753,753,753,753,753,753,753,753,753,753,753,753,753,753,753,753,771,771,771,771,771,771,771,771,771,771,771,771,771,771,771,771,771,771,771,771,771,771,771,789,789,789,789,789,789,789,789,789,789,789,789,789,789,789,808,808,808,808,808,808,808,808,808,808,808,808,808,808,808,808,808,808,808,828,828,828,828,828,828,828,828,828,828,828,828,828,828,828,850,850,850,850,850,850,850,850,850,850,850,850,872,872,872,872,872,872,872,872,872,872,872,872,872,896,896,896,896,896,896,896,896,896,896,896,896,920,920,920,920,920,920,920,920,920,920,920,920,920,920,920,920,947,947,947,947,947,947,947,947,947,947,947,947,947,947,947,947,771,771,771,771,771,771,771,771,771,771,771,771,771,771,771,771,771,771,771,771,771,771,771,753,753,753,753,753,753,771,789,0,0,0,0,0,0,0,0,0,0,0,0,850,850,828,828,828,1578,1578,1578,1578,1578,1578,0,0,0,0,0,0,0,0,676,676,676,676,1325,0,0,0,0,0,1183,1143,1143,1143,1143,1143,1183,1183,1183,1183,1183,1183,1183,789,789,789,789,789,0,0,0,0,1325,828,828,828,828,828,850,850,850,850,850,850,850,850,850,828,828,1035,0,11040,0,11040,11040,4732,0,0,0,0,0,0,0,0,0,0,0,0,0,0,0,4732,736,8280,0,1440,1380,1440,1380,1380,1440,1440,1440,1440,1440,1440,1440,1440,1440,1440,1440,1440,1440,0,1440,448,808,808,808,808,808,808,828,828,828,828,828,828,828,828,828,828,828,1578,1744,1840,1840,0,0,0,0,0,0,1840,1840,0,771,0,0,0,0,0,0,1656,1656,1656,1656,1744,1840,1949,1949,2070,2070,2070,0,0,0,0,0,0,0,0,0,0,2208,0,0,0,0,0,0,0,2070,1949,1949,1949,1949,1949,1949,0,0,0,0,0,0,0,0,0,0,0,0,0,1506,1578,0,0,0,0,0,0,0,0,0,0,0,0,0,0,0,0,0,0,0,0,0,0,0,0,0,0,0,0,0,0,0,0,33119,0,0,0,0,0,0,3011,3011,3011,3011,3011,3011,0,0,0,0,0,0,0,0,3011,3011,3011,3011,3011,3011,0,3011,3011,3011,0,3011,0,3011,3011,2760,2760,2760,2760,2760,2760,2760,2760,2548,2760,2760,2548,2760,2760,2548,2548,2548,2548,2548,2548,2548,2548,2548,2548,2548,2548,2548,2548,2548,2548,2548,2548,2548,2548,2548,2548,2366,2548,2548,2366,2548,2548,2548,2548,2548,2548,2548,0,0,0,0,2366,2366,2366,2366,2366,2366,2366,2366,2366,2366,2548,2548,2548,2366,2366,2366,2366,2366,2366,2366,2366,2208,2366,2208,2366,2208,2208,2208,2208,2208,2208,2208,2366,2366,2208,2208,2208,2208,2208,2208,2208,2208,2208,2208,2366,2366,2366,2548,2548,2548,2760,3312,3312,2366,2366,2366,2366,2366,2366,2366,2366,2366,2366
690,690,690,690,690,690,690,690,690,690,690,690,705,705,705,705,705,705,705,705,705,705,705,705,720,720,720,720,720,720,720,720,720,720,720,720,720,720,720,736,736,736,736,736,736,736,736,736,736,736,736,736,736,736,736,736,736,736,753,753,753,753,753,753,753,753,753,753,753,753,753,771,771,771,771,771,771,771,771,771,771,771,771,771,771,771,771,771,771,771,771,771,771,771,789,789,789,789,789,789,789,789,789,789,789,789,789,789,789,789,808,808,808,808,808,808,808,808,808,808,808,808,808,808,808,808,808,808,828,828,828,828,828,828,828,828,828,828,828,828,828,828,828,850,850,850,850,850,850,850,850,850,850,850,850,872,872,872,872,872,872,872,872,872,872,872,872,872,896,896,896,896,896,896,896,896,896,896,896,896,920,920,920,920,920,920,920,920,920,920,920,920,920,920,920,920,947,947,947,947,947,947,947,947,947,947,947,947,947,947,947,947,947,771,771,771,771,771,771,771,771,771,771,771,771,771,771,771,771,771,771,771,771,771,771,753,753,753,753,753,753,0,0,0,0,0,0,0,0,0,0,872,850,850,850,850,850,828,828,828,1578,1578,0,0,0,0,0,0,0,0,0,0,0,0,2070,676,676,1506,0,0,0,0,0,33119,1183,1143,1143,1143,1143,1143,1183,1183,1183,1183,1183,789,789,789,789,789,789,789,0,0,0,0,0,828,828,828,828,3011,3011,3011,850,850,850,850,850,850,850,850,0,0,0,0,0,11040,11040,850,4732,4732,0,0,0,0,0,0,0,0,0,0,0,0,0,0,4732,8280,1440,1380,1380,1440,1380,1440,1440,1440,1440,1440,1440,1440,1440,1440,1440,1440,1440,1440,1440,1440,1440,0,828,828,808,828,828,828,828,828,828,828,828,828,828,828,828,828,850,1744,1840,1840,1840,0,0,0,0,0,0,0,0,0,771,0,0,0,0,0,0,1656,1656,1656,1744,1840,1840,1949,1949,2070,2070,2070,2070,0,0,0,0,0,0,0,0,2208,2070,2208,2208,0,0,0,0,0,2070,1949,1949,1949,1949,1949,1949,0,0,0,0,0,0,0,0,0,0,0,0,0,0,0,0,0,0,0,0,0,0,0,0,0,0,0,0,0,0,0,0,0,0,0,0,0,0,0,0,0,0,0,0,0,0,0,5520,33119,0,0,0,0,0,3011,3011,3011,3011,3011,3011,0,0,0,0,0,0,0,0,3011,3011,3011,3312,3312,3312,0,3011,3011,0,0,0,0,3011,3011,3011,2760,2760,2760,2760,2760,2760,2760,2760,2760,2760,2760,2760,2760,2548,2548,2548,2548,2548,2548,2548,2548,2548,2548,2548,2548,2548,2548,2548,2548,2548,2548,2548,2548,2548,2548,2366,2548,2548,2366,2548,2548,2548,2548,2548,2548,2548,2548,0,0,0,2366,2366,2366,2366,2366,2366,2366,2366,2366,2366,2548,2548,2366,2366,2366,2366,2366,2366,2366,2208,2366,2208,2208,2208,2366,2208,2208,2208,2208,2208,2208,2208,2366,2366,2208,2208,2208,2208,2208,2208,2208,2208,2208,2208,2366,2366,2366,2548,2548,2548,2548,3312,3312,2366,2366,2366,2366,2366,2366,2366,2366,2366,2366
690,690,690,690,690,690,690,690,690,690,690,690,705,705,705,705,705,705,705,705,705,705,705,705,705,720,720,720,720,720,720,720,720,720,720,720,720,720,720,736,736,736,736,736,736,736,736,736,736,736,736,736,736,736,736,736,736,753,753,753,753,753,753,753,753,753,753,753,753,753,753,771,771,771,771,771,771,771,771,771,771,771,771,771,771,771,771,771,771,771,771,771,771,789,789,789,789,789,789,789,789,789,789,789,789,789,789,789,789,789,808,808,808,808,808,808,808,808,808,808,808,808,808,808,808,808,808,828,828,828,828,828,828,828,828,828,828,828,828,828,828,828,828,850,850,850,850,850,850,850,850,850,850,850,872,872,872,872,872,872,872,872,872,872,872,872,872,872,896,896,896,896,896,896,896,896,896,896,896,896,920,920,920,920,920,920,920,920,920,920,920,920,920,920,920,947,947,947,947,947,947,947,947,947,947,947,947,0,947,947,947,947,947,947,975,771,771,771,771,771,771,771,771,771,771,771,771,771,771,771,771,771,771,771,771,753,753,753,753,753,753,0,0,0,0,0,0,0,0,0,0,872,850,850,850,850,850,850,850,1578,0,0,0,0,0,0,0,0,0,0,0,0,0,0,0,0,0,0,0,0,0,0,0,1578,1183,1143,1143,1143,1143,1143,1183,1183,1143,1143,789,789,789,789,789,789,789,808,0,0,0,0,0,828,828,828,1578,3011,3011,3011,3011,850,850,850,850,850,850,850,0,0,0,0,0,0,1035,850,850,850,4732,0,0,0,0,0,0,0,0,0,0,0,0,0,0,0,1380,1380,1380,1380,1380,1380,1440,1440,1440,1440,1440,1440,1440,1440,1440,1440,1440,1440,1440,1440,1440,1440,828,828,808,828,828,828,828,828,828,828,828,828,828,828,828,828,828,1578,1840,0,0,0,0,0,0,0,0,0,1840,0,771,0,0,0,0,0,0,1656,1656,1744,1840,1840,1840,1840,1949,2070,2070,2070,2070,2070,1949,0,0,0,2070,2070,2070,2070,2070,2070,2070,2070,2208,2548,2548,2070,1949,1949,1949,1949,1949,1949,1949,0,0,0,0,0,0,0,0,0,0,0,0,0,0,0,0,0,0,0,0,0,0,0,0,0,0,0,0,0,0,0,0,0,0,0,0,0,0,0,0,0,0,0,0,0,0,0,33119,33119,0,0,0,0,0,3011,3011,3011,3011,3011,3011,0,0,0,0,0,0,0,0,3011,3011,3011,0,0,0,0,3011,3011,0,0,0,0,0,0,3011,2760,2760,2760,2760,2760,2760,2760,2760,2760,2760,2760,2760,0,2548,2548,2548,2548,2548,2548,2548,2548,2548,2548,2548,2548,2548,2548,2548,2548,2548,2548,2548,2548,2548,2548,2366,2548,2548,2366,2548,2548,2548,2548,2548,2548,2548,2548,2548,2366,0,2366,2366,2366,2366,2366,2366,2366,2366,2366,2366,2548,2548,2548,2366,2366,2208,2208,2208,2208,2208,2208,2208,2208,2208,2366,2208,2208,2208,2208,2208,2208,2208,2208,2208,2208,2208,2208,2208,2208,2208,2208,2208,2208,2208,2366,2366,2366,2366,2548,2548,2548,2548,2366,2366,2366,2366,2366,2366,2366,2366,2366,2366,2366
690,690,690,690,690,690,690,690,690,690,690,690,705,705,705,705,705,705,705,705,705,705,705,705,720,720,720,720,720,720,720,720,720,720,720,720,720,720,720,736,736,736,736,736,736,736,736,736,736,736,736,736,736,736,736,736,736,753,753,753,753,753,753,753,753,753,753,753,753,753,753,753,753,753,771,771,771,771,771,771,771,771,771,771,771,771,771,771,771,771,771,771,789,789,789,789,789,789,789,789,789,789,789,789,789,789,789,789,789,789,808,808,808,808,808,808,808,808,808,808,808,808,808,808,808,808,808,828,828,828,828,828,828,828,828,828,828,828,828,828,828,828,850,850,850,850,850,850,850,850,850,850,850,850,872,872,872,872,872,872,872,872,872,872,872,872,872,872,872,896,896,896,896,896,896,896,896,896,896,896,896,920,920,920,920,920,920,920,920,920,920,920,920,920,947,947,947,947,947,947,947,947,947,947,947,947,975,0,975,975,975,0,0,0,0,33119,771,771,771,771,771,789,789,789,789,771,771,771,771,771,771,771,771,771,771,771,753,753,753,753,0,0,0,0,0,0,0,0,0,0,0,872,850,850,850,850,850,850,850,1578,1578,1578,0,0,0,0,0,0,0,0,0,0,0,0,0,0,0,0,0,0,0,0,0,1578,1183,1143,1143,1143,1143,1143,1143,1143,789,789,789,789,789,789,789,789,789,808,0,0,0,1325,828,828,828,828,828,1183,3011,0,3011,1183,850,850,850,850,850,808,872,1035,1035,1035,0,1035,1035,690,690,690,4732,0,0,0,0,0,0,0,0,0,0,0,0,0,8280,8280,1380,1380,1380,1380,1380,1380,1380,1380,1440,1440,1440,1440,1440,1440,1440,1440,1440,1440,1440,1440,1440,1440,828,828,828,828,828,828,828,828,828,828,828,828,828,828,828,828,828,1840,1840,1840,1840,1949,0,0,0,0,0,1949,1840,0,771,0,0,0,0,920,1656,1656,1656,1744,1840,1840,1840,1840,1840,1949,1949,1949,1840,1840,1840,2070,2070,2070,2070,2070,2070,1949,1949,1840,1840,2070,2070,2548,2548,2548,1949,1949,1949,1949,1949,1949,2070,0,0,0,0,0,0,0,0,0,0,0,0,0,0,0,0,0,0,0,0,0,0,0,0,0,0,0,0,0,0,0,0,0,0,0,0,0,0,0,0,0,0,0,0,0,0,0,33119,33119,0,0,0,0,0,3011,3011,3011,3011,3011,3011,0,0,0,0,0,0,0,0,3011,0,3011,0,0,0,0,3011,3011,0,0,0,0,0,0,3011,2760,2760,2760,2548,2760,2760,2760,2760,2760,2760,2760,2760,0,2548,2548,2548,2366,2366,2548,2548,2548,2548,2548,2548,2548,2548,2548,2548,2548,2548,2548,2548,2548,2548,2548,2366,2548,2548,2366,2548,2548,2548,2366,2366,2366,2366,2366,2366,2366,2366,2366,2366,2366,2366,2366,2366,2366,2366,2366,2366,2366,2548,2366,2366,2366,2208,2208,2208,2208,2208,2208,2208,2208,2208,2208,2208,2208,2208,2208,2208,2208,2208,2208,2208,2208,2208,2208,2208,2208,2208,2208,2208,2208,2208,2208,2366,2366,2366,2548,2548,2548,2548,2366,2366,2366,2366,2366,2366,2366,2366,2366,2366,2366
690,690,690,690,690,690,690,690,690,690,690,690,690,705,705,705,705,705,705,705,705,705,705,720,720,720,720,720,720,720,720,720,720,720,720,720,720,720,720,736,736,736,736,736,736,736,736,736,736,736,736,736,736,736,753,753,753,753,753,753,753,753,753,753,753,753,753,753,753,753,753,753,753,753,753,753,771,771,771,771,771,771,771,771,771,771,771,771,771,771,771,771,789,789,789,789,789,789,789,789,789,789,789,789,789,789,789,789,789,789,808,808,808,808,808,808,808,808,808,808,808,808,808,808,808,808,828,828,828,828,828,828,828,828,828,828,828,828,828,828,828,828,828,850,850,850,850,850,850,850,850,850,850,850,872,872,872,872,872,872,872,872,872,872,872,872,872,872,896,896,896,896,896,896,896,896,896,896,896,896,896,896,896,896,920,920,920,920,920,920,920,920,920,920,920,947,947,947,947,947,947,947,947,947,947,947,975,975,975,0,0,0,0,0,0,1274,771,771,771,789,4732,11040,11040,0,0,789,16560,16560,771,771,771,771,771,771,771,771,753,753,753,753,0,0,0,0,0,1840,0,0,0,0,850,850,850,850,850,850,850,850,850,1578,1578,1578,0,0,0,0,0,0,0,0,0,0,0,0,0,0,0,0,0,0,0,0,0,1578,1578,1183,1143,1143,1143,1143,1143,789,789,789,789,789,789,789,789,789,808,808,808,808,808,828,828,828,828,828,828,1183,0,0,0,3011,850,850,850,808,808,808,808,808,808,808,1035,690,690,690,690,690,0,0,0,0,0,0,0,0,0,0,0,0,0,0,11040,8280,1380,1380,1380,1380,1380,1380,1380,1380,1440,1440,1440,1440,1440,1440,1440,1440,1440,1440,1440,1440,1440,1440,828,828,808,828,828,828,828,828,828,828,828,828,828,828,828,828,828,1840,1840,0,0,0,0,0,0,0,0,1949,975,0,771,0,0,0,872,920,920,920,1656,1744,1840,1840,1840,1840,1840,1840,1840,1840,1840,1840,1840,1840,1840,1840,1949,1840,1840,1840,1840,1840,1840,1840,2070,0,0,0,1949,1949,1949,1949,1949,1949,2070,0,0,0,0,0,0,0,0,0,0,0,0,0,0,0,0,0,0,0,0,0,0,0,0,0,0,0,0,0,0,0,0,0,0,0,0,0,0,0,0,0,0,0,0,0,0,0,33119,33119,0,0,0,0,3011,3011,3011,3011,3011,3011,3011,3011,0,0,0,0,0,0,0,3011,0,3011,0,0,0,0,3011,3011,0,0,0,0,0,0,0,2760,0,2760,2760,2760,2760,2760,2760,2760,2760,2548,2548,2760,2548,2548,2548,2366,2366,2548,2548,2548,2548,2548,2548,2548,2548,2548,2548,2548,2548,2548,2548,2548,2548,2548,2366,2548,2548,2366,2548,2548,2548,2366,2366,2366,2366,2366,2366,2366,2366,2366,2366,2366,2366,2366,2366,2366,2366,2366,2366,2366,2366,2366,2366,2366,2208,2208,2208,2208,2208,2208,2208,2208,2208,2208,2208,2208,2208,2208,2208,2208,2208,2208,2208,2208,2208,2208,2208,2208,2208,2208,2208,2208,2208,2208,2366,2366,2366,2548,2548,2548,2548,2366,2366,2208,2208,2208,2208,2208,2208,2208,2208,2208
690,690,690,690,690,690,690,690,690,690,690,690,690,690,705,705,705,705,705,705,705,705,720,720,720,720,720,720,720,720,720,720,720,720,720,720,720,720,720,736,736,736,736,736,736,736,736,736,736,736,736,736,736,736,753,753,753,753,753,753,753,753,753,753,753,753,753,753,753,753,753,753,753,753,753,753,753,771,771,771,771,771,771,771,771,771,771,771,771,771,771,771,789,789,789,789,789,789,789,789,789,789,789,789,789,789,789,789,789,789,808,808,808,808,808,808,808,808,808,808,808,808,808,808,808,808,828,828,828,828,828,828,828,828,828,828,828,828,828,828,828,828,828,850,850,850,850,850,850,850,850,850,850,850,872,872,872,872,872,872,872,872,872,872,872,872,872,872,872,896,896,896,896,896,896,896,896,789,789,789,789,789,789,789,808,808,808,808,808,920,920,920,920,920,947,947,947,947,947,947,947,947,947,947,975,975,0,0,0,0,0,0,0,0,0,1274,771,771,771,771,789,4732,789,789,789,789,789,16560,16560,0,0,0,771,771,771,771,753,753,753,753,0,0,0,0,0,828,828,828,850,828,828,850,850,850,850,850,850,850,850,1578,1578,0,0,0,0,0,0,0,0,0,0,0,0,0,0,0,0,0,0,0,0,0,0,0,1578,1578,1183,1183,1143,1143,789,789,789,789,789,789,789,789,789,808,808,808,808,808,808,828,808,828,828,828,828,1183,2366,0,0,1183,850,690,690,690,690,690,690,705,705,705,705,1035,705,2208,2208,8280,0,0,0,0,0,0,0,0,0,0,0,0,0,11040,11040,8280,1380,1380,1380,1380,1380,1380,1380,1380,1380,1440,1440,1440,1440,1440,1440,1440,1440,1440,1440,1440,1440,1440,828,828,808,828,828,828,828,828,828,828,828,828,828,828,828,828,828,1840,1840,1840,1840,1949,2070,0,0,0,0,975,975,808,771,872,0,872,808,896,896,896,1656,1744,1840,1840,1840,1840,1840,1840,1840,1840,1840,1840,1840,1840,1840,1840,1949,1840,1840,1840,1840,1840,1840,1840,2366,0,0,0,1949,1949,1949,1949,1949,1949,2070,0,0,0,0,0,0,0,0,0,0,0,0,0,0,0,0,0,0,0,0,0,0,0,0,0,0,0,0,0,0,0,0,0,0,0,0,0,0,0,0,0,0,0,0,0,0,0,33119,33119,0,0,0,0,0,3011,3011,3011,3011,3011,3011,3312,0,0,0,0,0,0,0,3011,3011,3011,0,0,0,0,0,0,0,0,0,0,0,0,0,2760,2760,2760,2548,2548,2760,2760,2760,2760,2760,2548,2548,2760,2548,2548,2548,2366,2366,2548,2548,2548,2548,2548,2548,2548,2548,2548,2548,2548,2548,2548,2548,2548,2548,2548,2366,2548,2548,2366,2548,2548,2366,2366,2366,2366,2366,2366,2366,2366,2366,2366,2366,2366,2366,2366,2366,2366,2366,2366,2366,2366,2366,2366,2366,2366,2208,2208,2208,2208,2208,2208,2208,2208,2208,2208,2208,2208,2208,2208,2208,2208,2208,2208,2208,2208,2208,2208,2208,2208,2208,2208,2208,2208,2208,2208,2366,2366,2366,2548,2760,2760,2760,2366,2366,2208,2208,2208,2208,2208,2208,2208,2208,2208
690,690,690,690,690,690,690,690,690,690,690,690,690,705,705,705,705,705,705,705,705,705,720,720,720,720,720,720,720,720,720,720,720,720,720,720,720,720,720,736,736,736,736,736,736,736,736,736,736,736,736,736,736,736,753,753,753,753,753,753,753,753,753,753,753,753,753,753,753,753,753,753,753,753,753,753,753,771,771,771,771,771,771,771,771,771,771,771,771,771,771,789,789,789,789,789,789,789,789,789,789,789,789,789,789,789,789,789,789,789,808,808,808,808,808,808,808,808,808,808,808,808,808,808,808,808,828,828,828,828,828,828,828,828,828,828,828,828,828,828,828,828,828,850,850,850,850,850,850,850,850,850,850,850,850,850,872,872,872,872,872,872,872,872,872,872,872,872,872,872,872,896,896,896,789,789,789,789,789,789,789,789,789,789,789,789,789,789,789,789,789,920,920,920,947,0,0,0,0,0,947,947,947,947,975,975,0,0,0,0,0,0,0,0,33119,1274,663,663,676,676,676,4732,789,789,789,789,789,16560,16560,16560,0,0,771,771,771,771,753,753,753,753,0,0,0,0,0,828,828,828,828,828,828,828,828,808,850,850,850,808,850,1506,1578,1578,1578,0,0,0,0,0,0,0,0,0,0,0,0,0,0,0,0,0,0,1578,0,1578,1143,1578,1143,1143,1143,789,789,789,789,789,789,789,789,789,808,808,808,808,808,808,808,808,808,808,828,828,828,1183,1578,1578,705,690,690,690,690,690,690,690,690,690,705,705,690,690,705,2208,0,0,0,0,0,0,0,0,0,0,0,0,0,0,0,0,0,0,0,8280,1380,1380,1380,1380,1380,1380,1380,1380,1440,1440,1440,1440,1440,1440,1440,1440,1440,1440,1440,1440,828,828,808,828,828,828,828,828,828,828,828,828,828,828,828,828,828,1840,1949,0,0,0,0,0,0,0,0,1949,0,872,789,872,0,872,808,896,896,896,1656,1744,1744,1840,1840,1840,1840,1840,1840,1840,1840,1840,0,0,1840,1840,1949,1840,1840,1840,1840,1840,1840,2208,2366,0,0,2366,1949,1949,1949,1949,1949,1949,2070,2070,0,0,0,0,0,0,0,0,0,0,0,0,0,0,0,0,0,0,0,0,0,0,0,0,0,0,0,0,0,0,0,0,0,0,0,0,0,0,0,0,0,0,0,0,0,0,33119,33119,0,0,0,0,3011,3011,3011,3011,3011,3011,3011,0,0,0,0,0,0,0,3011,3011,3011,3011,3011,3011,0,0,0,0,0,0,0,0,0,0,3011,2760,2760,2548,2548,2548,2760,2760,2760,2760,2760,2548,2548,2760,2548,2548,2548,2366,2366,2548,2548,2548,2548,2548,2548,2548,2548,2548,2548,2548,2548,2548,2548,2548,2548,2548,2366,2548,2548,2366,2548,2548,2548,2366,2366,2366,2366,2366,2366,2366,2366,2366,2366,2366,2366,2366,2366,2366,2366,2366,2366,2366,2366,2366,2366,2366,2208,2208,2208,2208,2208,2208,2208,2208,2208,2208,2208,2208,2208,2208,2208,2208,2208,2208,2208,2208,2208,2208,2208,2208,2208,2208,2208,2208,2208,2208,2366,2366,2366,2548,2760,2760,2760,2366,2208,2208,2208,2208,2208,2208,2208,2208,2208,2208
690,690,690,690,690,690,690,690,690,690,690,690,690,705,705,705,705,705,705,705,705,705,720,720,720,720,720,720,720,720,720,720,720,720,720,720,720,720,720,736,736,736,736,736,736,736,736,736,736,736,736,736,736,736,736,736,753,753,753,753,753,753,753,753,753,753,753,753,753,753,753,753,753,753,753,753,771,771,771,771,771,771,771,771,771,771,771,771,771,771,771,771,789,789,789,789,789,789,789,789,789,789,789,789,789,789,789,789,789,789,808,808,808,808,808,808,808,808,808,808,808,808,808,808,808,808,828,828,828,828,828,828,828,828,828,828,828,828,828,828,828,828,828,828,850,850,850,850,850,850,850,850,850,850,850,850,872,872,872,872,872,872,872,872,872,872,872,872,872,872,789,789,789,789,771,771,771,771,771,789,789,789,789,789,789,789,789,789,789,789,789,789,789,789,789,0,0,0,0,0,0,0,0,0,0,975,0,0,0,0,0,0,0,0,789,663,663,663,663,676,676,676,676,690,690,690,705,705,753,753,753,753,753,771,0,771,753,753,753,753,0,0,0,0,1840,828,808,808,828,808,808,808,808,808,808,808,828,808,850,771,1506,1578,1578,1578,0,0,0,0,0,0,0,0,0,0,0,0,0,0,0,0,705,720,720,720,720,1578,0,0,789,789,789,789,789,789,789,789,789,808,808,808,808,808,808,808,808,808,808,828,828,2366,850,1183,2366,1183,690,690,690,690,690,690,690,690,690,690,705,690,690,705,1380,0,0,0,0,0,0,0,0,0,0,0,0,0,0,0,0,11040,0,0,0,0,1440,1380,1380,1380,1380,1380,1380,1380,1440,1440,1440,1440,1440,1440,1440,1440,1440,1440,1440,1440,828,828,808,828,828,828,828,828,828,828,828,828,828,828,828,828,828,1840,1840,1840,1949,1949,0,0,0,0,0,0,0,872,808,872,896,872,808,896,896,896,1656,1656,1744,1744,1744,1840,1840,1840,1949,1949,1840,2208,0,0,0,0,2208,1949,1949,1949,1949,2208,2208,2366,0,0,0,0,2548,1949,1949,1949,1949,1949,1949,2070,0,0,0,0,0,0,0,0,0,0,0,0,0,0,0,0,0,0,0,0,0,0,0,0,0,0,0,0,0,0,0,0,0,0,0,0,0,0,0,0,0,0,0,0,0,0,33119,33119,0,0,0,0,3011,3011,3011,3011,3011,3011,3011,0,0,0,0,0,0,0,3011,3011,3011,3011,3011,3011,3011,3011,0,0,0,0,0,0,0,0,2760,2548,2548,2548,2548,2548,2548,2760,2760,2760,2760,2548,2548,2760,2548,2548,2548,2366,2548,2548,2548,2548,2548,2548,2548,2548,2548,2548,2548,2548,2548,2548,2548,2548,2548,2548,2366,2548,2548,2366,2548,2548,2548,2366,2366,2366,2366,2366,2366,2366,2366,2366,2366,2366,2366,2366,2366,2366,2366,2366,2366,2366,2366,2366,2366,2366,2208,2208,2208,2208,2208,2208,2208,2208,2208,2208,2208,2208,2208,2208,2208,2208,2208,2208,2208,2208,2208,2208,2208,2208,2208,2208,2208,2208,2208,2208,2208,2366,2548,2548,2760,2760,3312,3312,2208,2208,2208,2208,2208,2208,2208,2208,2208,2208
690,690,690,690,690,690,690,690,690,690,690,690,705,705,705,705,705,705,705,705,705,705,720,720,720,720,720,720,720,720,720,720,720,720,720,720,720,720,720,736,736,736,736,736,736,736,736,736,736,736,736,736,736,736,736,736,736,753,753,753,753,753,753,753,753,753,753,753,753,753,753,753,753,771,771,771,771,771,771,771,771,771,771,771,771,771,771,771,771,771,771,771,789,789,789,789,789,789,789,789,789,789,789,789,789,789,789,789,789,789,789,808,808,808,808,808,808,808,808,808,808,808,808,808,808,808,828,828,828,828,828,828,828,828,828,828,828,828,828,828,828,828,828,828,828,828,828,828,828,828,850,850,850,850,850,850,872,872,872,872,872,872,872,872,872,872,872,872,789,771,771,771,771,771,771,771,771,771,771,771,771,771,789,789,789,789,789,789,789,789,789,789,789,789,789,789,0,0,0,0,0,0,0,0,0,0,0,0,0,0,0,33119,789,705,676,663,663,663,676,676,676,676,676,676,690,690,705,705,705,705,705,705,705,753,753,753,753,753,753,753,0,0,0,0,1840,808,808,808,808,808,808,808,808,808,808,808,808,789,753,753,771,771,771,771,771,771,0,0,0,0,0,0,0,0,650,0,0,0,0,0,720,720,720,720,720,1578,0,789,789,789,789,789,789,789,789,789,789,789,808,808,808,808,808,808,808,808,808,828,850,2366,850,850,705,690,690,690,690,690,690,690,690,690,2208,2208,2208,2208,2208,2208,2208,0,0,0,0,0,0,0,0,0,0,0,0,0,0,0,11040,11040,0,0,0,0,0,1380,1380,1380,1380,1380,1380,1380,1440,1440,1440,1440,1440,1440,1440,1440,1440,1440,1440,1440,828,828,808,828,828,828,828,828,828,828,828,828,828,828,828,828,828,1840,0,0,0,0,0,0,0,0,0,1578,1004,850,808,872,896,872,808,872,850,850,896,1656,1656,1656,1656,1744,1840,1840,1949,1949,2208,0,0,0,0,0,2366,2208,2208,2208,2208,0,0,0,0,0,0,0,0,2208,1949,1949,1949,1949,1949,1949,1949,0,0,0,0,0,0,0,0,0,0,0,0,0,0,0,0,0,0,0,0,0,0,0,0,0,0,0,0,0,0,0,0,0,0,0,0,0,0,0,0,0,0,0,0,0,33119,0,0,0,0,0,3011,3011,3011,3011,3011,3011,3312,0,0,0,0,0,0,0,3011,3011,3011,3011,3011,3011,3011,3011,3011,3011,0,0,0,0,0,3011,2548,2548,2548,2548,2548,2548,2548,2548,2548,2760,2760,2548,2548,2548,2548,2548,2548,2548,2548,2548,2548,2548,2548,2548,2548,2548,2548,2548,2548,2548,2548,2548,2548,2548,2548,2548,2366,2548,2548,2366,2548,2548,2548,2366,2366,2366,2366,2366,2366,2366,0,2366,2366,2366,2366,2366,2366,2366,2366,2366,2366,2366,2366,2366,2366,2366,2208,2208,2208,2208,2208,2208,2208,2208,2208,2208,2208,2208,2208,2208,2208,2208,2208,2208,2208,2208,2208,2208,2208,2208,2208,2208,2208,2208,2208,2208,2208,2366,2548,2548,2760,2760,3312,3312,2208,2208,2208,2208,2208,2208,2208,2208,2208,2208
690,690,690,690,690,690,690,690,690,690,690,705,705,705,705,705,705,705,705,705,705,705,705,720,720,720,720,720,720,720,720,720,720,720,720,720,720,720,720,736,736,736,736,736,736,736,736,736,736,736,736,736,736,736,736,736,736,736,753,753,753,753,753,753,753,753,753,753,753,753,753,753,753,771,771,771,771,771,771,771,771,771,771,771,771,771,771,771,771,771,771,771,789,789,789,789,789,789,789,789,789,789,789,789,789,789,789,789,789,789,789,808,808,808,808,808,808,808,808,808,808,808,808,808,808,808,828,828,828,828,828,828,828,828,828,828,828,828,828,828,828,828,828,828,828,828,828,828,828,828,850,850,850,850,850,850,850,872,828,828,872,872,872,872,872,872,808,789,789,771,771,771,771,771,771,771,771,771,771,771,771,771,771,771,771,771,771,771,771,771,771,789,789,789,789,789,789,0,0,0,0,0,0,0,0,0,0,0,0,0,1183,705,705,705,676,676,676,676,676,676,676,676,676,690,690,690,705,705,705,705,705,705,705,705,720,753,753,753,753,1840,0,0,0,1840,1744,808,808,808,808,808,808,808,808,808,808,808,808,789,753,753,753,771,771,771,753,753,753,753,0,0,0,0,0,0,650,0,0,0,720,720,720,720,720,720,720,0,0,789,789,789,789,789,789,789,789,789,789,789,789,808,808,808,808,808,808,771,771,771,771,2366,720,705,690,690,690,690,690,690,690,690,1578,2366,3680,0,2366,2208,2208,0,0,0,0,0,0,0,0,0,0,0,0,0,0,0,0,0,0,0,0,0,0,0,0,1380,1380,1380,1380,1380,1380,1380,1440,1440,1440,1440,1440,1440,1440,1440,1440,1440,1440,1440,828,828,828,828,828,828,828,828,828,828,828,828,828,828,828,828,828,1840,1840,1840,1949,2070,0,0,0,0,0,0,0,872,850,872,872,872,872,872,850,850,850,896,850,850,850,850,1744,1840,1840,1949,2208,0,0,0,0,0,0,0,0,0,0,0,0,0,0,0,0,0,0,0,2208,2070,1949,1949,2070,1949,1949,0,0,0,0,0,0,0,0,0,0,0,0,0,0,0,0,0,0,0,0,0,0,0,0,0,0,0,0,0,0,0,0,0,0,0,0,0,0,0,0,0,0,0,0,0,0,0,0,0,0,0,3011,3011,3011,3011,3011,3011,0,0,0,0,0,0,0,0,3011,3011,3011,2548,2548,3011,3011,3011,0,0,0,0,0,3011,2548,2548,2548,2548,2548,2548,2548,2548,2548,2548,2548,2760,2548,2548,2548,2548,2548,2548,2548,2548,2548,2548,2548,2548,2548,2548,2548,2548,2548,2548,2548,2548,2548,2548,2548,2548,2548,2548,2366,2548,2548,2366,2548,2548,2548,2366,2366,2366,2366,2366,2366,2366,2366,2366,2366,2366,2366,2366,2366,2366,2366,2366,2366,2548,2548,2366,2366,2366,2208,2208,2208,2208,2208,2208,2208,2208,2208,2208,2208,2208,2208,2208,2208,2208,2208,2208,2208,2208,2208,2208,2208,2208,2208,2208,2208,2208,2208,2208,2366,2548,2548,2548,2760,2760,3011,3011,2366,2208,2208,2208,2208,2208,2208,2208,2208,2208
690,690,690,690,690,690,690,690,690,690,705,705,705,705,705,705,705,705,705,705,705,705,705,720,720,720,720,720,720,720,720,720,720,720,720,720,720,720,720,736,736,736,736,736,736,736,736,736,736,736,736,736,736,736,736,736,736,736,753,753,753,753,753,753,753,753,753,753,753,753,753,753,771,771,771,771,771,771,771,771,771,771,771,771,771,771,771,771,771,771,771,771,789,789,789,789,789,789,789,789,789,789,789,789,789,789,789,789,789,789,808,808,808,808,808,808,808,808,808,808,808,808,808,808,808,828,828,828,828,828,828,828,828,828,828,828,828,828,828,828,828,828,828,828,828,828,828,828,828,828,828,828,850,850,828,828,828,771,771,771,771,789,789,789,789,789,771,789,771,771,771,771,771,771,771,771,771,771,771,771,771,771,771,771,771,771,771,771,771,771,771,771,789,789,789,789,789,789,789,0,0,3312,0,0,0,0,0,0,1183,705,663,650,663,663,676,676,676,676,676,676,676,676,690,690,690,705,705,705,705,705,705,705,705,705,720,720,736,753,753,1840,0,0,0,1840,808,808,808,808,808,808,808,808,808,808,808,808,808,789,753,753,753,753,753,753,753,753,753,753,753,0,0,0,0,0,637,650,0,0,720,720,720,720,720,720,720,808,808,789,789,789,789,789,789,789,789,789,789,789,789,789,808,808,808,808,771,771,771,4732,4732,4732,705,705,705,705,705,3680,1578,1578,1578,1578,4732,0,0,0,3680,2208,2208,0,2208,0,0,0,0,0,0,0,0,0,0,0,0,0,0,0,0,0,0,0,0,0,0,1380,1380,1380,1380,1380,1380,1380,1440,1440,1440,1440,1440,1440,1440,1440,1440,1440,1440,828,828,828,828,828,828,828,828,828,828,828,828,828,828,828,828,828,828,1840,1840,0,0,0,0,0,0,0,0,0,0,872,872,872,872,872,872,872,850,850,850,850,850,850,850,828,828,828,1840,1840,2208,0,0,0,0,0,2366,0,0,0,0,0,0,0,0,0,0,0,0,0,0,0,2070,2070,2070,1840,1840,1949,0,0,0,0,0,0,0,0,0,0,0,0,0,0,0,0,0,0,0,0,0,0,0,0,0,0,0,0,0,0,0,0,0,0,0,0,0,0,0,0,0,0,0,0,0,0,0,0,0,0,3011,3011,3011,3011,3011,3011,3312,0,0,0,0,0,0,0,0,0,0,2548,2548,3011,3011,3011,3011,0,0,0,0,3011,2548,2548,2548,2548,2548,2548,2548,2548,2548,2548,2548,2548,2548,2548,2548,2548,2548,2548,2548,2548,2548,2548,2548,2548,2548,2548,2548,2548,2548,2548,2548,2548,2548,2548,2548,2548,2548,2548,2366,2548,2548,2366,2548,2548,2548,2366,2366,2366,2366,2366,2366,0,0,2366,2366,2366,2366,2366,2366,2366,2366,2366,2366,2548,2548,2366,2366,2366,2208,2208,2208,2208,2208,2208,2208,2208,2208,2208,2208,2208,2208,2208,2208,2208,2208,2208,2208,2208,2208,2208,2208,2208,2208,2208,2208,2208,2208,2208,2366,2548,2548,2548,2760,2760,2760,2366,2208,2208,2208,2208,2208,2208,2208,2208,2208,2208
690,690,690,690,690,690,690,690,690,690,690,705,705,705,705,705,705,705,705,705,705,705,705,720,720,720,720,720,720,720,720,720,720,720,720,720,720,720,720,720,736,736,736,736,736,736,736,736,736,736,736,736,736,736,736,736,736,736,753,753,753,753,753,753,753,753,753,753,753,753,753,753,753,753,771,771,771,771,771,771,771,771,771,771,771,771,771,771,771,771,771,771,789,789,789,789,789,789,789,789,789,789,789,789,789,789,789,789,789,789,808,808,808,808,808,808,808,808,808,808,808,808,808,808,808,828,828,828,828,828,828,828,828,828,828,828,828,828,828,828,828,828,828,828,828,850,850,850,828,828,828,828,828,828,828,789,771,771,771,771,771,771,771,771,771,771,771,771,771,771,771,771,771,771,771,771,771,771,771,771,771,771,771,771,771,771,771,771,771,771,771,771,771,771,771,789,789,789,789,789,789,789,771,771,896,896,1004,896,650,650,650,650,650,663,676,676,676,676,676,676,676,690,690,690,690,705,705,705,705,705,705,705,705,720,720,720,720,736,753,753,0,0,0,808,808,808,808,808,808,808,808,808,808,808,808,808,808,828,828,753,753,753,753,753,753,753,753,753,753,0,0,0,0,0,650,650,0,0,0,720,720,720,720,789,828,0,808,808,808,789,789,789,789,789,789,789,789,789,789,789,808,808,789,771,771,771,771,771,4732,4732,720,0,0,0,0,0,3680,3680,3680,0,0,0,0,0,2366,2208,2208,0,2208,0,0,0,0,0,0,0,0,0,0,0,0,0,0,0,0,0,0,0,0,0,1380,1380,1380,1380,1380,1380,1380,1440,1440,1440,1440,1440,1440,1440,1440,1440,1440,1440,1440,828,828,828,828,828,828,828,828,828,828,828,828,828,828,828,828,828,828,828,1840,1840,1840,2070,2070,2070,2070,0,0,0,0,872,872,872,872,872,872,872,850,850,850,850,850,850,850,828,828,828,828,828,1840,2208,2208,0,0,0,2208,0,0,0,0,0,0,0,0,0,0,0,0,0,0,0,0,0,0,2070,1949,0,0,1949,0,0,0,0,0,0,0,0,0,0,0,0,0,0,0,0,0,0,0,0,0,0,0,0,0,0,0,0,0,0,0,0,0,0,0,0,0,0,0,0,0,0,0,0,0,0,0,0,3011,3011,3011,3011,3011,3011,3312,0,0,0,0,0,0,0,0,0,0,2548,2548,3011,3011,3011,3312,3312,0,0,0,0,3011,2548,2548,2548,2548,2548,2548,2548,2548,2548,2548,2548,2548,2548,2548,2548,2548,2548,2548,2548,2548,2548,2548,2548,2548,2548,2548,2548,2548,2548,2548,2548,2548,2548,2548,2548,2548,2548,2366,2548,2548,2366,2548,2548,2548,2548,2548,2366,2366,2366,2366,2366,2366,2366,2366,2366,2366,2366,2366,2366,2366,2366,2366,2548,2548,2366,2366,2366,2208,2208,2208,2208,2208,2208,2208,2208,2208,2208,2208,2208,2208,2208,2208,2208,2208,2208,2208,2208,2208,2208,2208,2208,2208,2208,2208,2208,2208,2208,2366,2548,2548,2548,2760,2760,2760,2366,2366,2366,2366,2208,2208,2208,2208,2208,2208,2208
690,690,690,690,690,690,690,690,690,690,705,705,705,705,705,705,705,705,705,705,705,705,705,720,720,720,720,720,720,720,720,720,720,720,720,720,720,720,720,720,736,736,736,736,736,736,736,736,736,736,736,736,736,736,736,736,736,736,753,753,753,753,753,753,753,753,753,753,753,753,753,753,753,753,753,753,771,771,771,771,771,771,771,771,771,771,771,771,771,771,771,789,789,789,789,789,789,789,789,789,789,789,789,789,789,789,789,789,789,808,808,808,808,808,808,808,808,808,808,808,808,808,808,808,808,828,828,828,828,828,828,828,828,828,828,828,828,828,828,828,828,828,828,828,850,850,850,850,850,850,850,850,872,828,789,771,771,771,771,771,771,771,771,771,771,771,771,771,771,771,771,771,771,771,771,771,771,771,771,771,771,771,771,771,771,771,771,771,771,771,771,771,771,771,771,771,789,789,789,789,789,789,771,771,771,650,1004,1004,650,650,650,650,650,663,676,676,676,676,676,676,690,690,690,690,690,705,705,705,705,705,705,705,720,720,720,720,720,720,736,753,0,0,0,808,808,808,808,808,808,808,808,808,808,789,789,808,789,828,828,753,753,753,753,753,753,753,753,753,1004,0,0,0,0,0,0,650,0,0,0,0,720,720,0,0,0,0,808,789,808,789,789,808,808,789,789,789,789,789,789,789,789,789,771,771,771,771,753,753,720,720,705,690,690,0,0,0,1578,0,4732,0,0,0,0,0,2366,2208,2208,2208,2208,0,0,0,0,0,0,0,0,0,0,0,0,0,0,0,0,0,0,0,0,0,1380,1380,1380,1380,1380,1380,1380,1380,1440,1440,1440,1440,1440,1440,1440,1440,1440,1440,1440,828,828,828,828,828,828,828,828,828,828,828,828,828,828,828,828,828,828,828,1840,2760,2760,2760,2760,2760,2760,2760,2760,0,0,2760,0,872,872,872,872,850,850,850,850,850,850,850,850,828,828,828,828,828,828,1183,947,2208,2208,2366,2208,0,0,0,0,0,0,0,0,0,0,0,0,0,0,0,0,0,0,0,0,0,0,1274,1143,1104,1104,1143,0,0,0,0,0,0,0,0,0,0,0,0,0,0,0,0,0,0,0,0,0,0,0,0,0,0,0,0,0,0,0,0,0,0,0,0,0,0,33119,0,0,0,0,3011,3011,3011,3011,3011,3011,3011,3312,0,0,0,0,0,0,0,0,0,0,2548,2548,2548,3312,3312,0,0,0,0,0,0,2548,2548,2548,2548,2548,2548,2548,2548,2548,2548,2548,2548,2548,2548,2548,2548,2548,2548,2548,2548,2548,2548,2548,2548,2548,2548,2548,2548,2548,2548,2548,2548,2548,2548,2548,2548,2548,2548,2366,2548,2548,2366,2548,2548,2548,2548,2548,2548,2548,0,0,0,0,2366,2366,2366,2366,2366,2366,2366,2366,2366,2366,2548,2548,2366,2366,2366,2208,2208,2208,2208,2208,2208,2208,2208,2208,2208,2208,2208,2208,2208,2208,2208,2208,2208,2208,2208,2208,2208,2208,2208,2208,2208,2208,2208,2208,2208,2366,2548,2548,2548,2760,2760,2760,2366,2366,2208,2208,2208,2208,2208,2208,2208,2208,2208
690,690,690,690,690,690,690,690,690,690,705,705,705,705,705,705,705,705,705,705,705,705,720,720,720,720,720,720,720,720,720,720,720,720,720,720,720,720,720,736,736,736,736,736,736,736,736,736,736,736,736,736,736,736,736,736,736,736,753,753,753,753,753,753,753,753,753,753,753,753,753,753,753,753,753,753,753,771,771,771,771,771,771,771,771,771,771,771,771,771,789,789,789,789,789,789,789,789,789,789,789,789,789,789,789,789,789,789,789,808,808,808,808,808,808,808,808,808,808,808,808,808,808,808,828,828,828,828,828,828,828,828,828,828,828,828,828,828,828,828,828,828,828,850,850,850,850,850,850,850,850,872,872,872,789,771,771,771,771,771,771,771,771,771,771,771,771,771,771,771,771,771,771,771,771,771,771,771,771,771,771,771,771,771,771,771,771,771,771,771,771,771,771,771,771,771,771,789,789,789,789,789,771,663,650,650,650,650,650,650,650,650,663,663,676,676,676,676,690,690,690,690,690,690,705,705,705,705,705,705,705,705,720,720,720,720,720,720,736,736,0,0,808,808,808,808,808,808,808,789,789,789,789,789,789,789,789,828,828,753,753,753,753,753,753,753,753,753,0,0,0,0,0,0,0,0,0,0,0,0,0,0,0,0,0,0,0,808,808,808,808,808,808,789,789,789,789,789,789,789,789,771,753,753,753,720,720,720,720,705,690,690,690,0,0,0,0,0,0,0,0,0,0,0,0,2208,2208,2208,2208,0,0,0,0,0,850,850,850,850,0,0,0,0,0,0,0,0,0,0,0,0,1380,1380,1380,1380,1380,1380,1380,1440,1440,1440,1440,1440,1440,1440,1440,1440,1440,1440,1440,828,828,828,828,828,828,828,828,828,828,828,828,828,828,828,828,828,828,828,1840,2760,2760,2760,2760,2760,2760,2760,0,0,0,0,0,872,872,872,872,872,850,850,850,850,850,850,850,850,828,828,828,828,828,828,850,947,0,0,1578,0,0,0,0,0,0,0,0,0,0,0,0,0,0,0,0,0,0,0,0,0,1274,1274,1274,1104,1104,1143,0,0,0,0,0,0,0,0,0,0,0,0,0,0,0,0,0,0,0,0,0,0,0,0,0,0,0,0,0,0,0,0,0,0,0,0,0,0,0,0,0,0,0,0,3011,3011,3011,3011,3011,3011,3312,3312,0,0,0,0,0,0,0,0,2548,2548,2366,2548,3312,0,0,0,0,0,0,0,2548,2548,2548,2548,2548,2548,2548,2548,2548,2548,2548,2548,2548,2548,2548,2548,2548,2548,2548,2548,2548,2548,2548,2548,2548,2548,2548,2548,2548,2548,2548,2548,2548,2548,2548,2548,2548,2548,2366,2548,2548,2366,2548,2548,2548,2548,2548,2548,0,0,0,0,0,2366,2366,2366,2366,2366,2366,2366,2366,2366,2366,2548,2548,2366,2366,2366,2208,2208,2208,2208,2208,2208,2208,2208,2208,2366,2208,2208,2208,2208,2208,2208,2208,2208,2208,2208,2208,2208,2208,2208,2208,2208,2208,2208,2208,2208,2366,2548,2548,2548,2760,2760,2760,2366,2366,2366,2366,2366,2366,2366,2366,2366,2366,2366
690,690,690,690,690,690,690,690,690,690,705,705,705,705,705,705,705,705,705,705,705,720,720,720,720,720,720,720,720,720,720,720,720,720,720,720,720,720,720,736,736,736,736,736,736,736,736,736,736,736,736,736,736,736,736,736,736,753,753,753,753,753,753,753,753,753,753,753,753,753,753,753,771,753,753,753,771,771,771,771,771,771,771,771,771,771,771,771,789,789,789,789,789,789,789,789,789,789,789,789,789,789,789,789,789,789,789,789,789,808,808,808,808,808,808,808,808,808,808,808,808,808,808,808,828,828,828,828,828,828,828,828,828,828,828,828,828,828,828,828,828,828,828,850,850,850,850,850,850,850,850,872,872,872,872,872,771,771,771,771,771,771,771,771,771,771,771,771,771,771,771,771,771,771,771,771,771,771,771,771,771,771,771,771,771,771,771,771,771,771,771,771,771,771,771,771,771,789,789,789,789,789,771,650,650,650,650,650,650,650,650,663,663,663,676,676,690,705,705,690,690,690,690,690,705,705,705,705,705,705,705,720,720,720,720,720,720,720,736,736,736,789,789,789,789,789,789,789,789,789,789,789,789,789,789,789,771,789,753,753,753,753,753,753,753,753,753,3680,0,0,0,0,0,0,0,0,0,0,0,0,0,0,0,0,0,808,808,808,808,808,808,808,808,789,789,789,771,753,690,690,690,690,690,690,690,690,690,720,720,720,0,0,0,0,690,1578,0,0,0,0,0,0,0,850,2208,850,2208,2208,2208,0,0,850,850,850,850,850,850,850,850,850,0,0,0,0,0,0,0,0,0,1380,1380,1380,1380,1380,1380,1380,1440,1440,1440,1440,1440,1440,1440,1440,1440,1440,1440,1440,1440,828,828,828,828,828,828,828,828,828,828,828,828,828,828,828,828,828,828,828,828,0,2760,3011,3011,3011,3011,3011,3011,0,0,0,0,5520,872,872,872,850,850,850,850,850,850,850,850,850,850,850,828,828,828,828,828,920,1840,1949,1949,0,0,0,0,0,0,0,0,0,0,0,0,0,1380,0,1380,0,0,0,0,0,1380,1274,1274,1104,1104,1143,1380,0,0,0,0,0,0,0,0,0,0,0,0,0,0,0,0,0,0,0,0,0,0,0,0,0,0,0,0,0,0,0,0,0,0,0,0,0,0,0,0,0,0,0,3011,3011,3011,3011,3011,3011,3312,3312,0,0,0,0,0,0,0,0,0,2548,2548,2548,3312,0,0,0,0,0,0,0,2548,2548,2548,2548,2548,2548,2548,2548,2548,2548,2548,2548,2548,2548,2548,2548,2548,2548,2548,2548,2548,2548,2548,2548,2548,2548,2548,2548,2548,2548,2548,2548,2548,2548,2548,2548,2548,2548,2366,2548,2366,2366,2366,2366,2366,2548,2548,2548,0,0,0,0,0,0,2366,2366,2366,2366,2366,2366,2366,2366,2366,2548,2548,2366,2208,2208,2208,2208,2208,2208,2208,2208,2208,2208,2208,2366,2208,2208,2208,2208,2208,2208,2208,2208,2208,2208,2208,2208,2208,2208,2208,2208,2208,2208,2208,2208,2366,2366,2548,2548,2760,2760,2760,2366,2366,2208,2208,2208,2208,2208,2208,2208,2208,2208
690,690,690,690,690,690,690,690,690,690,690,690,705,705,705,705,705,705,705,705,705,720,720,720,720,720,720,720,720,720,720,720,720,720,720,720,720,720,720,720,736,736,736,736,736,736,736,736,736,736,736,736,736,736,736,736,736,753,753,753,753,753,753,753,753,753,753,753,771,771,771,771,771,771,771,771,771,771,771,771,771,771,771,771,771,771,771,771,789,789,789,789,789,789,789,789,789,789,789,789,789,789,789,789,789,789,789,789,789,789,808,808,808,808,808,808,808,808,808,808,808,808,808,808,828,828,828,828,828,828,828,828,828,828,828,828,828,828,828,828,828,850,850,850,850,850,850,850,850,850,850,872,872,872,872,872,850,771,771,771,771,771,771,771,771,771,771,771,771,771,771,771,771,771,771,771,771,771,771,771,771,771,771,771,771,771,771,771,771,771,771,771,771,771,771,771,771,789,789,789,789,789,789,771,650,650,650,650,650,650,663,663,736,736,789,736,753,789,705,705,705,705,705,705,705,705,705,705,705,720,720,720,720,720,720,720,720,720,736,736,736,789,789,789,789,789,789,789,789,789,789,789,789,789,771,771,753,753,753,753,753,753,753,753,753,753,753,3680,0,0,0,0,0,0,0,0,0,0,0,0,0,0,0,0,0,0,0,0,0,0,0,0,690,690,690,690,690,690,690,690,690,690,690,690,690,690,690,705,705,720,720,690,690,690,510,409,720,0,850,0,0,0,850,850,850,850,850,850,2208,0,0,850,850,850,850,850,850,850,828,828,850,808,808,808,789,789,789,789,808,1380,1380,1380,1380,1440,1440,1440,1440,1440,1440,1440,1506,5520,5520,5520,6624,0,6624,1440,1440,828,828,828,828,828,828,828,828,828,828,828,828,828,828,828,828,828,828,828,828,828,2760,2760,3011,0,0,0,0,0,0,0,0,5520,872,872,872,872,850,850,850,850,850,850,850,850,850,850,850,850,828,828,828,828,1840,0,0,0,0,0,0,0,0,0,0,0,0,0,0,0,1274,1325,1274,0,0,0,0,0,0,1380,1274,1104,1104,1143,1380,0,0,0,0,0,0,0,0,0,0,0,0,0,0,0,0,0,0,0,0,0,0,0,0,0,0,0,0,0,0,0,0,0,0,33119,0,33119,33119,0,0,0,0,0,0,3011,3011,3011,3011,3312,3312,0,0,0,0,0,0,0,0,2366,2366,2366,2366,2548,2548,0,0,0,0,0,0,0,2548,2548,2548,2548,2548,2548,2548,2548,2548,2548,2548,2548,2548,2548,2548,2548,2548,2548,2548,2548,2548,2548,2548,2548,2548,2548,2548,2548,2548,2548,2548,2548,2548,2548,2548,2548,2548,2548,2366,2548,2366,2366,2366,2366,2366,2548,2548,2548,0,0,0,0,0,0,2366,2366,2366,2366,2366,2366,2366,2366,2366,2548,2548,2366,2208,2208,2208,2208,2208,2208,2208,2366,2208,2366,2208,2366,2208,2208,2208,2208,2208,2208,2208,2208,2208,2208,2208,2208,2208,2208,2208,2208,2208,2208,2208,2208,2366,2366,2366,2548,2760,2760,2760,2366,2366,2208,2208,2208,2208,2208,2208,2208,2208,2208
690,690,690,690,690,690,690,690,690,690,690,690,705,705,705,705,705,705,705,705,705,720,720,720,720,720,720,720,720,720,720,720,720,720,720,720,720,720,720,720,736,736,736,736,736,736,736,736,736,736,736,736,736,736,736,736,736,753,753,753,753,753,753,753,753,771,771,771,771,771,771,771,771,771,771,771,771,771,771,771,771,771,771,771,771,771,771,771,789,789,789,789,789,789,789,789,789,789,789,789,789,789,789,789,789,789,789,789,789,789,808,808,808,808,808,808,808,808,808,808,808,808,808,828,828,828,828,828,828,828,828,828,828,828,828,828,828,828,828,828,828,850,850,850,850,850,850,850,850,850,850,872,872,872,872,872,850,771,771,771,771,771,771,771,771,771,771,771,771,771,771,771,771,771,771,771,771,771,771,771,771,771,771,771,771,771,771,771,771,771,771,771,771,771,771,771,771,789,0,0,2760,2760,2548,789,771,650,650,650,920,920,0,920,0,33119,33119,789,33119,33119,789,705,705,705,705,705,705,705,705,705,720,720,720,720,720,720,720,720,720,720,736,736,736,771,789,789,789,789,789,789,789,789,789,789,789,789,771,771,753,753,753,753,753,753,753,753,753,753,753,0,0,0,0,0,0,0,0,0,0,0,0,0,0,0,0,0,0,0,0,0,0,0,0,690,690,690,690,690,690,690,690,690,690,690,690,690,690,690,690,705,705,0,690,690,690,690,510,409,409,720,850,850,850,850,850,850,850,850,850,850,850,850,0,850,850,850,850,850,850,828,828,808,808,808,808,789,789,789,789,789,789,789,808,1380,1380,1440,1440,1440,1440,1506,5520,5520,5520,5520,0,0,0,0,0,0,1440,828,828,828,828,828,828,828,828,828,828,828,828,828,828,828,828,828,828,828,828,828,2760,0,0,0,0,0,0,0,0,5520,0,872,872,872,872,872,850,850,850,850,850,850,850,850,850,850,850,850,850,850,828,828,828,1578,0,0,0,0,0,0,0,0,0,0,0,0,0,0,0,0,1325,0,0,0,0,0,0,1380,1380,1104,1143,0,0,0,0,0,1506,0,0,0,0,0,0,0,0,0,0,0,0,0,0,0,0,0,0,0,0,0,0,0,0,0,0,0,0,0,0,0,0,33119,33119,0,0,0,0,0,0,3011,3011,3011,3011,3011,3312,0,0,0,0,0,0,0,4140,2366,2366,2366,2366,2366,2548,0,0,0,0,0,0,2548,2548,2548,2548,2548,2548,2548,2548,2548,2548,2548,2548,2548,2548,2548,2548,2548,2548,2548,2548,2548,2548,2548,2548,2548,2548,2548,2548,2548,2548,2548,2548,2548,2548,2548,2548,2548,2548,2548,2548,2548,2366,2366,2366,2366,2366,2548,2548,2760,0,0,0,0,0,0,2366,2366,2366,2366,2366,2366,2366,2366,2366,2548,2548,2366,2208,2208,2208,2208,2208,2208,2208,2366,2208,2366,2208,2366,2208,2208,2208,2208,2208,2208,2208,2208,2208,2208,2208,2208,2208,2208,2208,2208,2208,2208,2208,2208,2208,2366,2366,2548,2760,2760,3312,3312,2208,2208,2208,2208,2208,2208,2208,2208,2208,2208
690,690,690,690,690,690,690,690,690,690,690,690,705,705,705,705,705,705,705,705,705,720,720,720,720,720,720,720,720,720,720,720,720,720,720,720,720,720,720,736,736,736,736,736,736,736,736,736,736,736,736,736,736,736,736,753,753,753,753,753,753,753,753,753,771,771,771,771,771,771,771,771,771,771,771,771,771,771,771,771,771,771,771,771,771,771,771,771,771,771,771,789,789,789,789,789,789,789,789,789,789,789,789,789,789,789,789,789,789,789,789,808,808,808,808,808,808,808,808,808,808,808,808,828,828,828,828,828,828,828,828,828,828,828,828,828,828,828,828,828,850,850,850,850,850,850,850,850,850,850,850,850,872,872,872,872,850,850,771,771,771,771,771,771,771,771,771,771,771,771,771,771,771,771,771,771,771,771,771,771,771,771,771,771,771,771,771,771,771,771,771,771,771,771,771,771,771,789,0,0,0,0,0,0,2760,2760,650,650,2760,0,0,0,0,0,0,33119,0,0,33119,789,720,705,705,705,705,720,720,720,720,720,720,720,720,720,720,720,720,720,720,736,736,771,789,789,789,789,789,789,789,789,789,789,789,789,771,753,753,753,753,753,753,753,753,753,753,753,0,0,0,0,0,0,0,0,0,0,0,0,0,0,0,0,0,705,705,0,0,0,0,0,705,690,690,690,690,690,690,690,690,690,690,690,690,690,690,705,705,720,0,0,0,690,535,535,510,409,409,720,720,850,850,850,850,850,850,850,850,850,850,850,850,850,850,850,850,828,828,828,828,808,808,808,789,789,789,789,789,789,789,789,789,808,1440,0,0,0,0,0,0,0,0,0,0,0,0,0,0,0,11040,828,828,828,828,828,828,828,828,828,828,828,828,828,828,828,828,828,828,828,828,828,828,0,0,0,0,0,0,0,0,3011,872,872,872,872,872,872,872,850,850,850,850,850,850,850,872,872,0,1949,872,850,850,828,828,1840,0,0,0,0,0,0,0,0,0,0,0,0,0,0,1380,1325,1274,0,0,0,0,0,0,1380,1274,1104,1274,0,0,0,0,0,1440,0,0,0,0,0,0,0,0,0,0,0,0,0,0,0,0,0,0,0,0,0,0,0,0,0,0,0,0,0,0,0,0,33119,33119,0,0,0,0,0,0,3011,0,3312,3312,3312,0,0,0,0,0,0,0,0,2366,2366,2366,2366,2366,2366,2366,0,0,0,0,0,6624,2548,2548,2548,2366,2548,2548,2548,2548,2548,2548,2548,2548,2548,2548,2548,2548,2548,2548,2548,2548,2548,2548,2548,2548,2548,2548,2548,2548,2548,2548,2548,2548,2548,2548,2548,2548,2548,2548,2548,2548,2548,2548,2366,2366,2548,2548,2548,2548,2760,2760,0,0,0,0,2366,2366,2366,2366,2366,2366,2366,2366,2366,2366,2548,2548,2366,2208,2208,2208,2208,2208,2208,2208,2366,2208,2366,2208,2208,2208,2208,2208,2208,2208,2208,2208,2208,2208,2208,2208,2208,2208,2208,2208,2208,2208,2208,2208,2208,2208,2366,2366,2548,2760,2760,3312,3312,2208,2208,2208,2208,2208,2208,2208,2208,2208,2208
690,690,690,690,690,690,690,690,690,690,690,705,705,705,705,705,705,705,705,705,705,705,720,720,720,720,720,720,720,720,720,720,720,720,720,720,720,720,720,720,736,736,736,736,736,736,736,736,736,736,736,736,736,736,736,753,753,753,753,753,753,753,753,753,771,771,771,771,771,771,771,771,771,771,771,771,771,771,771,771,771,771,771,771,771,771,771,771,771,771,771,771,771,771,789,789,789,789,789,789,789,789,789,789,789,789,789,789,789,789,789,808,808,808,808,808,808,808,808,808,808,808,808,828,828,828,828,828,828,828,828,828,828,828,828,828,828,828,828,850,850,850,850,850,850,850,850,850,850,850,850,850,850,872,872,872,850,850,771,771,771,771,771,771,771,771,771,771,771,771,771,771,771,771,771,771,771,771,771,771,771,771,771,771,771,771,771,771,771,771,771,771,771,771,771,771,771,771,0,0,0,0,0,0,0,0,0,0,0,0,0,0,0,0,0,0,0,0,0,828,828,828,720,720,720,720,720,720,720,720,720,720,720,720,720,720,720,736,736,736,736,789,789,789,789,789,789,789,789,789,789,789,789,789,753,753,753,753,753,753,753,753,753,753,753,0,0,0,0,0,0,0,0,0,0,0,0,0,0,0,0,535,705,705,705,705,705,0,0,705,705,705,690,690,690,690,690,690,690,690,690,690,690,705,705,705,720,0,0,0,0,0,0,0,518,364,364,404,720,850,850,850,850,850,850,850,850,850,850,850,850,850,850,850,850,850,828,828,828,808,808,808,789,789,789,789,789,789,789,789,789,789,789,1380,0,0,0,0,0,0,5520,5520,5520,6624,11040,0,0,0,1440,828,828,828,828,828,828,828,828,828,828,828,828,828,828,828,828,828,828,828,828,828,828,0,0,0,0,0,0,0,5520,872,872,872,872,872,872,872,872,872,872,850,850,850,0,0,0,0,0,0,0,1840,828,828,828,1840,0,0,0,0,0,0,0,0,0,0,0,0,0,0,0,0,1380,0,0,0,0,0,0,0,1069,1104,1104,0,1380,0,0,0,0,0,0,0,0,0,0,0,0,0,0,0,0,0,0,0,0,0,0,0,0,0,0,0,0,0,5520,5520,5520,0,0,0,0,0,0,0,0,0,0,0,0,3011,3011,3011,3011,3312,0,0,0,0,0,0,0,2548,2366,2366,2366,2366,2366,2366,2366,0,0,0,0,0,2548,2366,2366,2366,2366,2366,2548,2548,2548,2548,2548,2548,2548,2548,2548,2548,2548,2548,2548,2548,2548,2548,2548,2548,2548,2548,2548,2548,2548,2548,2548,2548,2548,2548,2548,2548,2548,2548,2548,2548,2548,2548,2548,2366,2548,2548,2548,2548,2548,2760,2760,0,0,0,0,2366,2366,2366,2366,2366,2366,2366,2366,2366,2366,2548,2548,2366,2208,2208,2208,2208,2208,2208,2208,2366,2208,2366,2208,2208,2208,2208,2208,2208,2208,2208,2208,2208,2208,2208,2208,2208,2208,2208,2208,2208,2208,2208,2208,2208,2208,2366,2366,2548,2760,2760,3312,3312,2208,2208,2208,2208,2208,2208,2208,2208,2208,2208
690,690,690,690,690,690,690,690,690,690,690,705,705,705,705,705,705,705,705,705,705,705,720,720,720,720,720,720,720,720,720,720,720,720,720,720,720,720,720,720,736,736,736,736,736,736,736,736,736,736,736,736,736,736,736,736,753,753,753,753,753,753,753,753,753,753,771,771,771,771,771,771,771,771,771,771,771,771,771,771,771,771,771,771,771,771,771,771,771,771,771,771,771,771,789,789,789,789,789,789,789,789,789,789,789,789,789,789,789,789,789,808,808,808,808,808,808,808,808,808,808,808,808,828,828,828,828,828,828,828,828,828,828,828,828,828,828,828,828,850,850,850,850,850,850,850,850,850,850,850,850,850,850,850,850,850,850,850,771,771,771,771,771,771,771,771,771,771,771,771,771,771,771,771,771,771,771,771,771,771,771,771,771,771,771,771,771,771,771,771,771,771,771,771,771,771,663,663,663,2548,0,0,0,0,0,0,0,0,0,0,0,0,0,0,0,0,0,0,0,828,828,828,828,828,828,720,720,720,720,720,720,720,720,720,720,720,720,736,736,736,0,0,789,789,789,789,789,789,789,789,789,0,0,0,753,753,753,753,753,753,753,753,753,0,0,0,0,0,0,0,0,0,0,0,0,0,0,0,0,0,0,0,705,705,705,705,705,705,0,705,705,705,705,705,705,705,705,705,705,705,705,705,705,705,705,705,0,0,0,0,0,535,535,518,518,364,364,364,720,850,850,850,850,850,850,850,850,850,850,850,850,850,850,850,850,850,850,828,828,808,808,808,789,789,789,789,789,789,789,789,789,789,789,789,1380,0,0,0,5520,5520,5520,5520,5520,5520,8280,0,0,11040,850,828,828,828,828,828,828,828,828,828,828,828,828,828,828,828,828,828,828,828,828,828,828,0,0,0,0,0,0,0,872,872,872,872,872,872,872,872,872,872,872,0,0,0,0,0,0,0,0,0,0,0,828,828,828,828,0,0,0,0,0,0,0,0,0,0,0,0,0,0,0,1949,1949,0,0,0,0,0,0,1035,1069,1069,1104,0,1143,0,0,0,0,0,0,0,0,0,0,0,0,0,0,0,0,0,0,0,0,0,0,0,0,0,0,0,0,0,0,0,5520,0,0,0,0,0,0,0,0,0,0,0,0,3011,3011,3011,3011,0,0,0,0,0,0,0,0,2366,2366,2366,2366,2366,2366,2366,2366,0,0,0,2366,0,2366,2366,2366,2366,2366,2366,2548,2548,2548,2548,2548,2548,2548,2548,2548,2548,2548,2548,2548,2548,2548,2548,2548,2548,2548,2548,2548,2548,2548,2548,2548,2548,2548,2548,2548,2548,2548,2548,2548,2548,2548,2548,2548,2366,2548,2548,2548,2548,2548,2548,2548,0,2760,0,1183,2366,2366,2366,2366,2366,2366,2366,2366,2366,2366,2366,2366,2366,2208,2208,2208,2208,2208,2208,2208,2366,2208,2366,2208,2208,2208,2208,2208,2208,2208,2208,2208,2208,2208,2208,2208,2208,2208,2208,2208,2208,2208,2208,2208,2208,2208,2366,2366,2548,2760,3312,0,0,2208,2208,2208,2208,2208,2208,2208,2208,2208,2208
690,690,690,690,690,690,690,690,690,690,705,705,705,705,705,705,705,705,705,705,705,705,720,720,720,720,720,720,720,720,720,720,720,720,720,720,720,720,720,720,736,736,736,736,736,736,736,736,736,736,736,736,736,736,736,736,753,753,753,753,753,753,753,753,753,753,753,753,771,771,771,771,771,771,771,771,771,771,771,771,771,771,771,771,771,771,771,771,771,771,771,789,771,789,789,789,789,789,789,789,789,789,789,789,789,789,789,789,789,789,789,808,808,808,808,808,808,808,808,808,808,808,808,828,828,828,828,828,828,828,828,828,828,828,828,828,828,828,828,828,850,850,850,850,850,850,850,850,850,850,850,850,850,850,850,850,850,850,771,771,771,771,771,771,771,771,771,771,771,771,771,771,771,771,771,771,771,771,771,771,771,771,771,771,771,771,771,771,771,771,771,771,771,771,771,663,663,663,650,663,0,0,0,0,0,0,0,0,0,0,0,0,0,0,0,0,0,0,0,828,828,828,828,828,828,808,808,789,736,736,720,736,736,736,736,736,736,736,736,0,0,0,771,771,771,771,771,771,789,789,789,0,0,0,753,753,753,753,753,753,753,975,975,0,0,0,0,0,0,0,0,0,0,0,0,0,0,0,0,0,0,705,705,705,705,705,705,705,705,705,705,705,705,705,705,705,705,705,705,705,705,705,705,705,705,0,0,0,0,0,535,535,614,535,518,364,364,364,720,850,850,850,850,850,850,850,850,850,850,850,850,850,850,850,850,850,828,828,828,808,808,808,808,808,789,789,789,789,789,789,789,771,771,771,771,771,789,4732,5520,5520,5520,5520,5520,5520,8280,11040,11040,8280,850,828,828,828,828,828,828,828,828,828,828,828,828,828,828,828,828,828,828,828,828,828,828,828,0,0,0,0,0,2760,872,872,872,872,872,872,872,872,872,896,0,0,0,0,0,850,0,0,0,0,0,0,828,828,828,828,0,0,0,0,0,0,0,0,0,0,0,0,0,0,0,1949,1949,0,0,0,0,0,1227,1035,1069,1069,1104,0,0,0,0,0,0,0,0,0,0,0,0,0,0,0,0,0,0,0,0,0,0,0,0,0,0,0,0,0,0,0,0,0,0,0,0,0,0,0,0,0,0,3011,0,0,3011,3011,3011,3011,3312,0,0,0,0,0,0,0,0,0,2366,2366,2366,2366,2366,2366,2366,0,0,0,2366,2366,2366,2366,2366,2366,2366,2366,2548,2548,2548,2548,2548,2548,2548,2548,2548,2548,2548,2548,2548,2548,2548,2548,2548,2548,2548,2548,2548,2548,2548,2548,2548,2548,2548,2548,2548,2548,2548,2548,2548,2548,2548,2548,2548,2548,2548,2548,2548,2548,2548,2548,2548,2548,2548,1183,1183,2366,2366,2366,2366,2366,2366,2366,2366,2366,2366,2366,2366,2366,2208,2208,2208,2208,2208,2208,2208,2366,2208,2366,2208,2208,2208,2208,2208,2208,2208,2208,2208,2208,2208,2208,2208,2208,2208,2208,2208,2208,2208,2208,2208,2208,2208,2208,2366,2548,2760,3312,0,0,3312,2208,2208,2208,2208,2208,2208,2208,2208,2208
690,690,690,690,690,690,690,690,690,690,705,705,705,705,705,705,705,705,705,705,705,705,720,720,720,720,720,720,720,720,720,720,720,720,736,736,720,720,720,736,736,736,736,736,736,736,736,736,736,736,736,736,736,736,736,736,736,753,753,753,753,753,753,753,753,753,753,753,771,771,771,771,771,771,771,771,771,771,771,771,771,771,771,771,771,771,771,771,771,771,789,789,789,789,789,789,789,789,789,789,789,789,789,789,789,789,789,789,789,789,789,808,808,808,808,808,808,808,808,808,808,808,808,828,828,828,828,828,828,828,828,828,828,828,828,828,828,828,828,850,850,850,850,850,850,850,850,850,850,850,850,850,850,850,872,872,850,850,771,771,771,771,771,771,771,771,771,771,771,771,771,771,771,771,771,771,771,771,771,771,771,771,771,771,771,771,771,771,771,771,771,771,771,771,771,663,663,663,650,663,0,0,0,0,0,0,0,0,0,0,0,0,0,789,0,0,0,0,828,828,828,828,828,828,828,808,808,808,808,808,789,736,736,736,736,736,736,789,0,0,0,0,771,771,771,771,771,771,771,771,789,0,0,0,753,753,753,753,753,753,753,690,753,975,0,0,0,0,0,0,0,0,0,0,0,0,0,0,0,0,705,705,705,705,705,705,705,705,705,705,705,705,705,705,705,705,705,705,705,705,705,705,705,705,705,0,0,0,0,535,535,535,614,526,518,364,364,364,720,850,850,850,850,850,850,850,850,850,850,850,850,850,850,850,850,850,828,828,828,808,808,808,808,808,808,789,789,789,789,789,771,771,771,771,771,771,771,771,4732,5520,5520,5520,5520,5520,6624,8280,8280,3011,850,828,828,828,828,828,828,828,828,828,828,828,828,828,828,828,828,828,828,828,828,828,828,828,3011,0,0,0,0,2548,872,872,872,872,872,872,872,872,896,0,0,0,0,1949,808,808,1949,0,0,0,0,0,1949,808,808,1069,0,0,0,0,0,0,0,0,0,0,0,0,0,0,1949,1840,1949,0,0,1227,0,1274,1227,1035,1069,1069,1104,1104,1143,0,0,0,0,0,0,0,0,0,0,0,0,0,0,0,0,0,0,0,0,0,0,0,0,0,0,0,0,0,0,0,0,0,0,0,0,0,0,0,0,3011,0,0,3011,3011,3011,3011,3312,0,0,0,0,0,0,2366,2366,2366,2366,2366,2366,2366,2366,2366,2366,0,0,0,2366,2366,2366,2366,2366,2366,2366,2366,2548,2548,2548,2548,2548,2548,2548,2548,2548,2548,2548,2548,2548,2548,2548,2548,2548,2548,2548,2548,2548,2548,2548,2548,2548,2548,2548,2548,2548,2548,2548,2548,2548,2548,2548,2548,2548,2548,2548,2548,2548,2548,2548,2548,2548,2548,2548,1183,1183,2366,2366,2366,2366,2366,2366,2366,2366,2366,2366,2366,2366,2366,2208,2208,2208,2208,2208,2208,2208,2366,2208,2366,2208,2208,2208,2208,2208,2208,2208,2208,2208,2208,2208,2208,2208,2208,2208,2208,2208,2208,2208,2208,2208,2208,2208,2208,2366,2548,2760,3312,3680,3680,2208,2208,2208,2208,2208,2208,2208,2208,2208,2208
690,690,690,690,690,690,690,690,690,690,705,705,705,705,705,705,705,705,705,705,705,705,720,720,720,720,720,720,720,720,720,720,720,720,736,736,720,720,720,720,736,736,736,736,736,736,736,736,736,736,736,736,736,736,736,736,736,753,753,753,753,753,753,753,753,753,753,753,771,771,771,771,771,771,771,771,771,771,771,771,771,771,771,771,771,771,771,771,771,771,789,789,789,789,789,789,789,789,789,789,789,789,789,789,789,789,789,789,789,789,789,808,808,808,808,808,808,808,808,808,808,808,828,828,828,828,828,828,828,828,828,828,828,828,828,828,828,828,828,828,850,850,850,850,850,850,850,850,850,850,850,850,850,850,872,872,872,872,850,771,753,753,753,753,771,771,771,771,771,771,771,771,771,771,771,771,771,771,771,771,771,771,771,771,771,771,771,771,771,771,771,771,771,771,771,663,663,663,771,789,0,0,0,0,0,0,0,0,0,789,0,789,789,789,789,789,789,828,828,828,789,789,808,808,808,828,828,828,808,808,808,789,808,808,808,808,808,808,0,0,0,0,771,771,771,771,771,771,771,771,789,0,0,0,753,753,753,690,690,690,690,690,690,690,690,690,690,690,690,690,690,705,720,0,0,0,0,0,16560,705,705,705,705,705,705,705,705,705,705,705,705,705,705,705,705,705,705,705,705,705,705,705,705,705,705,0,0,0,0,0,526,526,614,518,518,364,364,364,720,850,850,850,850,850,850,850,850,850,850,850,850,850,850,850,850,850,850,828,828,828,808,808,808,808,808,808,789,789,789,789,771,771,771,771,771,771,771,771,771,4732,5520,5520,5520,6624,8280,8280,8280,8280,850,828,828,828,828,828,828,828,828,828,828,828,828,828,828,828,828,828,828,828,828,828,828,828,828,0,0,0,2760,2548,872,872,872,872,872,872,872,0,0,0,0,0,676,676,676,676,676,0,0,0,0,0,0,0,0,0,0,0,0,0,0,0,2070,0,2070,0,0,0,1949,1949,1949,1949,1949,0,0,947,947,947,1004,1035,1069,1069,1104,1104,1143,0,0,0,0,0,0,0,0,0,0,0,0,0,0,0,0,0,0,0,0,0,0,0,0,0,0,0,0,0,0,0,0,0,0,0,0,0,0,0,0,4140,0,0,3011,3011,3011,3011,3312,0,0,0,0,0,0,0,0,0,2366,2366,2366,2366,2366,2366,2548,0,0,0,0,0,0,2366,2366,2366,2366,2366,2548,2548,2548,2548,2548,2548,2548,2548,2548,2548,2548,2548,2548,2548,2548,2548,2548,2548,2548,2548,2548,2548,2548,2548,2548,2548,2548,2548,2548,2548,2548,2548,2548,2548,2548,2548,2548,2548,2548,2548,2548,2548,2548,2548,2548,2548,2548,1227,2366,2366,2366,2366,2366,2366,2366,2366,2366,2366,2366,2548,2548,2366,2208,2208,2208,2208,2208,2208,2208,2366,2208,2366,2208,2208,2208,2208,2208,2208,2208,2208,2208,2208,2208,2208,2208,2208,2208,2208,2208,2208,2208,2208,2208,2208,2208,2208,2366,2760,3312,3680,0,0,3312,2208,2208,2208,2208,2208,2208,2208,2208,2208
690,690,690,690,690,690,690,690,690,690,705,705,705,705,705,705,705,705,705,705,705,720,720,720,720,720,720,720,720,720,720,720,720,720,736,736,720,720,736,736,736,736,736,736,736,736,736,736,736,736,736,736,736,736,736,736,736,753,753,753,753,753,753,753,753,753,753,753,771,771,771,771,771,771,771,771,771,771,771,771,771,771,771,771,771,771,771,771,771,789,789,789,789,789,789,789,789,789,789,789,789,789,789,789,789,789,789,789,789,789,789,808,808,808,808,808,808,808,808,808,808,808,808,828,828,828,828,828,828,828,828,828,828,828,828,828,828,828,828,850,850,850,850,850,850,850,850,850,850,850,850,850,850,872,872,872,872,872,850,753,753,753,753,753,753,753,771,771,771,771,771,771,771,771,771,771,771,771,771,771,771,771,771,771,771,771,771,771,771,771,771,771,771,771,771,771,1656,771,1656,789,789,771,789,789,0,0,0,0,0,789,789,789,789,789,789,789,789,789,789,789,789,789,789,789,808,808,828,828,828,808,808,808,808,808,808,808,808,808,0,0,0,0,771,771,771,771,771,771,771,771,789,0,0,0,753,705,705,690,690,690,705,690,705,690,690,690,690,690,690,690,705,705,705,0,0,0,0,705,705,705,705,705,705,705,705,705,705,705,705,705,705,705,705,705,705,705,705,705,705,705,705,705,705,705,0,0,0,0,0,0,526,526,526,518,518,518,518,720,850,850,850,850,850,850,850,850,850,850,850,850,850,850,850,850,850,850,850,828,828,828,828,828,828,828,828,1578,828,789,789,789,771,771,771,771,771,771,771,771,771,789,4732,5520,5520,6624,8280,8280,8280,3011,850,828,828,828,828,828,828,828,828,828,828,828,828,828,828,828,828,828,828,828,828,828,828,828,828,0,0,0,0,2548,872,872,872,872,872,872,896,0,0,0,0,0,676,676,676,676,676,0,0,0,0,0,0,0,0,0,0,0,0,0,0,1840,2070,0,2070,0,0,0,1949,1949,1949,1949,1949,947,947,920,920,920,947,1035,1069,1069,1069,1104,1143,0,0,0,0,0,0,0,0,0,0,0,0,0,0,0,0,0,0,0,0,0,0,0,0,0,0,0,0,0,0,0,0,0,0,0,0,0,33119,33119,0,3011,0,0,3011,3011,3011,3011,0,0,0,0,0,0,0,0,2548,2548,2366,2366,2366,2366,2366,2366,2548,0,0,0,0,0,0,2548,2366,2548,2366,2366,2548,2548,2548,2548,2548,2548,2548,2548,2548,2548,2548,2548,2548,2548,2548,2548,2548,2548,2548,2548,2548,2548,2548,2548,2548,2548,2548,2548,2548,2548,2548,2548,2548,2548,2548,2548,2548,2548,2548,2548,2548,2548,2548,2548,2548,2548,2548,1227,2366,2366,2366,2366,2366,2366,2366,2366,2366,2366,2366,2366,2366,2366,2208,2208,2208,2208,2208,2366,2208,2366,2208,2366,2208,2208,2208,2208,2208,2208,2208,2208,2208,2208,2208,2208,2208,2208,2208,2208,2208,2208,2208,2208,2208,2208,2208,2208,2366,2548,3312,0,0,3680,2366,2208,2208,2208,2208,2208,2208,2208,2208,2208
690,690,690,690,690,690,690,690,690,690,705,705,705,705,705,705,705,705,705,705,705,720,720,720,720,720,720,720,720,720,720,720,720,720,736,736,736,736,736,736,736,736,736,736,736,736,736,736,736,736,736,736,736,736,736,736,753,753,753,753,753,753,753,753,753,753,753,753,771,771,771,771,771,771,771,771,771,771,771,771,771,771,771,771,771,771,771,771,771,771,789,789,789,789,789,789,789,789,789,789,789,789,789,789,789,789,789,789,789,789,789,808,808,808,808,808,808,808,808,808,808,808,808,828,828,828,828,828,828,828,828,828,828,828,828,828,828,828,828,850,850,850,850,850,850,850,850,850,850,850,850,850,850,872,872,872,872,872,872,753,753,753,753,753,753,753,753,753,753,753,753,753,753,753,753,753,753,753,753,771,771,771,771,771,771,771,771,771,771,771,771,771,771,771,771,771,1656,1656,1656,789,771,771,789,789,0,0,0,0,0,789,789,789,789,789,789,789,789,771,771,771,771,789,789,789,789,808,808,828,828,808,808,808,808,808,808,808,808,808,0,0,0,0,771,771,771,771,771,771,771,771,0,0,0,705,705,705,705,690,705,705,705,705,705,690,690,690,690,690,690,705,705,705,705,705,705,720,720,705,705,705,705,705,705,705,705,705,705,705,705,705,705,705,705,705,705,705,705,705,705,705,705,705,705,808,808,0,0,0,0,0,0,614,614,614,518,614,720,720,850,850,850,850,850,850,850,850,850,850,850,850,850,850,850,850,850,850,850,828,828,828,828,828,828,828,1578,1578,1578,1578,789,789,789,771,771,771,771,771,771,771,789,789,789,5520,5520,8280,8280,0,8280,8280,850,828,828,828,828,828,828,828,828,828,828,828,828,828,828,828,828,828,828,828,828,828,828,828,828,0,0,0,0,1274,872,872,872,872,872,896,896,0,0,0,0,1949,676,676,676,676,676,0,0,0,0,0,0,0,0,0,0,0,0,0,1840,1840,1840,0,0,0,0,0,1949,1949,1949,1949,1949,947,920,920,920,920,947,1035,1069,1104,1104,1104,0,0,0,0,0,0,0,0,0,0,0,0,0,0,0,0,0,0,0,0,0,0,0,0,0,0,0,0,0,0,0,0,0,0,0,0,0,0,0,33119,0,3011,0,0,3011,3011,3011,3011,0,0,0,0,0,0,0,0,0,2548,2548,2548,2366,2366,2366,2366,2548,0,0,0,0,0,0,2548,2548,2548,2366,2366,2548,2548,2548,2548,2548,2548,2548,2548,2548,2548,2548,2548,2548,2548,2548,2548,2548,2548,2548,2548,2548,2548,2548,2548,2548,2548,2548,2548,2548,2548,2548,2548,2548,2548,2548,2548,2548,2366,2548,2548,2548,2548,2548,2548,2548,2366,2366,1227,2366,2366,2366,2366,2366,2366,2366,2366,2366,2366,2366,2548,2548,2366,2366,2208,2208,2208,2208,2366,2366,2366,2208,2366,2208,2208,2208,2208,2208,2208,2208,2208,2208,2208,2208,2208,2208,2208,2208,2208,2208,2208,2208,2208,2208,2208,2208,2208,2366,2548,3312,3680,3680,3680,2366,2208,2208,2208,2208,2208,2208,2208,2208,2208
690,690,690,690,690,690,690,690,690,690,690,705,705,705,705,705,705,705,705,705,705,720,720,720,720,720,720,720,720,720,720,720,720,720,736,736,736,736,736,736,736,736,736,736,736,736,736,736,736,736,736,736,736,753,753,753,753,753,753,753,753,753,753,753,753,753,753,753,771,771,771,771,771,771,771,771,771,771,771,771,771,771,771,771,771,771,771,771,771,789,789,789,789,789,789,789,789,789,789,789,789,789,789,789,789,789,789,789,789,789,789,808,808,808,808,808,808,808,808,808,808,808,808,808,828,828,828,828,828,828,828,828,828,828,828,828,828,828,828,850,850,850,850,850,850,850,850,850,850,850,850,850,872,872,872,872,872,872,872,771,753,753,753,753,753,753,753,753,753,753,753,753,753,753,753,753,753,753,753,753,753,753,753,753,753,753,753,753,753,753,753,753,753,753,753,771,771,771,771,771,771,771,771,771,0,0,0,0,0,789,789,789,789,789,789,771,771,771,771,771,771,771,789,789,789,808,808,828,828,808,808,808,808,808,808,808,808,808,0,0,0,0,771,771,771,771,771,771,771,771,0,0,0,705,705,705,705,705,705,705,705,705,705,705,705,690,690,705,705,705,705,705,705,720,0,0,720,705,705,705,705,705,705,705,705,705,705,705,705,705,705,705,705,705,720,720,720,720,720,720,0,0,0,808,808,0,0,0,0,0,0,0,614,614,614,614,720,850,850,850,850,850,850,850,850,850,850,850,850,850,850,850,850,850,850,850,850,828,828,828,828,828,828,828,1578,1578,1578,1656,0,789,789,789,789,789,789,771,771,771,789,789,789,1440,5520,8280,16560,0,16560,11040,828,828,828,828,808,808,828,828,828,828,828,828,828,828,828,828,808,808,808,808,808,808,808,808,828,0,0,0,33119,1274,872,872,872,872,896,896,920,0,0,0,0,676,676,663,663,676,1183,0,0,0,0,0,0,1840,1840,1840,0,0,0,0,0,0,2070,0,0,0,0,0,1949,1949,1949,1949,1949,947,920,920,920,920,947,1035,0,1104,1104,1143,1143,0,0,0,0,0,0,0,0,0,0,0,0,0,0,0,0,0,0,0,0,0,0,0,0,0,0,0,0,0,0,0,0,0,0,0,0,0,0,33119,0,3011,0,0,3011,3011,3011,3011,0,0,0,0,0,0,0,0,0,2548,2548,2548,2548,2548,2366,2548,3011,0,0,0,0,0,0,6624,2548,2548,2366,2366,2548,2548,2548,2548,2548,2548,2548,2548,2760,2760,2548,2760,2548,2548,2548,2548,2548,2548,2548,2548,2548,2548,2548,2548,2548,2548,2548,2548,2548,2548,2548,2548,2548,2548,2548,2548,2548,2548,2548,2548,2548,2548,2548,2548,2548,2548,2548,2366,2366,2366,2366,2366,2366,2366,2366,2366,2366,2366,2366,2548,2548,2366,2208,2208,2208,2208,2366,2366,2366,2366,2366,2366,2208,2208,2208,2208,2208,2208,2208,2208,2208,2208,2208,2208,2208,2208,2208,2208,2208,2208,2208,2208,2208,2208,2208,2208,2366,2548,3011,3680,0,3680,2366,2366,2208,2208,2208,2366,2366,2366,2366,2366
690,690,690,690,690,690,690,690,690,690,705,705,705,705,705,705,705,705,705,705,705,720,720,720,720,720,720,720,720,720,720,720,720,720,736,736,736,736,736,736,736,736,736,736,736,736,736,736,736,736,736,736,753,753,753,753,753,753,753,753,753,753,753,753,753,753,753,771,771,771,771,771,771,771,771,771,771,771,771,771,771,771,771,771,771,771,771,771,771,789,789,789,789,789,789,789,789,789,789,789,789,789,789,789,789,789,789,789,789,789,789,808,808,808,808,808,808,808,808,808,808,808,808,808,808,828,828,828,828,828,828,828,828,828,828,828,828,828,828,828,850,850,850,850,850,850,850,850,850,850,850,850,872,872,872,872,872,0,0,872,753,753,753,753,753,753,753,753,753,753,753,753,753,753,753,753,753,753,753,753,753,753,753,753,753,753,753,753,753,753,753,753,753,753,753,753,753,771,771,771,771,771,771,771,771,771,789,771,771,771,771,771,789,771,771,771,771,771,771,771,771,771,771,771,789,808,808,828,828,808,808,808,808,808,808,808,808,808,0,0,0,771,771,771,771,771,771,771,0,771,0,0,0,705,705,705,705,705,705,705,705,705,705,705,705,705,705,705,705,705,705,705,705,705,705,720,705,705,705,705,705,705,705,705,705,705,705,705,705,705,705,705,720,720,720,720,720,720,753,0,0,0,0,0,0,0,0,0,0,0,0,0,0,614,614,614,720,850,850,850,850,850,850,850,850,850,850,850,850,850,850,850,850,850,850,850,850,828,828,828,828,828,828,828,1578,1578,1656,0,0,0,850,850,850,789,789,789,789,771,771,789,789,789,6624,8280,0,0,0,11040,828,828,808,808,808,808,808,808,808,828,828,828,828,828,828,808,808,808,808,808,808,808,808,808,828,0,0,0,0,2760,896,872,872,872,872,896,896,16560,0,0,16560,676,663,663,663,676,1840,0,0,0,0,0,1840,1183,1183,1183,0,0,0,0,0,0,0,0,0,0,0,0,1949,1949,1949,1949,1949,947,896,896,896,896,920,1035,0,1104,0,0,0,0,0,0,0,0,0,0,0,0,0,0,0,0,0,0,0,0,0,0,0,5520,0,0,0,0,0,0,0,0,0,0,0,0,0,0,0,0,0,0,0,4140,0,0,3011,3011,3011,3011,0,0,0,0,0,0,0,0,0,0,2548,2548,2548,2548,2548,2548,3011,0,0,0,0,0,0,2548,2548,2548,2366,2366,2548,2548,2548,2548,2548,2548,2548,2548,2548,2548,2548,2760,2548,2548,2548,2548,2548,2548,2548,2548,2548,2548,2548,2548,2548,2548,2548,2548,2548,2548,2548,2548,2548,2548,2548,2548,2548,2548,2548,2548,2548,2548,2548,2548,2548,0,2548,0,2366,2366,2366,2366,2366,2366,2366,2366,2366,2366,2366,2548,2548,2366,2366,2208,2208,2208,2366,2366,2366,2366,2366,2366,2208,2208,2208,2208,2208,2208,2208,2208,2208,2208,2208,2208,2208,2208,2208,2208,2208,2208,2208,2208,2208,2208,2208,2208,2366,2548,3312,0,0,3680,2366,2366,2208,2208,2208,2366,2366,2366,2366,2366
690,690,690,690,690,690,690,690,690,690,705,705,705,705,705,705,705,705,705,705,705,720,720,720,720,720,720,720,720,720,720,720,720,720,720,736,736,736,736,736,736,736,736,736,736,736,736,736,736,736,736,753,753,753,753,753,753,753,753,753,753,753,753,753,753,753,753,771,771,771,771,771,771,771,771,771,771,771,771,771,771,771,771,771,771,771,771,771,789,789,789,789,789,789,789,789,789,789,789,789,789,789,789,789,789,789,789,789,789,789,789,808,808,808,808,808,808,808,808,808,808,808,808,808,808,828,828,828,828,828,828,828,828,828,828,828,828,828,828,850,850,850,850,850,850,850,850,850,850,850,850,850,872,872,872,872,872,872,0,0,872,753,753,753,753,753,753,753,753,753,753,753,753,753,753,753,753,753,753,753,753,753,753,753,753,753,753,753,753,753,753,753,753,753,753,753,753,753,753,753,771,771,771,771,771,771,771,771,771,771,771,771,771,771,771,771,771,771,771,771,771,771,771,771,771,789,808,808,808,808,808,808,808,808,808,808,808,808,808,808,808,753,771,771,771,771,771,771,771,771,0,0,0,705,705,705,705,705,705,705,705,705,705,705,705,705,705,705,705,705,705,705,705,705,705,705,705,705,705,705,705,705,705,705,705,705,705,705,705,705,705,720,736,736,736,736,736,0,0,0,0,0,0,0,0,0,0,0,0,0,0,0,0,0,614,614,720,850,850,850,850,850,850,850,850,850,850,850,850,850,850,850,850,850,850,850,850,850,828,828,828,828,828,828,1578,1656,1656,0,0,0,1325,1325,1274,1274,850,789,789,771,771,789,789,789,8280,0,0,0,0,4732,828,808,808,808,808,808,808,808,808,808,828,828,828,828,808,808,808,808,808,808,808,808,808,808,828,33119,0,0,0,1274,896,896,896,896,896,896,896,896,16560,16560,16560,872,663,663,663,896,1183,0,0,0,0,0,1840,1183,1035,808,808,1744,0,0,0,0,0,0,0,0,0,2548,1949,1949,1949,1949,0,0,920,920,920,920,920,1035,0,0,0,0,0,0,0,0,0,0,0,0,0,0,0,0,0,0,0,0,0,0,0,0,0,0,0,0,0,0,0,0,0,0,0,0,0,0,0,0,0,0,0,0,0,3011,0,0,3011,3011,3011,3011,0,0,0,0,0,0,0,0,0,0,2548,2548,2548,2548,2548,0,0,0,0,0,0,0,0,2548,2548,2548,2366,2366,2548,2548,2548,2548,2548,2548,2548,2548,2548,2548,2548,2548,2548,2548,2548,2548,2548,2548,2548,2548,2548,2548,2548,2548,2548,2548,2548,2548,2548,2548,2548,2548,2548,2548,2548,2548,2548,2548,2548,2548,2548,2548,2548,2548,2548,0,2548,0,2366,2366,2366,2366,2366,2366,2366,2366,2366,2366,2366,2548,2548,2366,2366,2208,2208,2208,2366,2366,2366,2366,2366,2366,2208,2208,2208,2208,2208,2208,2208,2208,2208,2208,2208,2208,2208,2208,2208,2208,2208,2208,2208,2208,2208,2208,2366,2366,2366,2548,3312,3680,4140,3680,2366,2366,2208,2208,2208,2366,2366,2366,2366,2208
690,690,690,690,690,690,690,690,690,705,705,705,705,705,705,705,705,705,705,705,705,720,720,720,720,720,720,720,720,720,720,720,720,720,736,736,736,736,736,736,736,736,736,736,736,736,736,736,736,736,736,753,753,753,753,753,753,753,753,753,753,753,753,753,753,753,753,771,771,771,771,771,771,771,771,771,771,771,771,771,771,771,771,771,771,771,771,789,789,789,789,789,789,789,789,789,789,789,789,789,789,789,789,789,789,789,789,789,789,789,808,808,808,808,808,808,808,808,808,808,808,808,808,808,808,808,828,828,828,828,828,828,828,828,828,828,828,828,828,828,850,850,850,850,850,850,850,850,850,850,850,850,872,872,872,872,872,872,872,872,872,753,753,753,753,753,753,753,753,753,753,753,753,753,753,753,753,753,753,753,753,753,753,753,753,753,753,753,753,753,753,753,753,753,753,753,753,753,753,753,753,753,771,771,771,771,771,771,771,771,771,771,771,771,771,771,771,771,771,771,771,771,771,771,771,771,771,789,808,808,808,808,808,808,808,808,808,808,808,771,753,753,753,753,771,771,771,771,771,771,0,0,0,720,705,705,705,705,705,705,705,705,705,705,705,705,705,705,705,705,705,705,705,705,705,705,705,705,705,705,705,705,705,705,705,705,705,705,705,705,736,736,736,736,736,736,736,0,0,0,0,0,0,0,0,0,0,0,0,0,0,0,0,0,828,828,828,850,850,850,850,850,850,850,850,850,850,850,850,850,850,850,850,850,850,850,850,850,850,850,828,828,828,850,850,1578,1578,1656,1656,0,1656,1656,1325,1325,850,789,771,771,771,771,771,771,789,11040,0,0,0,4732,828,808,808,808,808,808,808,808,808,808,828,828,828,828,808,808,808,808,808,808,808,808,808,808,828,33119,0,0,33119,896,872,872,896,872,896,896,896,896,920,16560,16560,896,663,663,663,896,896,0,0,0,0,0,1183,1069,808,789,789,808,0,0,0,0,0,0,0,0,0,0,1949,1949,1949,1949,0,0,920,920,920,920,920,1004,0,1104,0,0,0,0,0,0,0,0,0,0,0,0,0,0,0,0,0,0,0,0,0,0,0,0,0,0,0,0,0,0,0,0,0,0,0,0,0,0,0,0,0,0,0,3011,0,0,3011,3011,3011,3011,0,0,0,0,0,0,0,0,0,0,2548,2548,2548,2548,2548,0,0,0,0,0,0,0,0,2548,2548,2548,2366,2366,2548,2548,2548,2548,2548,2548,2548,2548,2548,2548,2548,2548,2548,2548,2548,2548,2548,2548,2548,2548,2548,2548,2548,2548,2548,2548,2548,2548,2548,2548,2548,2548,2548,2548,2548,2548,2548,2548,2548,2548,2548,2548,2548,2548,2548,2548,2548,2366,2366,2366,2366,2366,2366,2366,2366,2366,2366,2366,2366,0,2548,2366,2208,2208,2208,2208,2366,2366,2366,2366,2366,2366,2208,2208,2208,2208,2208,2208,2208,2208,2208,2208,2208,2208,2208,2208,2208,2208,2208,2208,2208,2208,2208,2208,2366,2366,2366,2548,3312,4140,0,4140,3312,2208,2208,2208,2208,2208,2208,2208,2208,2208
690,690,690,690,690,690,690,705,705,705,705,705,705,705,705,705,705,705,705,705,705,720,720,720,720,720,720,720,720,720,720,720,720,720,720,736,736,736,736,736,736,736,736,736,736,736,736,736,736,736,736,736,753,753,753,753,753,753,753,753,753,753,753,753,753,753,753,753,771,771,771,771,771,771,771,771,771,771,771,771,771,771,771,771,771,771,771,789,789,789,789,789,789,789,789,789,789,789,789,789,789,789,789,789,789,789,789,789,789,789,808,808,808,808,808,808,808,808,808,808,808,808,808,808,808,808,828,828,828,828,828,828,828,828,828,828,828,828,828,850,850,850,850,850,850,850,850,850,850,850,850,872,872,872,872,872,872,872,872,0,896,896,753,753,753,753,753,753,753,753,753,753,753,753,753,753,753,753,753,753,753,753,753,753,753,753,753,753,753,753,753,753,753,753,753,753,753,753,753,753,753,753,753,771,771,771,771,771,771,771,771,771,771,771,771,771,771,771,771,771,771,771,771,771,771,771,771,771,789,789,789,789,789,789,789,789,808,808,789,753,753,753,753,753,771,771,771,771,771,771,771,0,771,720,705,705,705,720,720,720,720,720,720,720,720,720,720,720,720,8280,11040,11040,720,705,705,705,705,705,705,705,705,705,705,705,705,705,705,705,736,1440,1440,736,1440,736,736,0,0,0,0,0,0,0,0,0,0,0,0,0,0,0,0,0,0,0,850,850,850,850,850,850,850,850,850,850,850,850,850,850,850,850,850,850,850,850,850,850,850,850,850,850,850,850,850,850,850,850,850,1656,1656,1274,1274,872,872,872,850,850,771,771,771,771,771,753,771,771,0,0,0,4732,828,808,808,808,808,808,808,808,808,808,828,828,808,808,808,808,808,808,808,808,808,808,808,808,828,1004,33119,33119,1004,872,872,872,872,872,872,872,872,896,896,896,872,872,872,663,872,896,896,920,1183,0,0,0,1183,1035,789,789,789,808,0,0,0,0,0,0,0,0,0,0,1949,1949,1949,1949,0,0,975,920,920,920,920,1004,1069,1104,0,0,0,0,0,0,0,0,0,0,0,0,0,0,0,0,0,0,0,0,0,0,0,0,0,0,0,0,0,0,0,0,0,0,0,0,0,0,0,0,0,0,0,0,0,3011,3011,3011,3011,3011,0,0,0,0,0,0,0,0,0,2548,2548,2548,2548,2548,2548,0,0,0,0,0,0,0,0,2548,2548,2548,2366,2548,2548,2548,2548,2548,2548,2548,2548,2548,2548,2548,2548,2548,2548,2548,2548,2548,2548,2548,2548,2548,2548,2548,2548,2548,2548,2548,2548,2548,2548,2548,2548,2548,2548,2548,2548,2548,2548,2548,2548,2548,2548,2548,2548,2548,2548,0,2548,2366,2366,2366,2366,2366,2366,2366,2366,2366,2366,2366,2548,0,0,2366,2208,2208,2208,2208,2366,2366,2366,2366,2366,2366,2208,2208,2208,2208,2208,2208,2208,2208,2208,2208,2208,2208,2208,2208,2208,2208,2208,2208,2208,2208,2208,2208,2366,2366,2366,2548,3680,4140,4140,4140,3680,2208,2208,2208,2208,2208,2208,2208,2208,2208
690,690,690,690,690,690,705,705,705,705,705,705,705,705,705,705,705,705,705,705,705,720,720,720,720,720,720,720,720,720,720,720,720,720,736,736,736,736,736,736,736,736,736,736,736,736,736,736,736,736,736,753,753,753,753,753,753,753,753,753,753,753,753,753,753,753,753,771,771,771,771,771,771,771,771,771,771,771,771,771,771,771,771,771,771,771,771,789,789,789,789,789,789,789,789,789,789,789,789,789,789,789,789,789,789,789,789,808,808,808,808,808,808,808,808,808,808,808,808,808,808,808,808,808,808,828,828,828,828,828,828,828,828,828,828,828,828,828,828,850,850,850,850,850,850,850,850,850,850,850,850,850,872,872,872,872,872,872,872,0,896,896,850,753,753,753,753,753,753,753,753,753,753,753,753,753,753,753,753,753,753,753,753,753,753,753,753,753,753,753,753,753,753,753,753,753,753,753,753,753,753,753,753,753,753,753,753,771,771,771,771,771,771,771,771,771,771,771,771,771,771,771,771,771,771,771,771,771,771,789,789,789,789,789,789,789,789,771,771,753,753,753,753,753,753,771,771,771,771,771,1380,0,1380,771,720,720,720,720,720,720,720,720,720,720,720,720,720,720,720,11040,0,11040,720,720,705,705,705,705,705,705,705,705,705,705,705,705,705,1380,0,1506,1380,736,736,736,736,0,0,0,0,0,0,0,0,0,0,0,0,0,0,0,0,0,0,0,850,850,850,850,850,850,850,850,850,850,850,850,850,850,850,850,850,850,850,850,850,850,850,850,850,850,850,850,850,850,850,850,850,850,850,850,850,850,850,850,850,850,771,753,753,753,753,753,753,753,771,4732,4732,2760,808,808,808,808,808,808,808,808,808,808,828,808,808,808,808,808,808,808,808,808,808,808,808,808,828,828,828,828,850,850,850,850,850,872,872,872,872,872,896,896,896,896,872,872,872,896,896,920,0,0,0,0,0,789,789,789,789,789,808,0,0,0,0,0,0,0,0,0,1949,1949,0,0,0,0,0,920,920,896,920,1004,1035,1069,1104,0,0,0,0,0,0,0,0,0,0,0,0,0,0,0,0,0,0,0,0,0,0,0,0,0,0,0,0,0,0,0,0,0,0,0,0,0,0,0,0,0,0,0,0,3011,3011,3011,3011,3011,3011,0,0,0,0,0,0,0,3011,2548,2548,2548,2548,2548,2548,0,0,0,0,0,0,0,0,2548,2548,2548,2548,2548,2548,2548,2548,2548,2548,2548,2548,2548,2548,2548,2548,2548,2548,2548,2548,2548,2548,2548,2548,2548,2548,2548,2548,2548,2548,2548,2548,2548,2548,2548,2548,2548,2548,2548,2548,2548,2548,2366,2548,2548,2548,2548,2548,2548,2548,2548,2548,2366,2366,2366,2366,2366,2366,2366,2366,2366,2366,2366,2366,0,2548,2366,2208,2208,2208,2208,2366,2366,2366,2366,2366,2366,2208,2208,2208,2208,2208,2208,2208,2208,2208,2208,2208,2208,2208,2208,2208,2208,2208,2208,2208,2208,2208,2208,2366,2366,2366,2548,3680,3680,4140,3680,3680,2208,2208,2208,2208,2208,2208,2208,2208,2208
690,690,690,705,705,705,705,705,705,705,705,705,705,705,705,705,705,705,705,705,720,720,720,720,720,720,720,720,720,720,720,720,720,720,736,736,736,736,736,736,736,736,736,736,736,736,736,736,736,736,736,736,736,753,753,753,753,753,753,753,753,753,753,753,753,753,753,753,771,771,771,771,771,771,771,771,771,771,771,771,771,771,771,771,771,771,771,771,789,789,789,789,789,789,789,789,789,789,789,789,789,789,789,789,789,789,808,808,808,808,808,808,808,808,808,808,808,808,808,808,808,808,808,808,828,828,828,828,828,828,828,828,828,828,828,828,828,828,828,850,850,850,850,850,850,850,850,850,850,850,850,850,850,872,872,872,872,872,872,0,0,896,872,872,753,753,753,753,753,753,753,753,736,736,736,736,736,736,736,753,753,753,753,753,753,753,753,736,736,736,753,753,753,736,736,736,736,736,736,753,753,753,753,753,753,753,753,771,771,771,771,771,771,771,771,771,771,771,771,771,771,771,771,771,771,771,771,771,771,771,771,789,789,771,771,771,771,771,771,753,753,753,753,753,753,771,771,771,771,771,1380,0,0,771,720,720,720,720,720,720,720,720,720,720,720,720,720,720,11040,0,0,0,11040,720,720,720,720,720,720,720,720,720,720,720,720,720,0,0,0,1440,736,736,736,736,736,0,0,0,0,0,0,0,0,0,0,0,0,0,0,0,0,0,0,828,828,828,850,850,850,850,850,850,850,850,850,850,850,850,850,850,850,850,850,850,850,850,850,850,850,850,850,850,850,850,850,850,850,850,850,850,850,850,850,850,850,850,850,771,771,753,753,753,753,753,753,753,808,808,808,808,808,808,808,808,808,808,808,808,828,808,808,808,808,808,808,808,808,808,808,808,808,808,808,828,828,828,828,828,828,850,850,850,850,872,872,872,872,872,896,896,872,872,872,896,896,896,920,0,0,0,896,789,789,789,789,789,920,0,0,0,0,0,0,0,0,0,1949,0,0,0,0,0,0,920,920,920,920,1004,1069,1069,1069,1104,0,0,0,0,0,0,0,0,0,0,0,0,0,0,0,0,0,0,0,0,0,0,0,0,0,0,0,0,0,0,0,4140,4140,0,0,0,0,0,0,0,0,0,0,0,3011,3011,3011,3011,3011,2548,0,0,0,0,0,0,2548,2548,2548,2548,2548,2548,2548,2548,2548,0,0,0,0,0,0,2548,2548,2548,2548,2548,2548,2548,2548,2548,2548,2548,2548,2548,2548,2548,2548,2548,2548,2548,2548,2548,2548,2548,2548,2548,2548,2548,2548,2548,2548,2548,2548,2548,2548,2548,2548,2548,2548,2548,2548,2548,2548,2366,2548,2548,2548,2548,2548,2548,2548,2366,2366,2366,2366,2366,2366,2366,2366,2366,2366,2366,2366,2366,2366,0,2548,2366,2208,2208,2208,2208,2366,2366,2366,2366,2366,2366,2208,2208,2208,2208,2208,2208,2208,2208,2208,2208,2208,2208,2208,2208,2208,2208,2208,2208,2208,2208,2208,2208,2366,2366,2366,2548,2760,3680,4140,3680,3680,2366,2208,2208,2208,2208,2208,2208,2208,2208
690,690,690,690,690,705,705,705,705,705,705,705,705,720,705,705,705,705,705,720,720,720,720,720,720,720,720,720,720,720,720,720,720,720,736,736,736,736,736,736,736,736,736,736,736,736,736,736,736,736,736,736,753,753,753,753,753,753,753,753,753,753,753,753,753,753,753,753,771,771,771,771,771,771,771,771,771,771,771,771,771,771,771,771,771,771,771,771,771,789,789,789,789,789,789,789,789,789,789,789,789,789,789,789,789,789,808,808,808,808,808,808,808,808,808,808,808,808,808,808,808,808,808,828,828,828,828,828,828,828,828,828,828,828,828,828,828,828,828,850,850,850,850,850,850,850,850,850,850,850,850,850,850,872,872,872,872,872,872,872,872,872,872,872,850,753,753,753,753,753,753,736,736,736,736,736,736,736,736,736,736,736,736,736,736,736,736,736,736,736,736,736,736,736,736,736,736,736,736,753,753,753,753,753,753,753,753,771,771,771,771,771,771,789,789,789,771,771,771,771,771,771,771,771,771,771,771,771,771,771,771,771,771,771,771,771,771,771,771,771,753,753,753,753,753,771,771,771,771,4140,0,0,0,0,720,720,720,720,720,720,720,720,720,720,720,720,720,1325,0,0,0,0,0,720,720,720,720,720,720,720,720,720,720,720,736,736,0,0,1440,736,736,736,736,736,736,736,736,0,0,0,0,0,0,0,0,0,0,0,0,0,0,0,850,828,828,828,850,850,850,850,850,850,850,850,850,850,850,850,850,850,850,850,850,850,850,850,850,850,850,850,850,850,850,850,850,850,850,850,850,850,850,850,850,850,850,850,850,850,828,753,753,753,753,753,753,753,753,771,808,808,808,808,808,808,808,808,808,808,808,808,808,808,808,808,808,808,808,808,808,808,808,808,808,828,828,828,828,828,828,850,850,850,850,850,872,872,872,872,872,872,872,872,872,872,896,896,0,0,896,896,789,789,789,789,789,789,920,0,0,0,0,0,0,0,0,0,0,0,0,0,0,0,896,896,896,920,920,1035,1069,1069,1069,1104,1104,0,0,0,0,0,0,0,0,0,0,0,0,0,2548,0,0,0,0,0,0,0,0,0,0,0,0,0,0,0,4140,4140,2760,3312,0,0,0,0,0,0,0,0,0,0,3011,3011,3011,3011,2548,2548,2548,2548,0,0,0,0,2548,2548,2548,2548,2548,2548,2548,2548,2548,0,0,0,0,0,2548,2548,2548,2548,2548,2548,2548,2548,2548,2548,2548,2548,2548,2548,2548,2548,2548,2548,2548,2548,2548,2548,2548,2548,2548,2548,2548,2548,2548,2548,2548,2548,2548,2548,2548,2548,2548,2548,2548,2548,2548,2548,2548,2366,2548,2548,2548,2548,2548,2548,2548,2366,2366,2366,2366,2366,2366,2366,2366,2366,2366,2366,2366,2548,2548,2548,2548,2366,2208,2208,2208,2208,2366,2366,2366,2366,2366,2366,2208,2208,2208,2208,2208,2208,2208,2208,2208,2208,2208,2208,2208,2208,2208,2208,2208,2208,2208,2208,2208,2208,2366,2366,2366,2548,2760,3680,4140,4140,3680,2366,2366,2208,2208,2208,2208,2208,2208,2208
690,690,690,690,690,690,690,705,705,705,705,705,705,720,720,705,705,705,705,720,720,720,720,720,720,720,720,720,720,720,720,720,720,720,736,736,736,736,736,736,736,736,736,736,736,736,736,736,736,736,736,736,736,753,753,753,753,753,753,753,753,753,753,753,753,753,753,753,771,771,771,771,771,771,771,771,771,771,771,771,771,771,771,771,771,771,771,771,771,771,789,789,789,789,789,789,789,789,789,789,789,789,789,789,789,789,808,808,808,808,808,808,808,808,808,808,808,808,808,808,808,808,808,828,828,828,828,828,828,828,828,828,828,828,828,828,828,828,828,828,850,850,850,850,850,850,850,850,850,850,850,850,850,872,872,872,872,872,872,896,872,872,872,872,872,872,771,771,753,753,753,736,736,736,736,736,736,736,736,736,736,736,736,736,736,736,736,736,736,736,736,736,736,736,736,736,736,736,736,753,753,789,753,753,753,753,753,771,771,771,771,789,789,789,789,789,789,789,789,771,771,771,771,771,771,771,771,771,771,771,771,771,771,771,771,771,771,771,771,771,753,753,753,753,753,771,771,771,850,0,0,0,0,0,720,720,720,720,720,720,720,720,720,720,720,720,720,1325,1325,0,0,0,0,720,720,720,720,720,720,720,720,720,720,736,736,753,0,736,736,736,736,736,736,736,736,736,0,0,0,0,0,0,0,0,0,0,0,0,0,0,0,0,850,828,828,828,850,850,850,850,850,850,850,850,850,850,850,850,850,850,850,850,850,850,850,850,850,850,850,850,850,850,850,850,850,850,850,850,850,850,850,850,850,850,850,850,850,850,828,828,753,753,753,753,753,753,753,753,753,771,789,808,808,808,808,808,808,808,808,808,808,808,808,808,808,808,808,808,808,808,808,808,808,828,828,828,828,828,828,828,850,850,850,850,850,872,872,872,872,850,828,828,828,828,828,828,896,828,828,808,789,789,789,789,789,920,0,0,0,0,0,0,0,0,0,0,0,0,0,0,0,0,896,896,896,920,947,1035,1069,1069,1069,1104,1104,0,0,0,0,0,0,0,0,0,0,0,0,0,0,0,0,0,0,0,0,0,0,0,0,0,0,0,0,0,0,4140,4140,3312,0,0,0,0,0,0,0,0,0,0,0,3011,3011,2548,2548,2548,2548,2548,2548,0,0,0,0,2548,2548,2548,2548,2548,2548,2548,2548,2548,0,0,2548,2548,2548,2548,2548,2548,2548,2548,2548,2548,2548,2548,2548,2548,2548,2548,2548,2548,2548,2548,2548,2548,2548,2548,2548,2548,2548,2548,2548,2548,2548,2548,2548,2548,2548,2548,2548,2548,2548,2548,2548,2548,2548,2548,2548,2366,2548,2548,2548,2548,2548,2548,2366,2366,2366,2366,2366,2366,2366,2366,2366,2366,2366,2366,2366,2366,2366,2366,2366,2366,2208,2208,2208,2208,2366,2366,2366,2366,2366,2366,2366,2208,2208,2208,2208,2208,2208,2208,2208,2208,2208,2208,2208,2208,2208,2208,2208,2208,2208,2208,2208,2208,2366,2366,2366,2548,2760,3680,3680,3680,3680,2366,2366,2366,2366,2366,2366,2366,2366,2366
690,690,690,690,690,690,690,690,705,705,705,705,705,705,705,705,705,705,705,720,720,720,720,720,720,720,720,720,720,720,720,720,720,720,736,736,736,736,736,736,736,736,736,736,736,736,736,736,736,736,736,736,736,753,753,753,753,753,753,753,753,753,753,753,753,753,753,771,771,771,771,771,771,771,771,771,771,771,771,771,771,771,771,771,771,771,771,771,771,771,789,789,789,789,789,789,789,789,789,789,789,789,789,789,789,789,808,808,808,808,808,808,808,808,808,808,808,808,808,808,808,808,808,828,828,828,828,828,828,828,828,828,828,828,828,828,828,828,828,850,850,850,850,850,850,850,850,850,850,850,850,850,872,872,872,872,872,872,872,872,872,872,872,872,872,872,872,872,771,771,771,753,753,736,736,736,736,736,736,736,736,736,736,736,736,736,736,736,736,736,736,736,736,736,736,736,736,736,0,0,0,0,0,850,789,789,789,789,789,789,789,789,789,789,828,828,808,808,808,808,789,789,771,771,771,771,771,771,771,771,771,771,771,771,771,771,771,771,771,771,771,753,753,753,753,771,850,850,0,0,0,0,0,0,1380,720,720,720,720,720,720,720,720,720,720,720,1325,1325,1325,0,0,0,0,736,720,720,720,720,720,720,720,720,736,736,0,0,0,736,736,736,736,736,736,736,736,736,736,0,0,0,0,0,0,0,0,0,0,0,0,0,0,850,850,828,828,828,828,850,850,850,850,850,850,850,850,850,850,850,850,850,850,850,850,850,850,850,850,850,850,850,850,850,828,828,828,828,828,828,828,828,828,828,850,850,828,828,828,828,828,828,808,753,753,753,753,753,753,753,753,753,771,789,808,808,808,808,808,808,808,808,808,808,808,808,808,808,808,808,808,808,808,808,808,828,828,828,828,828,828,828,828,828,850,850,850,850,850,850,828,828,828,828,828,828,828,828,828,828,808,808,789,789,789,789,789,920,0,0,0,0,0,0,0,0,0,0,0,0,0,0,0,872,896,896,896,920,947,1035,1069,1069,1069,1104,1143,0,0,0,0,0,0,0,0,0,0,0,0,0,0,0,0,0,0,0,0,0,0,0,0,0,0,0,0,0,0,4140,3312,3312,0,0,0,0,0,0,0,0,0,0,0,0,3011,2548,2548,2548,2548,2548,2548,0,0,0,0,2548,2548,2548,2548,2548,2548,2548,2548,2548,2548,2548,2548,2548,2548,2548,2548,2548,2548,2548,2548,2548,2548,2548,2548,2548,2548,2548,2548,2548,2548,2548,2548,2548,2548,2548,2548,2548,2548,2548,2548,2548,2548,2548,2548,2548,2548,2548,2548,2548,2548,2548,2548,2548,2548,2548,2548,2366,2548,2548,2548,2548,2548,2548,2366,2366,2366,2366,2366,2366,2366,2366,2366,2366,2366,2366,2366,2548,2366,2366,2366,2366,2366,2208,2208,2208,2366,2366,2366,2366,2366,2366,2366,2208,2208,2208,2208,2208,2208,2208,2208,2208,2208,2208,2208,2208,2208,2208,2208,2208,2208,2208,2208,2366,2366,2366,2366,2548,2760,3680,4140,3680,3680,2366,2366,2366,2366,2366,33119,0,0,0
690,690,690,690,690,690,690,705,705,705,705,705,705,705,705,705,705,705,705,720,720,720,720,720,720,720,720,720,720,720,720,720,720,720,736,736,736,736,736,736,736,736,736,736,736,736,736,736,736,736,736,736,736,736,753,753,753,753,753,753,753,753,753,753,753,753,753,771,771,771,771,771,771,771,771,771,771,771,771,771,771,771,771,771,771,771,771,771,771,771,789,789,789,789,789,789,789,789,789,789,789,789,789,789,789,789,789,808,808,808,808,808,808,808,808,808,808,808,808,808,808,808,808,808,828,828,828,828,828,828,828,828,828,828,828,828,828,828,828,850,850,850,850,850,850,850,850,850,872,872,872,872,872,872,872,872,872,872,872,872,872,872,872,872,872,872,872,0,0,0,0,0,872,753,753,753,753,753,753,736,736,736,736,736,736,736,753,753,753,753,736,736,736,736,736,828,0,0,0,0,0,0,0,0,850,828,808,808,808,808,828,828,828,850,850,850,11040,3312,0,0,11040,3312,771,771,771,771,771,0,0,789,771,771,771,771,771,771,771,771,771,771,771,771,771,753,771,850,850,850,872,0,0,0,0,0,720,720,720,720,720,720,720,720,720,720,720,720,1325,1325,1325,1325,0,0,0,736,736,720,720,720,720,720,736,736,736,736,0,0,736,736,736,736,736,736,736,736,736,736,0,0,0,0,0,0,0,0,0,0,0,0,0,0,850,850,850,828,828,828,828,850,850,850,850,850,850,850,850,850,850,850,850,850,850,850,850,850,850,850,850,850,850,850,850,850,828,828,828,828,828,828,828,828,828,828,828,828,828,828,828,828,828,828,808,753,753,753,753,753,753,753,753,753,753,771,771,808,808,808,808,808,808,808,808,808,808,808,808,808,808,808,808,808,808,808,808,808,828,828,828,808,808,808,828,828,828,828,828,828,828,828,828,828,828,828,828,828,828,828,828,808,808,789,789,789,789,789,0,0,0,0,0,0,0,0,0,0,0,0,0,0,0,0,0,872,896,896,896,920,975,1004,1035,1069,1069,1104,1143,0,0,0,0,0,0,0,0,0,0,0,0,0,0,2760,3011,33119,0,0,0,0,0,0,0,0,0,0,0,0,0,4140,3312,3312,3312,3312,0,0,0,0,0,0,0,0,0,0,3011,2548,2548,2548,2548,2548,2548,2548,2548,0,0,2548,2548,2548,2548,2548,2548,2548,2548,2548,2548,2548,2548,2548,2548,2548,2548,2548,2548,2548,2548,2548,2548,2548,2548,2548,2548,2548,2548,2548,2548,2548,2548,2548,2548,2548,2548,2548,2548,2548,2548,2548,2548,2548,2548,2548,2548,2548,2548,2548,2548,2548,2548,2548,2548,2548,2366,2366,2366,2548,2548,2366,2548,2366,2366,2366,2366,2366,2366,2366,2366,2366,2366,2366,2366,2366,2366,2548,2366,2366,2366,2366,2366,2366,2208,2208,2366,2366,2366,2366,2366,2366,2366,2208,2208,2208,2208,2208,2208,2208,2208,2208,2208,2208,2208,2208,2208,2208,2208,2208,2208,2208,2208,2366,2366,2366,2366,2548,3011,3680,4140,3680,3680,3680,2366,2366,2366,0,0,0,0,0
690,690,690,690,690,690,690,690,705,705,705,705,705,705,705,705,705,705,720,720,720,720,720,720,720,720,720,720,720,720,720,720,720,720,736,736,736,736,736,736,736,736,736,736,736,736,736,736,736,736,736,736,736,736,753,753,753,753,753,753,753,753,753,753,753,753,753,771,771,771,771,771,771,771,771,771,771,771,771,771,771,771,771,771,771,771,771,771,771,789,789,789,789,789,789,789,789,789,789,789,789,789,789,789,789,789,789,808,808,808,808,808,808,808,808,808,808,808,808,808,808,808,808,808,808,828,828,828,828,828,828,828,828,828,828,828,828,828,850,850,850,850,850,850,850,850,850,850,872,872,872,872,872,872,872,872,872,872,872,872,872,872,872,872,872,872,872,0,0,0,0,0,872,850,850,850,850,828,828,828,828,828,828,753,753,753,828,828,828,828,828,828,850,850,850,850,0,0,0,0,0,0,0,0,850,828,808,808,808,808,828,828,828,850,850,850,0,0,0,0,0,0,0,0,872,872,0,0,0,0,789,771,771,771,771,789,771,771,771,771,771,771,771,753,771,850,850,850,872,0,0,0,0,0,1274,720,720,720,720,720,720,720,720,720,720,1325,1325,1325,1325,1325,1325,1325,736,736,736,736,736,736,736,736,736,736,753,753,0,0,736,736,736,736,736,736,736,736,736,0,0,0,0,0,0,0,0,0,0,0,0,0,0,0,850,850,850,850,850,850,828,850,850,850,850,850,850,850,850,850,850,850,850,850,850,850,850,850,850,850,850,850,850,850,850,850,828,828,828,828,808,808,808,808,808,808,808,808,808,808,808,828,808,808,808,753,753,753,753,753,753,753,753,753,753,753,753,771,789,789,808,808,808,808,808,808,808,808,808,808,808,808,808,808,808,808,808,808,808,808,808,808,808,808,808,808,808,828,828,828,828,828,808,808,808,808,808,808,828,828,828,808,808,789,789,789,789,789,0,0,0,0,0,0,0,0,0,0,0,0,0,0,0,0,0,872,872,872,896,920,947,1004,1035,1069,1069,1143,1183,0,0,0,0,0,0,0,0,0,0,0,0,0,0,0,3011,3011,0,0,0,0,0,0,0,0,0,0,0,0,0,0,3312,3312,3312,0,0,0,0,0,0,3312,0,0,0,3011,3011,2760,2548,2548,2548,2548,2548,2548,2548,0,0,2548,2548,2548,2548,2548,2366,2548,2548,2548,2548,2548,2548,2548,2548,2548,2548,2548,2548,2548,2548,2548,2548,2548,2548,2548,2548,2548,2548,2548,2548,2548,2548,2548,2548,2548,2548,2548,2548,2548,2548,2548,2548,2548,2548,2548,2548,2548,2548,2548,2548,2548,2548,2548,2366,2366,2366,2366,2366,2548,2548,2548,2548,2548,2366,2366,2366,2366,2366,2366,2366,2366,2366,2366,2548,2366,2548,2548,2366,2366,2366,2366,2366,2366,2208,2366,2366,2366,2366,2366,2366,2366,2366,2208,2208,2208,2208,2208,2208,2208,2208,2208,2208,2208,2208,2208,2208,2208,2208,2208,2208,2208,2208,2366,2366,2366,2366,2548,3011,3680,4140,3680,3680,3680,2366,2366,2366,0,0,0,0,0
690,690,690,690,690,690,690,690,705,705,705,705,705,705,705,705,705,720,720,720,720,720,720,720,720,720,720,720,720,720,720,720,720,720,736,736,736,736,736,736,736,736,736,736,736,736,736,736,736,736,736,736,736,736,753,753,753,753,753,753,753,753,753,753,753,753,771,771,771,771,771,771,771,771,771,771,771,771,771,771,771,771,771,771,771,771,771,771,771,771,789,789,789,789,789,789,789,789,789,789,789,789,789,789,789,789,789,808,808,808,808,808,808,808,808,808,808,808,808,808,808,808,808,808,808,828,828,828,828,828,828,828,828,828,828,828,828,828,850,850,850,850,850,850,850,850,850,850,872,872,872,872,872,872,872,872,872,872,872,872,872,872,872,872,872,872,872,896,0,0,0,896,896,872,872,850,850,850,850,850,850,850,850,850,850,850,850,850,850,850,850,850,947,947,947,947,947,947,850,850,850,850,850,850,828,808,808,808,808,808,828,828,828,850,850,850,0,0,0,0,0,0,0,0,1744,0,0,0,0,0,771,771,771,771,771,789,789,789,789,771,771,771,771,753,771,771,850,771,850,0,0,0,0,0,1274,720,720,720,720,720,720,720,720,720,720,1325,1325,1325,1325,1325,1325,1325,736,736,736,736,736,736,736,736,736,736,753,753,753,0,736,736,736,736,736,736,736,736,736,0,0,0,0,0,0,0,0,0,0,0,0,0,0,0,850,850,850,850,850,850,850,850,850,850,850,850,850,850,850,850,850,850,850,850,850,850,850,850,850,850,850,850,850,850,850,850,850,828,828,808,808,808,808,808,808,808,789,789,789,808,808,808,808,808,789,753,753,753,753,753,753,753,753,753,753,753,753,753,771,771,789,808,808,808,808,808,808,808,808,808,808,808,808,808,808,808,808,808,808,808,808,808,808,808,808,808,808,808,808,808,808,808,808,808,808,808,808,808,808,808,808,808,789,789,789,789,789,789,0,0,0,0,0,0,0,0,0,0,0,0,0,0,0,0,1104,872,872,872,896,920,947,1004,1035,1069,1069,1143,1183,0,0,0,0,0,0,0,0,0,0,0,0,0,0,2760,2760,3011,0,0,0,0,0,0,0,0,0,0,0,0,0,0,3312,3312,0,0,0,0,0,0,0,3011,0,0,0,2760,2760,2760,2760,2760,2548,2760,2760,2760,2760,2760,2760,2760,2548,2548,2548,2548,2366,2548,2548,2548,2760,2548,2548,2760,2548,2548,2548,2548,2548,2548,2548,2548,2548,2548,2548,2548,2548,2548,2548,2548,2548,2548,2548,2548,2548,2548,2548,2548,2548,2548,2548,2548,2548,2548,2548,2548,2548,2548,2548,2548,2548,2548,2548,2366,2366,2366,2366,2366,2366,2366,2366,2366,2366,2366,2366,2366,2366,2366,2366,2366,2366,2366,2366,2366,2366,2366,2366,2366,2366,2366,2366,2366,2366,2366,2366,2366,2366,2366,2366,2366,2366,2366,2366,2208,2208,2208,2208,2208,2208,2208,2208,2208,2208,2208,2208,2208,2208,2208,2208,2208,2208,2208,2208,2366,2366,2366,2366,2548,3011,3680,4140,3680,3680,3680,2366,2366,2366,0,0,0,0,0
690,690,690,690,690,690,690,690,705,705,705,705,705,705,705,705,720,720,720,720,720,720,720,720,720,720,720,720,720,720,720,720,720,736,736,736,736,736,736,736,736,736,736,736,736,736,736,736,736,736,736,736,736,736,736,753,753,753,753,753,753,753,753,753,753,771,771,771,771,771,771,771,771,771,771,771,771,771,771,771,771,771,771,771,771,771,771,771,771,771,789,789,789,789,789,789,789,789,789,789,789,789,789,789,789,789,789,808,808,808,808,808,808,808,808,808,808,808,808,808,808,808,808,808,808,828,828,828,828,828,828,828,828,828,828,828,828,828,850,850,850,850,850,850,850,850,850,850,850,850,872,872,872,872,872,872,872,872,872,872,872,872,872,872,872,872,896,896,896,896,896,896,896,896,896,896,896,896,896,896,896,896,920,920,920,920,920,920,920,920,947,947,947,947,947,947,947,947,850,828,828,828,808,808,808,808,808,808,808,808,808,808,808,828,828,828,828,3312,0,0,0,0,0,0,0,0,0,0,0,0,771,771,771,771,789,789,789,789,789,789,789,789,771,850,771,771,771,771,850,0,0,0,0,0,0,1035,720,720,720,720,720,720,720,720,0,0,0,1325,1325,1325,736,736,736,736,736,736,736,736,736,736,736,753,753,753,0,0,0,736,736,736,736,736,736,0,0,0,0,0,0,0,0,0,0,0,0,0,0,0,0,0,850,850,850,850,850,850,850,850,850,850,850,850,850,850,850,850,850,850,850,850,850,850,850,850,850,850,850,850,850,850,850,850,850,828,808,808,808,808,808,808,789,789,789,789,789,789,789,808,808,789,771,753,753,753,753,753,753,753,753,753,753,753,753,753,753,753,771,808,808,808,808,808,808,808,808,808,808,808,808,808,808,808,808,808,808,808,808,808,808,808,808,789,789,808,808,808,808,808,808,789,789,808,808,808,808,808,808,789,789,789,789,771,771,789,789,0,0,0,1274,0,0,0,0,0,0,0,0,0,0,1840,920,872,872,872,896,920,947,1004,1035,1069,1069,1143,0,0,0,0,0,0,0,0,0,0,0,0,0,0,0,2760,2760,3011,0,0,0,0,0,0,0,0,0,0,0,0,0,0,3312,3312,16560,0,0,0,16560,33119,3011,3011,3312,0,2760,2760,2760,2760,2760,2760,2760,2760,2760,2760,2548,2760,2760,2548,2548,2548,2548,2548,2548,2548,2548,2548,2760,2548,2548,2760,2548,2548,2548,2548,2548,2548,2548,2548,2548,2548,2548,2548,2548,2548,2548,2548,2548,2548,2548,2548,2548,2548,2548,2548,2548,2548,2548,2548,2548,2548,2548,2548,2548,2548,2548,2366,2366,2366,2366,2366,2366,2366,2366,2366,2366,2366,2366,2366,2366,2366,2366,2366,2366,2366,2366,2366,2366,2366,2366,2366,2548,2366,2366,2366,2366,2366,2366,2366,2366,2366,2366,2366,2366,2366,2366,2366,2366,2366,2366,2208,2208,2208,2208,2208,2208,2208,2208,2208,2208,2208,2208,2208,2208,2208,2208,2208,2208,2208,2208,2208,2366,2366,2366,2548,2760,3680,4140,3680,3680,2366,2366,2366,2366,2366,2366,2366,2366,2366
690,690,690,690,690,690,690,690,690,705,705,705,705,705,705,705,720,720,720,720,720,720,720,720,720,720,720,720,720,720,720,720,720,736,736,736,736,736,736,736,736,736,736,736,736,736,736,736,736,736,736,736,736,736,753,753,753,753,753,753,753,753,753,753,753,771,771,771,771,771,771,771,771,771,771,771,771,771,771,771,771,771,771,771,771,771,771,771,771,771,789,789,789,789,789,789,789,789,789,789,789,789,789,789,789,789,789,808,808,808,808,808,808,808,808,808,808,808,808,808,808,808,808,808,808,808,828,828,828,828,828,828,828,828,828,828,828,850,850,850,850,850,850,850,850,850,850,850,850,850,850,872,872,872,872,872,872,872,872,872,872,872,872,872,872,872,896,896,896,896,896,896,896,872,872,872,872,872,896,896,896,920,920,920,920,920,920,920,920,920,947,947,947,947,947,947,850,850,828,828,808,808,808,808,808,808,808,808,808,808,808,808,808,808,808,828,828,828,1656,0,0,3312,1656,1656,872,872,0,0,0,0,771,771,771,789,808,808,789,789,789,789,789,808,808,850,771,771,771,771,850,975,0,0,0,0,0,0,0,0,0,0,0,720,720,720,0,0,0,1325,1949,1325,736,736,736,736,736,736,736,736,736,736,736,753,753,753,753,0,0,0,736,736,736,0,736,0,0,0,0,0,0,0,0,0,0,0,0,0,0,0,0,0,850,850,850,850,850,850,850,850,850,850,850,850,850,850,872,872,850,850,850,850,850,850,850,850,850,850,850,850,850,850,850,850,850,850,808,808,808,808,808,808,789,789,789,789,789,789,789,789,789,771,771,771,753,753,753,753,753,753,753,753,753,753,753,753,753,753,753,771,808,808,808,808,808,808,808,808,808,808,808,808,808,808,808,808,808,808,808,808,808,808,789,789,789,789,789,789,789,789,789,789,789,789,789,771,771,771,771,771,771,771,771,771,771,771,789,1274,0,0,0,0,0,0,0,0,0,0,0,0,0,1104,850,850,872,872,896,920,947,1004,1035,1069,1069,1104,0,0,0,0,0,0,0,0,0,0,0,0,0,0,2548,2548,2760,3011,0,0,0,0,0,0,0,0,0,0,0,0,0,0,5520,3312,16560,0,0,0,16560,3312,3011,3011,3312,3312,2760,2760,2760,2760,2760,2760,2760,2760,2760,2760,2548,2760,2548,2548,2548,2548,2548,2548,2548,2548,2548,2548,2760,2760,2760,2760,2548,2548,2548,2548,2548,2548,2548,2548,2548,2548,2548,2548,2548,2548,2548,2548,2548,2548,2548,2548,2548,2548,2548,2548,2548,2548,2548,2548,2548,2548,2548,2548,2548,2366,2366,2366,2366,2366,2366,2366,2366,2366,2366,2366,2366,2366,2366,2366,2366,2366,2366,2366,2366,2366,2366,2366,2366,2366,2366,2548,2548,2366,2366,2366,2366,2366,2366,2366,2366,2366,2366,2366,2366,2366,2366,2366,2366,2366,2366,2208,2208,2208,2208,2208,2208,2208,2208,2208,2208,2208,2208,2208,2208,2208,2208,2208,2208,2208,2208,2208,2366,2366,2366,2548,2760,3680,3680,3680,3680,3680,2366,2366,2366,2366,2366,2366,2366,2366
690,690,690,690,690,690,690,690,705,705,705,705,705,705,705,705,705,720,720,720,720,720,720,720,720,720,720,720,720,720,720,720,720,720,736,736,736,736,736,736,736,736,736,736,736,736,736,736,736,736,736,736,736,753,753,753,753,753,753,753,753,753,753,753,753,771,771,771,771,771,771,771,771,771,771,771,771,771,771,771,771,771,771,771,771,771,771,771,771,771,771,789,789,789,789,789,789,789,789,789,789,789,789,789,789,789,808,808,808,808,808,808,808,808,808,808,808,808,808,808,808,808,808,808,808,828,828,828,828,828,828,828,828,828,828,828,850,850,850,850,850,850,850,850,850,850,850,850,850,850,850,850,872,872,872,872,872,872,850,850,872,872,872,872,872,872,896,896,896,896,872,872,872,850,850,850,850,872,896,896,896,920,920,920,920,920,920,920,920,947,947,947,947,947,947,850,850,808,808,808,808,808,808,808,808,808,808,808,808,808,808,808,808,808,808,808,808,828,828,828,1656,1656,872,872,872,872,872,872,789,771,771,771,771,771,808,808,789,789,789,789,789,789,789,771,771,771,771,771,850,975,0,0,0,0,0,0,0,0,0,0,0,0,0,0,0,0,0,1325,1949,736,736,736,736,736,736,736,736,736,736,736,736,753,753,753,753,0,0,0,0,0,0,0,0,0,0,0,0,0,0,0,0,0,0,0,0,0,0,0,0,0,850,850,850,850,850,850,850,850,850,850,850,850,850,850,872,872,850,850,850,850,850,850,850,850,850,850,850,850,850,850,850,850,850,850,808,808,808,808,808,789,789,789,789,789,789,771,771,789,771,771,771,771,753,753,753,753,753,753,753,753,753,753,753,753,753,753,753,753,771,808,808,808,808,808,808,808,808,808,808,808,808,808,808,808,771,771,771,771,771,771,771,771,771,753,753,753,771,771,771,771,771,771,771,771,771,771,771,771,771,771,771,771,771,771,771,1274,0,0,0,0,0,0,0,0,0,0,0,0,0,1104,920,872,896,896,920,920,1004,1035,1069,1104,1104,1840,0,0,0,0,0,0,0,0,0,0,0,0,0,0,2760,2760,0,0,0,0,0,0,0,0,0,0,0,0,0,0,0,0,5520,5520,0,0,0,0,33119,33119,3011,3011,0,0,2760,2760,2760,2760,2760,2760,2760,2760,2760,2760,2760,2760,2760,2548,2548,2760,2548,2548,2548,2548,2548,2760,2760,2760,2760,2760,2760,2548,2548,2548,2548,2548,2548,2548,2548,2548,2548,2548,2548,2548,2548,2548,2548,2548,2548,2548,2548,2548,2548,2548,2548,2548,2548,2548,2548,2548,2548,2548,2366,2366,2366,2366,2366,2366,2366,2366,2366,2366,2366,2366,2366,2366,2366,2366,2366,2366,2366,2366,2366,2366,2366,2548,2548,2548,2548,2548,2548,2548,2548,2366,2366,2366,2366,2366,2366,2366,2366,2366,2366,2366,2366,2366,2366,2366,2366,2208,2208,2208,2208,2208,2208,2208,2208,2208,2208,2208,2208,2208,2208,2208,2208,2208,2208,2366,2208,2366,2366,2366,2548,2548,2760,3680,3680,3680,3680,3680,2366,2366,2366,2366,2366,2366,2366,2366
690,690,690,690,690,690,690,690,705,705,705,705,705,705,705,705,705,705,720,720,720,720,720,720,720,720,720,720,720,720,720,720,720,736,736,736,736,736,736,736,736,736,736,736,736,736,736,736,736,736,736,736,753,753,753,753,753,753,753,753,753,753,753,753,753,771,771,771,771,771,771,771,771,771,771,771,771,771,771,771,771,771,771,771,771,771,771,771,771,771,771,789,789,789,789,789,789,789,789,789,789,789,789,789,789,789,808,808,808,808,808,808,808,808,808,808,808,808,808,808,808,808,808,808,808,828,828,828,828,828,828,828,828,828,828,828,850,850,850,850,850,850,850,850,850,850,850,850,850,850,850,850,872,872,872,872,872,850,850,850,872,872,872,872,872,872,896,896,896,896,896,872,872,753,753,753,753,872,896,896,896,920,920,920,0,0,947,947,947,947,947,947,947,947,947,808,808,808,808,808,808,808,808,808,808,808,808,808,808,808,808,808,808,808,808,828,828,828,808,808,808,808,808,789,789,789,789,789,771,771,771,771,771,771,771,789,789,789,789,789,808,1380,1004,789,789,771,771,771,850,850,0,0,0,0,0,0,0,0,0,0,0,0,0,0,0,0,0,0,1949,736,736,736,736,736,736,736,736,736,736,736,736,753,736,753,0,0,0,0,0,0,0,0,0,0,0,0,0,0,0,0,0,0,0,0,0,0,0,0,0,0,0,850,850,850,850,850,850,850,850,850,850,850,850,850,872,872,850,850,850,850,850,850,872,872,872,872,872,850,850,850,850,850,850,850,808,808,808,808,789,789,789,789,789,771,771,771,771,771,771,771,771,771,753,753,753,753,753,753,753,753,753,753,753,753,753,753,753,753,753,753,753,808,808,808,808,808,808,808,771,771,753,753,753,771,771,771,753,771,771,753,753,753,753,753,753,753,753,753,753,753,771,753,771,753,753,771,771,771,771,771,771,771,771,771,771,0,0,0,0,0,0,409,414,0,0,0,0,0,0,1104,1104,872,896,896,920,947,0,0,1069,1104,1104,1840,0,0,0,0,0,0,0,0,0,0,0,0,0,0,0,0,0,0,0,0,0,0,0,0,0,0,0,0,0,0,0,0,5520,5520,16560,0,0,0,0,0,3312,3011,0,0,2760,2760,2760,2760,2760,2760,2760,2760,2760,2760,2760,2760,2760,2548,2548,2760,2548,2548,2548,2548,2548,2548,2760,2760,2760,6624,2760,2548,2548,2548,2548,2548,2548,2548,2548,2548,2548,2548,2548,2548,2548,2548,2548,2548,2548,2548,2548,2548,2548,2548,2548,2548,2548,2548,2548,2548,2548,2366,2366,2366,2366,2366,2366,2366,2366,2366,2366,2366,2366,2366,2366,2366,2366,2366,2548,2548,2366,2366,2366,2366,2548,2548,2548,2760,3312,3312,3312,3312,3312,3312,2366,2366,2366,2366,2366,2366,2366,2366,2366,2366,2366,2366,2366,2366,2366,2366,2208,2208,2208,2208,2208,2208,2208,2208,2208,2208,2208,2208,2208,2208,2208,2208,2208,2366,2208,2366,2366,2366,2548,2548,3011,3680,3680,3680,3680,3680,2366,2366,2366,2366,2366,2366,2366,2366
690,690,690,690,690,690,690,705,705,705,705,705,705,705,705,705,705,705,705,720,720,720,720,720,720,720,720,720,720,720,720,720,720,720,736,736,736,736,736,736,736,736,736,736,736,736,736,736,736,753,753,753,753,753,753,753,753,753,753,753,753,753,753,753,753,753,771,771,771,771,771,771,771,771,771,771,771,771,771,771,771,771,771,771,771,771,771,771,771,771,771,789,789,789,789,789,789,789,789,789,789,789,789,789,789,789,808,808,808,808,808,808,808,808,808,808,808,808,808,808,808,808,808,808,828,828,828,828,828,828,828,828,828,828,828,828,828,850,850,850,850,850,850,850,850,850,850,850,850,850,850,872,872,872,872,872,872,850,850,850,872,872,872,872,872,872,896,896,896,896,771,753,753,753,753,753,753,753,771,771,789,896,920,920,0,0,920,920,920,920,920,947,947,808,808,808,808,808,808,808,808,808,808,808,808,808,808,808,808,808,789,789,789,789,789,789,789,789,789,789,789,789,789,789,789,789,771,771,771,771,771,771,771,753,771,753,771,789,789,789,789,1004,808,789,1004,1004,771,771,850,771,850,0,0,0,0,720,0,0,0,0,0,0,0,0,0,0,0,0,0,736,736,736,736,736,736,736,736,736,736,736,736,736,736,0,0,0,0,0,0,0,0,0,0,0,0,0,0,0,0,0,0,0,0,0,0,0,0,0,0,0,0,850,850,850,850,850,850,850,850,850,850,850,850,850,872,872,850,872,850,850,850,850,872,872,872,872,872,850,850,850,850,850,850,850,808,808,808,808,789,789,789,789,789,771,771,771,771,771,771,771,771,771,753,753,753,753,753,753,753,753,753,753,753,753,753,753,753,753,753,753,753,753,753,753,808,808,753,753,753,753,753,753,753,753,753,753,753,753,753,753,753,753,753,753,753,753,753,753,753,753,753,753,753,753,771,771,771,771,771,771,771,771,771,771,771,0,0,0,0,0,0,409,409,414,414,0,0,0,0,1104,1104,872,896,896,920,975,0,0,1069,1104,1104,0,0,0,0,0,0,1506,0,0,0,0,0,0,0,0,0,0,0,0,0,0,0,0,0,0,0,0,0,0,0,0,0,0,4732,4732,5520,33119,0,0,33119,33119,3312,3011,0,0,3011,2760,2760,2760,2760,2760,2760,2760,2760,2760,2760,2760,2760,2548,2548,2760,2548,2548,2548,2548,2548,2548,2760,2760,2760,0,2760,2548,2548,2548,2548,2548,2548,2548,2548,2548,2548,2548,2548,2548,2548,2548,2548,2548,2548,2548,2548,2548,2548,2366,2366,2366,2366,2366,2366,2366,2366,2366,2366,2366,2366,2366,2366,2366,2366,2366,2366,2366,2366,2366,2366,2366,2366,2366,2548,2548,2548,2366,2366,2366,2548,2548,2760,3312,3312,3312,3312,3312,3312,3312,2548,2366,2366,2366,2366,2366,2366,2366,2366,2366,2366,2366,2366,2366,2366,2366,2366,2366,2208,2366,2366,2208,2208,2208,2208,2208,2208,2208,2208,2208,2208,2208,2208,2366,2208,2366,2366,2548,2548,2548,3011,3680,3680,3680,3680,3680,2366,2366,2366,2366,2366,2366,2366,2366
690,690,690,690,690,690,690,705,705,705,705,705,705,705,705,705,705,705,705,705,720,720,720,720,720,720,720,720,720,720,720,720,720,720,720,736,736,736,736,736,736,736,736,736,736,736,736,736,753,753,753,753,753,753,753,753,753,753,753,753,753,753,753,753,753,771,771,771,771,771,771,771,771,771,771,771,771,771,771,771,771,771,771,771,771,771,771,771,771,771,771,789,789,789,789,789,789,789,789,789,789,789,789,789,789,789,808,808,808,808,808,808,808,808,808,808,808,808,808,808,808,808,808,808,828,828,828,828,828,828,828,828,828,828,828,828,828,850,850,850,850,850,850,850,850,850,850,850,850,872,872,872,872,872,872,872,872,850,850,850,872,872,872,872,872,872,872,872,872,753,753,753,753,753,753,753,753,753,753,753,771,789,789,808,920,0,920,920,920,808,808,808,808,808,808,808,808,789,789,789,808,808,808,808,808,789,789,789,789,789,789,789,789,789,789,789,789,789,789,789,789,789,789,771,771,771,771,771,771,771,771,771,771,753,753,753,753,771,771,789,789,789,789,753,753,1004,771,771,850,850,0,0,0,0,663,663,676,2760,0,0,0,0,0,0,2548,1506,1506,0,0,0,736,0,753,736,753,753,736,736,736,720,720,720,736,736,736,0,0,0,0,0,0,0,0,0,0,0,0,0,0,0,0,0,0,0,0,0,0,0,0,0,0,850,850,850,850,850,850,850,850,850,850,850,850,850,872,872,850,872,850,850,850,850,850,872,872,872,872,850,850,850,850,850,850,828,808,808,808,789,789,789,789,789,789,789,771,771,771,771,771,771,771,771,753,753,753,753,753,753,753,753,753,753,753,753,753,753,753,753,753,753,753,753,753,753,753,753,753,753,753,753,753,753,753,753,753,753,753,753,753,753,753,753,753,753,753,753,753,753,753,753,753,753,753,753,771,771,771,771,771,771,771,771,771,771,771,0,0,0,0,0,0,0,0,0,0,0,0,0,0,0,0,0,0,0,0,0,0,0,0,0,0,0,0,0,0,0,0,1506,0,0,0,0,0,0,0,0,0,0,0,0,0,0,0,0,0,0,0,0,0,0,0,0,0,0,4732,4732,0,0,0,0,0,33119,3312,3312,0,0,3011,3011,3011,3011,2760,2760,2760,2760,2760,2760,2760,2760,2760,2760,2548,2760,2760,2760,0,2760,2760,2760,2760,0,0,0,0,2760,2760,2760,2760,2760,2760,2548,2548,2548,2548,2548,2548,2548,2548,2548,2548,2548,2548,2548,2548,2548,2548,2366,2366,2366,2366,2366,2366,2366,2366,2366,2366,2366,2366,2366,2366,2548,2366,2366,2366,2366,2366,2366,2366,2366,2366,2548,0,0,0,0,0,2760,0,0,0,0,0,3312,3312,3312,3312,3312,2548,2548,2548,3312,3312,0,0,3312,2760,2366,2366,2366,2366,2366,2366,2366,2366,2366,2366,2366,2366,2366,2208,2208,2208,2208,2208,2208,2208,2208,2208,2208,2208,2366,2208,2366,2366,2548,2548,2548,3011,3680,3680,4140,3680,3680,4140,2366,2366,16560,0,0,0,0
690,690,690,690,690,690,705,705,705,705,705,705,705,705,705,705,705,705,705,705,720,720,720,720,720,720,720,720,720,720,720,720,720,720,720,736,736,736,736,736,736,736,736,736,736,736,736,753,753,753,753,753,753,753,753,753,753,753,753,753,753,753,753,753,753,771,771,771,771,771,771,771,771,771,771,771,771,771,771,771,771,771,771,771,789,771,789,771,771,771,771,789,789,789,789,789,789,789,789,789,789,789,789,789,789,789,808,808,808,808,808,808,808,808,808,808,808,808,808,808,808,808,808,808,828,828,828,828,828,828,828,828,828,828,828,828,828,850,850,850,850,850,850,850,850,850,850,850,850,872,872,872,872,872,872,872,872,872,850,872,872,872,872,872,872,850,850,850,753,753,753,753,753,753,753,753,753,753,753,753,753,753,771,789,789,789,789,789,808,808,808,808,808,808,808,808,789,789,789,789,789,789,789,789,789,789,789,789,789,789,789,789,789,789,789,789,789,789,771,771,771,771,771,771,771,771,771,771,771,771,771,771,771,771,753,753,753,753,771,771,789,1004,789,753,753,753,753,771,771,771,0,0,0,663,663,663,663,676,0,0,0,0,0,0,0,4140,2548,0,0,736,736,0,753,753,753,753,736,736,720,720,736,736,736,736,0,0,0,0,0,0,0,0,0,0,0,0,0,0,0,0,0,0,0,0,0,0,0,0,0,0,850,850,850,850,850,850,850,850,850,850,850,850,850,872,872,872,872,872,850,850,850,850,850,872,872,872,872,850,850,850,850,850,850,828,808,808,789,789,789,789,789,789,789,789,771,771,771,771,771,771,771,771,753,753,753,753,753,753,753,753,753,753,753,753,753,753,753,753,753,753,753,753,753,753,753,753,753,753,753,753,753,753,753,753,753,753,753,753,753,753,753,753,753,753,771,753,771,753,753,753,753,753,771,771,771,771,771,771,771,771,771,771,771,771,771,0,0,0,0,0,0,0,0,0,0,0,0,0,0,0,0,0,0,920,947,0,0,0,0,0,0,0,0,0,0,0,0,0,0,0,0,0,0,0,0,0,0,0,0,0,0,0,0,0,0,0,0,0,0,0,0,0,0,0,5520,0,0,0,0,0,0,0,0,0,0,0,3011,3011,3011,3011,3011,2760,3011,2760,2760,2760,2760,2760,2760,2760,2760,2760,0,0,0,0,2760,2760,0,0,0,0,0,0,2760,2760,2760,2760,2760,2548,2548,2548,2548,2548,2548,2548,2548,2548,2548,2548,2548,2548,2548,2548,2366,2366,2366,2366,2366,2366,2366,2366,2366,2366,2208,0,0,0,0,0,2366,0,0,0,0,0,0,3312,3312,0,0,0,0,0,0,0,0,0,0,0,0,3312,3312,3312,3312,3312,3312,3312,0,0,0,0,0,0,3312,3312,2760,2366,2366,2366,2366,2366,2366,2366,2366,2366,2366,2366,2208,2208,2208,2208,2208,2208,2208,2208,2208,2208,2208,2366,2208,2366,2366,2548,2548,2548,3011,3680,3680,0,3680,3680,2366,2366,2366,2366,16560,16560,16560,16560
690,690,690,690,690,690,705,705,705,705,705,705,705,705,705,705,705,705,705,705,720,720,720,720,720,720,720,720,720,720,720,720,720,720,736,736,736,736,736,736,736,736,736,736,736,736,736,753,753,753,753,753,753,753,753,753,753,753,753,753,753,753,753,753,753,771,771,771,771,771,771,771,771,771,771,771,771,771,771,771,771,771,771,771,771,771,789,789,771,789,789,789,789,789,789,789,789,789,789,789,789,789,789,789,789,789,808,808,808,808,808,808,808,808,808,808,808,808,808,808,808,808,808,808,828,828,828,828,828,828,828,828,828,828,828,828,828,828,850,850,850,850,850,850,850,850,850,850,850,872,872,872,872,872,872,872,872,872,872,872,872,872,872,872,872,850,850,753,753,753,736,736,736,736,753,753,753,753,753,753,753,753,753,753,771,771,771,789,789,789,789,808,808,808,808,771,771,771,771,771,771,789,789,789,736,736,736,736,736,736,736,753,0,0,0,0,771,771,771,771,771,771,771,771,771,771,771,771,771,771,771,771,771,771,753,753,753,753,771,771,771,771,771,753,753,753,753,753,771,771,0,0,771,663,663,663,663,0,0,0,0,0,0,0,0,0,0,0,0,736,736,753,753,753,753,753,736,736,736,736,736,736,736,736,0,0,0,0,0,0,0,0,0,0,0,0,0,0,0,0,0,0,0,0,0,0,0,0,0,0,850,850,850,850,850,850,850,850,850,850,850,850,850,872,872,872,872,872,872,850,872,872,872,872,872,2548,2548,3011,2548,850,850,850,828,828,808,789,789,789,789,789,789,789,789,789,789,771,771,771,771,771,771,771,753,771,753,753,753,753,753,753,753,753,753,753,753,753,753,753,753,753,753,753,753,753,753,753,753,753,753,753,753,753,753,753,753,753,753,753,753,753,753,753,753,753,753,753,771,753,753,753,753,753,753,771,771,771,771,771,771,771,771,771,771,771,771,0,0,0,0,0,0,0,414,414,0,0,0,0,0,0,0,920,920,920,920,947,1004,0,0,0,0,0,0,0,0,0,0,0,0,0,0,0,0,0,0,0,0,0,0,0,0,0,0,0,0,0,0,0,0,0,0,0,0,0,0,0,0,0,0,0,0,0,0,0,3312,3011,3011,3011,3011,3011,3011,3011,3011,3312,3680,0,0,0,0,2760,2760,2760,0,0,0,0,0,0,0,0,0,0,0,0,0,5520,2760,2760,2760,2760,2760,2548,2548,2548,2548,2548,2548,2548,2548,2548,2548,2548,2548,2548,2548,2366,2366,2366,2366,2366,2366,0,0,0,0,0,0,0,0,0,2208,2208,2208,0,0,0,2208,3312,3312,0,0,0,0,0,0,0,0,0,0,0,0,3312,3312,3312,3312,3312,3312,2366,3312,0,3312,0,0,0,3312,3312,3312,2366,2366,2366,2366,2366,2366,2366,2366,2366,2366,2366,2366,2208,2208,2208,2208,2208,2208,2208,2208,2208,2208,2366,2208,2366,2366,2548,2548,2548,3011,3680,0,0,0,3680,2366,2366,2366,2366,2366,2366,2366,2366
690,690,690,690,690,690,705,705,705,705,705,705,705,705,705,705,705,705,705,705,705,720,720,720,720,720,720,720,720,720,720,720,736,736,736,736,736,736,736,736,736,736,736,736,736,736,753,753,753,753,753,753,753,753,753,753,753,753,753,753,753,753,753,753,753,771,771,771,771,771,771,771,771,771,771,771,771,771,771,771,771,771,771,771,789,789,789,789,789,789,789,789,789,789,789,789,789,789,789,789,789,789,789,789,789,789,808,808,808,808,808,808,808,808,808,808,808,808,808,808,808,808,808,808,808,828,828,828,828,828,828,828,828,828,828,828,828,850,850,850,850,850,850,850,850,850,850,850,872,872,872,872,872,872,872,872,872,872,872,872,872,872,872,872,872,850,753,736,736,736,736,736,736,736,736,753,753,753,753,753,753,753,753,753,753,753,753,753,753,753,753,753,753,753,753,753,753,753,753,753,753,753,736,736,736,736,736,736,736,736,736,736,753,771,0,771,771,771,771,771,771,771,771,771,771,771,771,771,771,771,771,771,771,771,771,771,753,753,753,771,771,771,771,753,753,753,753,753,753,771,0,0,771,753,663,663,2760,0,0,0,0,0,0,0,0,4140,1506,1506,736,736,736,753,753,753,753,753,736,736,736,736,736,736,736,736,736,0,0,753,753,753,753,0,0,0,0,0,0,0,0,0,0,0,0,0,0,0,0,0,0,0,1227,850,850,850,850,850,850,850,850,850,850,850,850,872,872,872,872,872,872,872,872,872,872,872,3011,3312,3312,3312,3011,2548,850,850,850,828,808,789,789,789,789,789,789,789,789,789,789,789,771,771,771,771,771,771,771,771,771,753,753,753,753,753,753,753,753,753,753,753,753,753,753,753,753,753,753,753,753,753,753,753,753,753,753,753,753,753,753,753,753,753,753,753,753,753,753,753,753,753,753,753,753,753,753,753,753,771,771,771,771,771,771,771,771,771,771,771,771,789,0,0,0,0,0,0,0,414,0,0,0,0,0,0,0,920,920,920,920,947,1004,0,0,0,0,0,0,0,0,0,0,0,0,0,0,0,0,0,0,0,0,0,0,0,0,0,0,0,33119,33119,0,0,0,0,0,0,0,0,0,0,0,0,0,0,0,0,0,3312,3011,3011,3011,3011,3011,3011,3011,3011,3312,3680,4140,0,0,0,0,0,2760,0,0,0,0,0,0,0,0,0,0,0,0,0,0,5520,5520,3011,5520,5520,5520,2760,2760,2548,2548,2548,2548,2548,2548,2548,2548,2548,2548,2548,2548,2366,2366,2366,2366,2366,2366,0,0,0,0,0,0,0,0,0,2208,2208,2208,2208,2208,2208,2208,2208,2208,3312,3312,0,3312,3312,3312,3312,0,0,0,0,0,0,0,0,3312,3312,3312,2366,3312,0,0,0,0,0,0,0,3312,0,3312,2366,2366,2366,2366,2366,2366,2366,2366,2366,2366,2208,2208,2208,2208,2208,2208,2208,2208,2208,2208,2366,2208,2366,2366,2548,2548,2548,3011,3680,0,0,0,3680,2366,2366,2366,2366,2366,2366,2366,2366
690,690,690,690,690,705,705,705,705,705,705,705,705,705,705,705,705,705,705,705,705,720,720,720,720,720,720,720,720,720,720,736,736,736,736,736,736,736,736,736,736,736,736,736,736,736,753,736,753,753,753,753,753,753,753,753,753,753,753,753,753,753,753,753,753,771,771,771,771,771,771,771,771,771,771,771,771,771,771,771,771,771,771,771,789,789,789,789,789,789,789,789,789,789,789,789,789,789,789,789,789,789,789,789,789,789,808,808,808,808,808,808,808,808,808,808,808,808,808,808,808,808,808,808,808,828,828,828,828,828,828,828,828,828,828,828,828,850,850,850,850,850,850,850,850,850,850,850,850,872,872,872,872,872,872,872,872,872,872,872,872,872,872,872,872,753,736,736,736,736,736,736,736,736,736,736,736,736,753,753,753,753,753,753,753,753,753,753,753,753,753,753,753,753,753,753,753,753,753,753,753,753,736,736,736,736,736,736,736,736,736,736,753,771,0,0,771,771,771,771,771,771,789,771,771,771,771,771,771,771,771,771,771,771,771,771,771,771,771,771,771,771,771,753,753,753,753,753,753,771,0,0,0,0,0,0,0,0,0,0,0,11040,11040,0,0,0,2548,705,582,736,736,736,736,736,753,753,736,736,736,736,736,736,736,736,736,0,0,753,753,753,753,0,0,0,0,0,0,0,0,0,0,0,0,0,0,0,0,0,0,0,0,1227,1227,850,850,850,850,850,850,850,850,850,850,872,872,872,872,872,872,872,872,872,872,0,0,0,3011,0,3011,2548,850,850,828,828,789,789,789,789,789,789,789,789,789,789,789,771,771,771,771,771,771,771,771,771,771,771,771,753,753,753,753,753,753,753,753,753,753,753,753,753,753,753,753,753,753,753,753,753,753,753,753,753,753,753,753,753,753,753,753,753,753,753,753,753,753,753,753,753,753,753,753,753,753,771,771,771,771,771,771,771,771,771,771,771,771,789,0,0,0,0,0,0,0,0,0,0,0,0,0,0,0,920,920,920,920,947,947,0,0,0,0,0,0,0,0,0,0,0,0,0,0,0,0,0,0,0,0,0,0,0,0,0,0,33119,5520,33119,0,0,0,0,0,0,0,0,0,5520,0,0,0,0,0,0,0,3011,3011,3011,3011,3011,3011,3011,3011,3312,3312,4140,0,0,0,0,0,0,0,0,0,0,0,0,0,0,0,0,0,0,0,0,0,0,0,0,0,0,0,2548,2548,2548,2548,2548,2548,2548,2548,2548,2548,2548,2548,2548,2548,2366,2366,2366,2366,2366,2366,0,0,0,0,0,0,0,0,0,0,0,0,0,0,0,2208,2208,2208,3312,0,0,0,0,0,0,0,0,0,0,0,0,0,3312,3312,3312,3312,3312,0,0,0,0,0,0,0,0,0,0,0,2366,2366,2366,2366,2366,2366,2366,2366,2366,2366,2208,2208,2208,2208,2208,2208,2208,2208,2208,2208,2366,2208,2366,2366,2548,2548,2548,3011,0,0,0,0,0,2366,2366,2366,2366,2366,2366,2366,2366
690,690,690,705,705,705,705,705,705,705,705,705,705,705,705,705,705,705,705,705,705,720,720,720,720,720,720,720,720,720,720,736,736,736,736,736,736,736,736,736,736,736,736,736,736,753,753,753,753,753,753,753,753,753,753,753,753,753,753,753,753,753,753,753,753,753,771,771,771,771,771,771,771,771,771,771,771,771,771,771,771,771,771,771,789,789,789,789,789,789,789,789,789,789,789,789,789,789,789,789,789,789,789,789,789,789,808,808,808,808,808,808,808,808,808,808,808,808,808,808,808,808,808,808,808,828,828,828,828,828,828,828,828,828,828,828,828,850,850,850,850,850,850,850,850,850,850,850,850,872,872,872,872,872,872,872,872,872,872,872,872,872,872,872,753,736,736,736,736,736,736,736,736,736,736,736,736,736,736,736,736,736,736,736,736,736,736,736,736,753,753,753,753,736,736,736,736,736,736,753,736,753,736,736,736,736,736,736,736,736,736,736,736,753,753,0,0,789,789,789,789,789,789,789,789,789,789,771,771,771,771,771,771,771,771,771,771,771,771,771,771,771,771,753,753,753,753,753,753,753,0,0,0,0,0,0,0,0,0,0,6624,6624,11040,0,0,0,0,0,736,736,736,736,736,736,736,736,736,736,736,736,736,736,736,0,0,0,0,0,0,0,0,0,0,0,0,0,0,0,0,0,0,0,0,0,0,0,0,0,0,0,0,0,1227,872,850,850,850,850,850,850,850,850,850,872,872,872,872,872,872,872,872,872,872,896,0,0,2548,0,0,2548,850,850,828,828,808,789,789,789,789,789,789,789,789,789,789,789,771,771,771,771,771,771,771,771,771,771,771,771,771,753,753,753,753,753,753,753,753,753,753,753,753,753,753,753,753,753,753,753,753,753,753,753,753,753,753,753,753,753,753,753,753,753,753,753,753,753,753,753,753,753,753,771,771,771,771,771,771,771,771,771,771,771,771,771,771,789,0,0,0,0,0,0,0,425,425,0,1035,0,1035,1035,920,872,896,896,896,920,947,1035,0,0,0,0,0,0,0,0,0,0,0,0,0,0,0,0,0,0,0,0,0,0,0,0,0,5520,5520,33119,0,0,0,0,0,0,0,0,5520,5520,6624,33119,33119,33119,33119,33119,3312,3011,3011,3011,3011,3011,3011,3011,3011,3312,3680,0,0,0,0,0,0,0,0,0,0,0,0,0,0,0,0,0,0,0,0,0,0,0,0,0,0,0,0,2760,2548,2548,2548,2548,2548,2548,2548,2548,2548,2548,2548,2548,2548,0,0,0,0,2366,0,2366,2208,0,0,0,0,0,0,0,0,0,0,0,0,0,2208,0,3312,0,0,0,0,0,0,0,0,0,0,0,0,0,0,0,0,0,0,0,0,0,0,0,0,0,0,0,0,0,0,0,0,0,0,3312,0,0,0,0,2366,2366,2208,2208,2208,2208,2208,2208,2208,2208,2208,2208,2208,2208,2366,2366,2548,2548,3011,0,0,0,0,0,2366,2366,2366,2366,2366,2366,2366,2366
690,690,690,705,705,705,705,705,705,705,705,705,705,705,705,705,705,705,705,705,720,720,720,720,720,720,720,720,720,720,720,736,736,736,736,736,736,736,736,736,736,736,736,736,736,736,753,736,753,753,753,753,753,753,753,753,753,753,753,753,753,753,753,753,753,771,771,771,771,771,771,771,771,771,771,771,771,771,771,771,771,771,771,771,789,789,789,789,789,789,789,789,789,789,789,789,789,789,789,789,789,789,789,789,789,789,808,808,808,808,808,808,808,808,808,808,808,808,808,808,808,808,808,808,808,828,828,828,828,828,828,828,828,828,828,828,828,850,850,850,850,850,850,850,850,850,850,850,850,850,872,872,872,872,872,872,872,872,872,872,872,872,872,753,736,736,736,736,736,736,736,736,736,736,736,736,736,736,736,736,736,736,736,736,736,736,736,736,736,736,736,736,736,736,736,736,736,736,736,753,753,753,753,736,736,736,736,736,736,736,736,736,753,753,753,0,0,0,0,947,789,789,789,789,789,789,789,789,771,771,771,771,771,771,771,771,771,771,771,771,771,771,771,771,753,753,753,753,753,771,771,771,0,0,0,0,0,0,0,0,0,11040,11040,0,0,0,0,0,736,736,736,736,736,736,736,736,736,736,736,736,736,736,0,0,0,0,0,0,0,0,0,0,0,0,0,0,0,0,0,0,0,0,0,0,0,0,0,0,0,0,0,0,1227,872,872,850,850,850,850,850,850,850,850,872,872,872,872,872,872,872,872,872,872,896,0,2548,2548,2548,2548,872,850,850,828,828,808,789,789,789,789,789,789,789,789,789,789,789,771,771,771,771,771,771,771,771,771,771,771,771,771,771,771,753,753,753,753,753,753,753,753,753,753,753,753,753,753,753,753,753,753,753,753,753,753,753,753,753,753,753,753,753,753,753,753,753,753,753,753,753,753,753,753,753,753,771,771,771,771,771,771,771,771,771,771,771,771,789,0,0,0,0,0,0,0,0,425,0,1035,1035,920,1035,920,872,896,896,896,920,920,1004,0,0,0,0,0,0,0,0,0,0,0,0,0,0,0,0,0,0,0,0,0,0,0,0,5520,5520,5520,5520,0,0,0,0,0,0,33119,6624,5520,5520,5520,33119,3312,3312,3312,3312,3011,3011,3011,3011,3011,3011,3011,3011,3011,3312,3680,0,0,0,0,0,0,0,0,0,0,3011,0,0,0,0,0,0,0,0,0,0,5520,5520,5520,0,0,0,2760,2548,2548,2548,2548,2548,2548,2548,2548,2548,2548,2548,2548,2548,2548,0,0,0,0,2208,2208,1949,1949,2208,0,0,0,0,0,0,0,0,0,0,0,0,2208,0,0,0,0,0,0,0,0,0,0,0,0,0,0,0,0,0,0,0,0,0,0,0,0,0,0,0,0,0,0,0,0,0,0,0,0,0,0,0,0,0,0,2366,2208,2208,2208,2208,2208,2208,2208,2208,2208,2208,2208,2208,2366,2366,2548,2548,2760,0,0,0,0,2366,2366,2366,2366,2366,2366,2366,2366,2366
690,690,690,705,705,705,705,705,705,705,705,705,705,705,705,705,705,705,705,705,720,720,720,720,720,720,720,720,720,720,720,736,736,736,736,736,736,736,736,736,736,736,736,736,753,753,753,753,753,753,753,753,753,753,753,753,753,753,753,753,753,753,753,753,753,771,771,771,771,771,771,771,771,771,771,771,771,771,771,771,771,771,771,771,789,789,789,789,789,789,789,789,789,789,789,789,789,789,789,789,789,789,789,789,789,789,808,808,808,808,808,808,808,808,808,808,808,808,808,808,808,808,808,808,828,828,828,828,828,828,828,828,828,828,828,828,828,828,850,850,850,850,850,850,850,850,850,850,850,850,850,872,872,872,872,872,872,872,872,872,872,872,753,736,736,736,736,736,736,736,736,736,736,736,736,736,736,736,736,736,736,736,736,736,736,736,736,736,736,736,736,736,736,736,736,736,736,736,753,753,753,753,753,753,753,753,736,736,736,736,736,736,753,753,753,808,0,947,947,947,808,808,808,789,789,789,789,771,771,771,771,771,771,771,771,771,771,771,771,771,771,771,753,753,753,753,753,753,753,753,753,753,771,0,0,0,0,0,0,0,0,11040,11040,0,0,0,0,0,753,736,736,736,736,736,736,753,2366,3011,3011,2366,1744,1744,0,0,0,0,0,0,0,0,0,0,0,0,0,0,0,0,0,0,0,0,0,0,0,0,0,0,0,0,0,1227,872,872,872,850,850,850,850,850,850,850,850,872,872,872,872,872,872,872,872,872,872,0,0,0,0,2548,2548,850,850,850,828,828,808,789,789,789,789,789,789,789,789,771,771,771,771,771,771,771,771,771,771,771,771,771,771,771,771,771,771,753,753,753,753,753,753,753,753,753,753,753,753,753,753,753,753,753,753,753,753,753,753,753,753,753,753,753,753,753,753,753,753,753,753,753,753,753,753,753,753,753,771,771,771,771,771,771,771,771,771,771,771,771,771,771,789,0,0,0,0,0,0,0,425,425,1035,1035,1035,1035,1035,872,920,920,920,920,920,975,1069,0,0,0,0,0,0,0,0,0,0,0,0,0,0,0,0,0,0,0,0,0,0,0,5520,5520,5520,5520,0,0,0,0,0,0,33119,6624,5520,4732,3312,3312,3312,3312,3312,3312,3011,3011,3011,3011,3011,3011,3011,3011,3011,3312,3312,0,0,0,0,0,0,2760,2760,0,3011,0,0,0,0,0,0,0,0,0,0,0,3011,3011,3011,0,3011,2548,2548,2548,2548,2548,2548,2548,2548,2548,2548,2548,2548,2548,2548,2548,2548,0,2366,2208,2208,2208,1949,1949,1949,1949,2208,2208,0,0,0,0,0,2208,2208,0,0,2208,2208,0,2208,0,0,0,0,0,0,0,0,0,0,0,0,0,0,0,0,0,0,0,0,0,0,0,0,0,0,0,0,0,0,0,0,0,0,0,0,0,0,0,0,0,2208,2208,2208,2208,2208,2208,2208,2208,2208,2208,2208,2208,2366,2366,2548,2760,2760,0,0,0,0,2366,2208,2208,2208,2208,2208,2208,2208,2208
690,690,705,705,705,705,705,705,705,705,705,705,705,705,705,720,720,720,720,720,720,720,720,720,720,720,720,720,720,720,720,720,720,720,720,720,720,720,736,736,736,736,736,736,753,753,753,753,753,753,753,753,753,753,753,753,753,753,753,753,753,753,753,753,771,771,771,771,771,771,771,771,771,771,771,771,771,771,771,771,771,771,771,771,789,789,789,789,789,789,789,789,789,789,789,789,789,789,789,789,789,789,789,789,789,789,789,808,808,808,808,808,808,808,808,808,808,808,808,808,808,808,808,808,828,828,828,828,828,828,828,828,828,828,828,828,828,828,850,850,850,850,850,850,850,850,850,850,850,850,850,850,872,872,872,872,872,872,872,872,872,736,736,736,736,736,736,736,736,736,736,736,736,736,736,736,736,736,736,736,736,736,736,736,736,736,736,736,736,736,736,736,736,736,736,736,753,753,753,808,808,808,808,808,808,808,808,753,808,808,808,808,808,808,808,808,0,808,0,947,947,947,947,789,789,771,789,771,771,771,771,771,771,771,771,771,771,771,771,771,753,753,753,753,753,753,753,753,753,753,771,0,0,0,0,0,0,0,0,0,0,11040,11040,11040,11040,0,753,753,753,736,736,736,736,736,736,736,736,3011,3011,3011,1744,1744,0,0,0,0,0,0,0,0,0,0,0,0,0,0,0,0,0,0,0,0,0,0,0,0,0,0,0,0,1227,1227,872,872,872,850,850,850,850,850,850,850,850,872,872,872,872,872,872,872,872,872,872,872,872,0,3011,2548,872,850,850,850,828,828,808,808,789,789,789,789,789,789,789,771,771,771,771,771,771,771,771,771,771,771,771,771,771,771,771,771,771,753,753,753,753,753,753,753,753,753,753,753,753,753,753,753,753,753,753,753,753,753,753,753,753,753,753,753,753,753,753,753,753,753,753,753,753,753,753,753,753,753,753,753,771,771,771,771,771,771,771,771,771,771,771,771,0,0,0,0,0,0,0,0,425,420,1035,0,1035,0,920,872,920,920,896,896,920,920,1069,0,0,0,0,0,0,0,0,0,0,0,0,0,0,0,0,0,0,0,0,0,0,0,5520,5520,5520,8280,0,0,0,0,0,0,0,6624,5520,4732,3312,3312,3312,3312,3312,3312,3011,3011,3011,3011,3011,3011,3011,3011,3011,3312,3312,0,0,0,2548,2760,2760,2548,2548,2760,3011,3011,0,0,0,0,0,0,0,0,3011,3011,3011,3011,3011,3011,2548,2548,2548,2548,2548,2548,2548,2548,2548,2548,2548,2548,2548,2548,2548,2548,2548,2548,2366,2366,2366,2366,1949,1949,1949,1949,1949,1949,2208,0,2208,2208,2208,2208,2208,0,0,0,0,0,0,0,0,0,0,0,0,0,0,0,0,0,0,0,0,0,0,0,0,0,0,0,0,0,0,0,0,0,0,0,0,0,0,0,0,0,0,0,0,0,0,4732,2208,2208,2208,2208,2208,2208,2208,2208,2208,2208,2208,2208,2366,2366,2366,2760,2760,3011,0,0,0,2208,2208,2208,2208,2208,2208,2208,2208,2208
690,690,690,690,705,705,705,705,705,705,705,705,705,705,705,720,720,720,720,720,720,720,720,720,720,720,720,720,720,720,720,720,720,720,720,720,720,720,736,736,736,736,736,736,753,753,753,753,753,753,753,753,753,753,753,753,753,753,753,753,753,753,753,753,753,771,771,771,771,771,771,771,771,771,771,771,771,771,771,771,771,771,771,771,771,789,789,789,789,789,789,789,789,789,789,789,789,789,789,789,789,789,789,789,789,789,808,808,808,808,808,808,808,808,808,808,808,808,808,808,808,808,808,808,828,828,828,828,828,828,828,828,828,828,828,828,828,850,850,850,850,850,850,850,850,850,850,850,850,850,850,850,872,872,872,872,872,872,872,872,736,736,736,736,736,736,736,736,736,736,736,736,736,736,736,736,736,736,736,736,736,720,720,720,720,720,720,736,736,736,736,736,736,736,736,736,753,808,0,0,0,0,0,0,0,808,808,808,808,808,808,808,808,808,808,808,828,808,947,1578,1578,947,947,808,771,771,771,771,771,771,771,771,771,771,771,771,771,771,771,753,650,650,650,650,650,650,650,650,650,753,753,0,0,0,0,0,0,0,0,0,0,0,1104,753,808,753,753,753,753,753,736,736,736,736,736,736,736,1744,1744,1744,1744,1744,1744,1744,0,0,0,0,0,0,0,0,0,0,0,0,0,0,0,0,0,0,0,0,0,0,0,0,0,0,1227,1227,872,872,872,850,850,850,850,850,850,850,850,872,872,872,872,872,872,872,872,872,872,872,872,3011,3011,3011,872,850,850,850,828,828,808,808,808,808,789,808,808,789,771,771,771,771,771,771,771,771,771,771,771,771,771,771,771,771,771,771,771,753,753,753,753,753,753,753,753,753,753,753,753,753,753,753,753,753,753,753,753,753,753,753,753,753,753,753,753,753,753,753,753,753,753,753,753,753,753,753,753,753,753,753,771,771,771,771,771,771,771,771,771,771,771,771,0,0,0,0,0,0,0,0,425,425,0,0,0,0,920,872,920,920,896,872,920,920,1069,0,0,0,0,0,0,0,0,0,0,0,0,0,0,0,0,0,0,0,0,0,0,0,0,0,0,8280,0,0,0,0,0,0,0,0,5520,4732,5520,6624,3312,3312,3312,3312,3011,3011,3011,3011,3011,3011,3011,3011,3011,3011,3011,3312,2760,2548,2548,2760,2548,2548,2548,2548,2548,2548,3011,3011,3011,3011,0,0,0,2760,2760,2548,2760,2760,2760,2760,2548,2548,2548,2548,2548,2548,2548,2548,2548,2548,2548,2548,2548,2548,2548,2548,2548,2548,2548,2548,2548,2548,2548,2366,2548,0,0,0,0,0,0,0,0,0,2208,2208,2208,2208,2208,0,0,0,0,0,0,0,0,0,0,0,0,0,0,0,0,0,0,0,0,0,0,0,0,0,0,0,0,0,0,0,0,0,0,0,0,0,0,0,0,0,0,4732,2208,2208,2208,2208,2208,2208,2208,2208,2208,2208,2208,2208,2366,2366,2366,2760,2760,3011,0,0,0,2208,2208,2208,2208,2208,2208,2208,2208,2208
690,690,690,690,690,705,705,705,705,705,705,705,705,705,705,705,705,720,720,720,720,720,720,720,720,720,720,720,720,720,720,720,720,720,720,720,720,720,736,736,736,736,736,736,753,753,753,753,753,753,753,753,753,753,753,753,753,753,753,753,753,753,753,753,753,753,771,771,771,771,771,771,771,771,771,771,771,771,771,771,771,771,771,771,771,789,789,789,789,789,789,789,789,789,789,789,789,789,789,789,789,789,789,789,789,789,808,808,808,808,808,808,808,808,808,808,808,808,808,808,808,808,808,808,828,828,828,828,828,828,828,828,828,828,828,828,828,850,850,850,850,850,850,850,850,850,850,850,850,850,850,850,872,872,872,872,872,872,753,736,736,736,736,736,736,736,736,736,736,736,736,736,736,736,736,736,736,736,720,720,720,720,720,720,720,720,690,690,690,720,720,720,720,720,720,736,736,808,0,0,0,0,0,0,0,975,975,975,975,975,975,975,975,975,975,975,975,947,975,975,975,975,947,828,771,771,771,771,771,771,771,771,771,771,771,771,771,771,771,753,650,650,650,650,650,650,650,650,650,705,771,0,0,0,0,0,0,0,0,0,0,0,808,753,753,720,753,753,753,753,736,736,736,736,736,736,736,736,1744,1744,753,1744,1744,872,1744,0,0,0,0,0,0,0,0,0,0,0,0,0,0,0,0,0,0,0,0,0,0,872,0,0,1227,1227,872,872,872,850,850,850,850,850,850,850,850,872,872,872,872,872,872,872,872,872,872,3011,3011,0,3011,3011,2548,850,850,850,828,828,808,808,808,808,789,789,789,771,771,771,771,771,771,771,771,771,771,771,771,771,771,771,771,771,771,771,753,753,753,753,753,753,753,753,753,753,753,753,753,753,753,753,753,753,753,753,753,753,753,753,753,753,753,753,753,753,753,753,753,753,753,753,753,753,753,753,753,753,753,753,771,771,771,771,771,771,771,771,771,771,771,771,0,0,0,0,0,0,0,0,420,420,0,0,0,0,0,920,920,920,920,920,920,920,0,0,0,0,0,0,0,0,0,0,0,0,0,0,0,0,0,0,0,0,0,0,0,0,0,0,0,0,0,0,0,0,0,0,0,0,6624,4732,5520,3312,3011,3011,3011,3011,3011,3011,3011,3011,3011,3011,3011,3011,3011,3011,3011,3312,2760,2548,2548,2548,2548,2548,2548,2548,2548,2548,2548,0,0,3011,0,0,2760,2548,2548,2548,2548,2548,2760,2548,2548,2548,2548,2548,2548,2548,2548,2548,2548,2548,2548,2548,2548,2548,2548,2548,2548,2548,2548,2548,2548,2548,2548,2548,2548,2548,0,0,2208,0,0,0,2208,2208,2208,2208,2208,2208,2208,2208,2208,2208,2208,0,0,0,0,0,0,0,0,0,0,0,3312,3312,3312,3312,3312,0,0,0,0,0,0,0,0,0,0,0,4732,2548,2548,2548,2208,2208,2208,2548,3312,2548,2548,2208,2208,2208,2208,2208,2208,2208,2208,2208,2208,2208,2208,2208,2366,2366,2366,2548,2760,3011,0,0,2208,2208,2208,2208,2208,2208,2208,2208,2208,2208
690,690,690,690,690,690,705,705,705,705,705,705,705,705,705,705,720,720,720,720,720,720,720,720,720,720,720,720,720,720,720,720,720,720,720,720,720,736,736,736,736,736,736,736,736,753,753,753,753,753,753,753,753,753,753,753,753,753,753,753,753,753,753,753,753,753,753,771,771,771,771,771,771,771,771,771,771,771,771,771,771,771,771,771,789,789,789,789,789,789,789,789,789,789,789,789,789,789,789,789,789,789,789,789,789,789,808,808,808,808,808,808,808,808,808,808,808,808,808,808,808,808,808,808,828,828,828,828,828,828,828,828,828,828,828,828,850,850,850,850,850,850,850,850,850,850,850,850,850,850,850,850,872,872,872,872,872,736,736,736,736,736,736,736,736,736,736,736,736,736,736,736,736,736,736,736,736,720,720,720,720,720,720,720,720,720,690,690,690,736,736,736,736,736,736,808,0,0,0,975,975,975,975,975,975,975,975,975,975,975,975,975,975,975,975,975,975,975,975,975,1578,1578,975,808,771,771,771,771,771,771,771,771,771,0,0,0,771,736,720,720,650,650,650,650,650,650,650,650,690,720,720,0,0,0,0,0,0,0,0,0,808,753,753,753,753,720,736,736,736,736,736,736,736,736,736,736,736,736,736,736,736,736,736,736,753,872,872,0,0,0,0,0,0,0,0,0,0,0,0,0,0,872,0,0,0,0,0,872,0,0,1227,0,872,872,872,850,850,850,850,850,850,850,850,872,872,872,872,872,872,872,872,872,0,0,3011,0,0,3011,3011,2366,872,850,828,808,808,808,808,808,808,808,808,789,771,771,771,771,771,771,771,771,771,771,771,771,771,771,771,771,771,753,753,753,753,753,753,753,753,753,753,753,753,753,753,753,753,753,753,753,753,753,753,753,753,753,753,753,753,753,753,753,753,753,753,753,753,753,753,753,753,753,753,753,753,753,771,771,771,771,771,771,771,771,771,771,771,0,0,0,0,0,0,0,0,0,0,414,0,0,0,0,0,0,0,0,920,920,1004,1035,0,0,0,0,0,0,0,0,0,0,0,0,0,0,0,0,0,0,0,0,0,0,0,0,0,0,0,0,0,0,0,0,0,0,0,0,0,5520,5520,3312,3312,3312,3312,3312,3011,3011,3011,3011,3011,3011,3011,3011,3011,3011,3011,2760,2760,2548,2548,2760,2548,2548,2548,2548,2548,2548,2548,0,3011,2548,2760,2760,2548,2548,2548,2548,2548,2548,2760,2760,2548,2548,2548,2548,2548,2548,2548,2548,2548,2548,2548,2548,2548,2548,2548,2548,2548,2548,2548,2548,2548,2548,2548,2548,2548,2548,2548,0,0,0,0,0,0,2208,2208,2208,2208,2208,2208,2208,2208,2208,0,0,0,0,2760,2548,2760,2760,2548,0,0,0,0,0,0,0,0,0,0,0,0,0,0,0,0,0,0,0,4732,2548,2548,2208,2208,2208,2208,2208,2208,2208,2208,2208,2208,2208,2208,2208,2208,2208,2208,2208,2208,2208,2208,2208,2366,2366,2366,2548,2760,3011,0,0,2366,2208,2208,2208,2208,2208,2208,2208,2208,2208
690,690,690,690,690,690,705,705,705,705,705,705,705,705,705,705,720,720,720,720,720,720,720,720,720,720,720,720,720,720,720,720,720,720,720,736,736,736,736,736,736,736,736,736,736,753,753,753,753,753,753,753,753,753,753,753,753,753,753,753,753,753,753,753,753,753,753,771,771,771,771,771,771,771,771,771,771,771,771,771,771,771,771,771,789,789,789,789,789,789,789,789,789,789,789,789,789,789,789,789,789,789,789,789,789,789,789,808,808,808,808,808,808,808,808,808,808,808,808,808,808,808,808,828,828,828,828,828,828,828,828,828,828,828,850,850,850,850,850,850,850,850,850,850,850,850,850,850,850,850,850,850,872,872,872,872,736,736,736,736,736,736,736,736,736,736,736,736,736,736,736,736,736,736,736,736,720,720,720,720,720,720,720,720,720,690,690,690,690,0,0,0,0,0,0,0,0,975,975,975,975,975,975,975,975,975,975,975,975,975,975,975,975,975,975,975,975,975,975,975,0,0,1004,828,771,771,771,771,771,771,771,771,0,0,0,0,0,736,720,720,720,720,720,720,705,705,705,705,720,720,720,753,0,0,0,0,0,0,0,0,753,753,753,753,736,720,736,736,736,736,736,736,736,736,736,736,736,736,736,736,736,736,736,736,736,753,0,0,0,2548,2548,2548,0,0,0,0,0,0,0,828,828,828,0,808,0,0,0,0,0,0,0,0,872,872,872,850,850,850,850,850,850,850,850,872,872,872,872,872,872,872,872,0,0,0,3312,0,0,0,0,0,2366,872,808,808,808,808,808,808,808,808,808,808,771,771,771,771,771,771,771,771,771,771,771,771,771,771,771,771,753,753,753,753,753,753,753,753,753,753,753,753,753,753,753,753,753,753,753,753,753,753,753,753,753,753,753,753,753,753,753,753,753,753,753,753,753,753,753,753,753,753,753,753,753,753,753,771,771,771,771,771,771,771,771,771,771,0,0,0,0,0,0,0,0,0,0,414,0,0,0,0,0,3011,0,3011,3011,0,0,0,0,0,0,0,0,0,0,0,0,0,0,0,0,0,0,0,0,0,0,0,0,0,0,0,0,0,0,0,0,0,0,0,0,0,0,0,0,5520,3312,3312,3312,3312,3312,3312,3011,3011,3011,3011,3011,3011,3011,3011,2760,2760,2760,2548,2548,2548,2548,2548,2548,2548,2548,2548,2548,2548,2548,3011,2548,2548,2548,2548,2548,2548,2548,2548,2548,2548,2760,2760,2548,2548,2548,2548,2548,2548,2548,2548,2548,2548,2548,2548,2548,2548,2548,2548,2548,2548,2548,2548,2548,2548,2548,2548,2548,2548,0,0,0,0,0,0,0,0,2208,2208,2208,2208,2208,2208,2208,0,0,0,0,0,2548,2548,2548,2548,2548,2548,0,0,0,0,0,0,0,0,0,0,0,0,0,0,0,0,0,0,4732,2548,2208,2208,2208,2208,2208,2208,2208,2208,2208,2208,2208,2208,2208,2208,2208,2208,2208,2208,2208,2208,2208,2208,2366,2366,2366,2548,2548,3011,0,2366,2366,2208,2208,2208,2208,2208,2208,2208,2208,2208
690,690,690,690,690,690,705,705,705,705,705,705,705,705,705,705,705,720,720,720,720,720,720,720,720,720,720,720,720,720,720,720,720,720,736,736,736,736,736,736,736,736,736,736,736,736,753,753,753,753,753,753,753,753,753,753,753,753,753,753,753,753,753,753,753,753,753,771,771,771,771,771,771,771,771,771,771,771,771,771,771,771,771,771,789,789,789,789,789,789,789,789,789,789,789,789,789,789,789,789,789,789,789,789,789,789,789,808,808,808,808,808,808,808,808,808,808,808,808,808,808,808,808,828,828,828,828,828,828,828,828,828,828,828,828,850,850,850,850,850,850,850,850,850,850,850,850,850,850,850,850,850,872,872,736,736,736,736,736,736,720,720,720,720,720,736,736,736,736,736,720,720,720,720,705,705,690,690,690,0,0,0,0,0,0,0,0,0,0,0,0,0,0,947,947,947,975,975,975,975,975,975,975,975,975,975,975,975,975,975,975,975,975,975,975,975,975,975,975,975,0,1578,975,850,771,771,771,771,771,771,771,771,0,0,0,0,753,753,753,736,720,720,720,720,720,720,720,720,720,720,720,736,736,736,753,0,0,0,0,753,753,753,753,753,736,736,736,736,736,736,736,736,736,736,736,736,736,736,736,736,736,736,736,736,736,736,771,0,0,0,789,789,789,789,808,0,0,828,828,808,828,828,0,0,0,0,0,0,0,0,0,0,872,872,872,850,850,850,850,850,850,850,850,872,872,872,872,872,872,872,872,0,0,0,3312,0,3312,0,0,0,2366,850,808,808,808,808,808,808,808,808,808,771,771,771,771,771,771,771,771,771,771,771,771,771,771,771,771,771,753,753,753,753,753,753,753,753,753,753,753,753,753,753,753,753,753,753,753,753,753,753,753,753,753,753,753,753,753,753,753,753,753,753,753,753,753,753,753,753,753,753,753,753,753,753,753,753,771,771,771,771,771,771,771,771,771,0,0,0,0,0,0,0,0,0,0,0,0,0,3312,3312,3312,3312,3312,3312,3312,0,0,0,0,0,0,0,0,0,0,0,0,0,0,0,0,0,0,0,0,0,0,0,0,0,0,0,0,0,0,0,0,0,0,0,0,0,0,0,0,5520,3312,3312,3312,3312,3312,3312,3011,3011,3011,3011,3011,3011,3011,3011,2760,3011,3011,2760,2760,2548,2548,2760,2548,2548,2548,2548,2548,2548,2760,0,2760,2548,2760,2760,2548,2548,2548,2548,2548,2548,2760,2760,2548,2548,2548,2548,2548,2548,2548,2548,2548,2548,2548,2548,2548,2548,2548,2548,2548,2548,2548,2548,2548,2548,2548,2548,2548,2548,2548,0,0,0,0,0,0,0,0,2208,2208,2208,2208,2208,2208,2208,2208,2208,2208,2208,2208,2208,2208,2208,2548,2548,2548,0,0,0,2208,2208,2208,0,0,0,0,0,0,0,0,0,0,2208,2208,2208,2208,2208,2208,2208,2208,2208,2208,2208,2208,2208,2208,2208,2208,2208,2208,2208,2208,2208,2208,2208,2208,2208,2366,2366,2366,2548,2548,3011,0,2366,2366,2208,2208,2208,2208,2208,2208,2208,2208,2208
690,690,690,690,690,690,705,705,705,705,705,705,705,705,705,705,705,720,720,720,720,720,720,720,720,720,720,720,720,720,720,720,720,720,736,736,736,736,736,736,736,736,736,736,736,736,753,753,753,753,753,753,753,753,753,753,753,753,753,753,753,753,753,753,753,753,753,771,771,771,771,771,771,771,771,771,771,771,771,771,771,771,771,771,771,789,789,789,789,789,789,789,789,789,789,789,789,789,789,789,789,789,789,789,789,789,789,808,808,808,808,808,808,808,808,808,808,808,808,808,808,808,808,828,828,828,828,828,828,828,828,828,828,828,828,850,850,850,850,850,850,850,850,850,850,850,850,850,850,850,850,850,850,736,736,736,736,736,736,720,720,720,720,720,720,720,720,720,720,720,720,705,690,690,690,690,690,690,705,0,0,0,0,0,0,0,0,0,0,0,0,0,0,947,947,947,947,947,947,975,975,975,975,975,975,975,975,975,975,975,975,975,975,975,975,975,975,975,975,975,1004,975,896,872,771,771,771,771,771,771,771,771,771,771,771,771,753,753,753,753,753,736,736,720,720,720,720,720,720,720,720,720,736,736,736,0,0,0,753,753,753,753,753,753,753,736,736,736,736,736,736,736,736,736,736,736,736,736,736,736,736,736,736,736,736,736,771,0,0,0,789,789,789,789,808,808,808,808,808,808,808,0,0,0,0,0,0,0,0,0,0,872,872,872,872,850,850,850,850,850,850,850,850,872,872,872,872,872,872,872,872,0,0,0,0,0,3312,3312,0,0,2366,808,808,808,808,808,808,808,808,789,789,789,771,771,771,771,771,771,771,771,771,771,771,771,771,771,771,753,753,753,753,753,753,753,753,753,753,753,753,753,753,753,753,753,753,753,753,753,753,753,753,753,753,753,753,753,753,753,753,753,753,753,753,753,753,753,753,753,753,753,753,753,753,753,753,753,753,771,771,771,771,771,771,771,0,0,0,0,0,0,0,0,0,0,0,414,420,3312,3312,3312,3312,3312,3312,3312,0,0,0,0,0,0,0,0,0,0,0,0,3312,3312,3312,3312,0,0,0,0,0,0,0,0,0,0,0,0,0,0,0,0,0,0,0,0,0,0,0,0,0,3312,3312,3312,3312,3312,3312,3312,3011,3011,3011,3011,3011,3011,3011,3011,3011,3011,3011,3680,3680,2760,2548,2760,2548,2548,2548,2760,2760,2760,2760,0,3312,2760,2760,2760,2548,2548,2548,2760,2760,2760,2760,2760,2548,2548,2548,2548,2548,2548,2548,2548,2548,2548,2548,2548,2548,2548,2548,2548,2548,2548,2548,2548,2548,2548,2548,2548,2548,2548,2548,2548,2366,0,0,0,0,0,0,0,2208,2208,2208,2208,2208,0,0,0,0,0,2208,2208,2548,2208,2548,2548,0,0,0,0,0,0,0,0,0,0,0,0,0,0,0,0,0,3011,2208,2208,2208,2208,2208,2208,2208,2208,2208,2208,2208,2208,2208,2208,2208,2208,2208,2208,2208,2208,2208,2208,2208,2208,2366,2366,2366,2366,2366,2760,2366,2208,2208,2208,2208,2208,2208,2208,2208,2208,2208,2208
690,690,690,690,690,690,705,705,705,705,705,705,705,705,705,705,705,705,720,720,720,720,720,720,720,720,720,720,720,720,720,720,720,736,736,736,736,736,736,736,736,736,736,736,736,736,736,736,753,753,753,753,753,753,753,753,753,753,753,753,753,753,753,753,753,753,771,771,771,771,771,771,771,771,771,771,771,771,771,771,771,771,771,771,789,789,789,789,789,789,789,789,789,789,789,789,789,789,789,789,789,789,789,789,789,789,789,808,808,808,808,808,808,808,808,808,808,808,808,808,808,808,828,828,828,828,828,828,828,828,828,828,828,828,828,828,850,850,850,850,850,850,850,850,850,850,850,850,850,850,850,850,736,720,720,736,736,736,720,720,720,720,720,720,720,720,720,720,720,720,720,705,690,690,690,690,0,0,0,0,0,0,0,0,0,0,0,0,0,0,0,0,0,0,0,0,947,947,947,947,947,947,947,947,947,975,975,975,975,975,975,975,975,975,975,975,975,1004,1004,0,0,1004,896,872,771,771,771,771,753,753,753,753,753,753,753,753,753,753,753,753,753,736,736,736,736,736,736,736,736,720,720,720,736,736,736,753,753,771,753,753,753,753,753,753,753,736,736,736,736,736,736,736,736,736,736,736,736,736,736,736,736,736,736,736,736,736,771,0,0,789,789,789,789,789,789,0,789,771,771,771,771,0,0,0,0,0,0,0,0,0,0,872,872,872,872,850,850,850,850,850,850,850,850,872,872,872,872,872,872,872,1949,0,0,0,0,0,0,0,0,0,2366,808,808,808,808,808,808,789,789,789,789,789,771,771,771,771,771,771,771,771,771,771,771,771,771,771,771,771,753,753,753,753,753,753,753,753,753,753,753,753,753,753,753,753,753,753,753,753,753,753,753,753,753,753,753,753,753,753,753,753,753,753,753,753,753,753,753,753,753,753,753,753,753,753,753,753,753,771,753,771,771,771,771,771,789,0,0,0,0,0,0,0,0,0,0,0,3312,0,3312,3312,3312,0,0,0,0,0,0,0,0,0,0,0,0,0,0,0,3312,3312,3312,3312,0,0,0,0,0,0,0,0,0,0,0,0,0,0,0,0,0,0,0,0,0,0,0,0,0,5520,3312,3312,3312,3312,3312,3312,3011,3011,3011,3011,3011,3011,3011,3011,3011,3011,3011,3312,3680,2760,2548,2760,2548,2548,2548,2760,2548,2760,2548,2760,2760,2760,2760,2760,2548,2548,2548,2548,2760,2548,2760,2760,2548,2548,2548,2548,2548,2548,2548,2548,2548,2548,2548,2548,2548,2548,2548,2548,2548,2548,2548,2548,2548,2548,2548,2548,2548,2548,2548,2548,0,0,0,0,0,0,0,0,0,0,0,0,0,0,0,0,0,0,2548,2548,2548,2548,2548,0,0,0,0,0,0,0,0,0,0,0,0,0,0,0,0,0,0,0,3011,2208,2208,2208,2208,2208,2208,2208,2208,2208,2208,2208,2208,2208,2208,2208,2208,2208,2208,2208,2208,2208,2208,2208,2366,2366,2366,2366,2366,2548,2366,2208,2208,2208,2208,2208,2208,2208,2208,2208,2208,2208
690,690,690,690,690,705,705,705,705,705,705,705,705,705,705,705,705,705,705,720,720,720,720,720,720,720,720,720,720,720,720,720,720,736,736,736,736,736,736,736,736,736,736,736,736,736,736,736,753,753,753,753,753,753,753,753,753,753,753,753,753,753,753,753,753,753,753,771,771,771,771,771,771,771,771,771,771,771,771,771,771,771,771,771,771,789,789,789,789,789,789,789,789,789,789,789,789,789,789,789,789,789,789,789,789,789,789,808,808,808,808,808,808,808,808,808,808,808,808,808,808,828,828,828,828,828,828,828,828,828,828,828,828,828,828,828,850,850,850,850,850,850,850,850,850,850,850,850,850,850,736,720,720,720,720,720,736,736,720,720,720,720,720,720,720,720,720,720,720,720,720,720,705,705,690,920,920,920,0,0,0,0,0,0,0,0,0,0,0,0,0,0,0,947,947,947,947,947,947,947,947,947,947,947,947,947,947,975,975,975,975,975,975,975,975,975,1004,1004,1004,0,0,947,872,872,850,771,771,753,753,753,753,753,753,753,753,753,753,753,753,753,753,753,753,753,753,736,736,736,736,736,736,736,736,736,736,753,753,0,753,753,753,753,753,753,753,736,736,736,736,736,736,736,736,736,736,736,736,736,736,736,736,736,736,736,736,736,736,771,771,771,771,771,771,789,789,789,771,771,771,771,771,789,789,0,0,0,0,0,0,0,0,872,872,872,872,850,850,850,850,850,850,850,850,872,872,872,872,872,872,872,872,0,0,0,0,0,0,0,3312,2366,850,808,808,808,808,808,789,789,789,789,789,789,771,771,771,771,771,771,771,771,771,771,771,771,771,771,771,771,753,753,753,753,753,753,753,753,753,753,753,753,753,753,753,753,753,753,753,753,753,753,753,753,753,753,753,753,753,753,753,753,753,753,753,753,753,753,753,753,753,753,753,753,753,753,753,753,753,753,753,771,771,771,771,789,789,0,0,0,420,0,0,0,0,0,0,0,3312,0,3312,3312,3312,3312,3312,0,0,0,0,0,0,0,0,0,0,0,0,0,0,0,0,0,0,0,0,0,0,0,0,0,0,0,0,0,0,0,0,0,0,0,33119,0,0,0,0,0,11040,11040,3312,6624,11040,11040,11040,6624,3011,3011,3011,3011,3011,3011,3011,3011,3011,3011,3011,3312,0,0,0,0,2760,2760,2760,2760,2760,2760,0,0,0,3312,0,3312,2760,2760,2548,2760,2760,2760,2760,2760,2548,2548,2548,2548,2548,2548,2548,2548,2548,2548,2548,2548,2548,2548,2548,2548,2548,2548,2548,2548,2548,2548,2548,2548,2548,2548,2548,0,0,0,0,0,0,0,0,0,0,0,0,0,0,0,0,0,0,0,2548,2548,0,0,0,0,0,0,0,0,0,0,0,0,0,0,0,0,0,0,0,0,0,3011,2208,2208,2208,2208,2208,2208,2208,2208,2208,2208,2208,2208,2208,2208,2208,2208,2208,2208,2208,2208,2208,2208,2208,2208,2366,2366,2366,2366,2366,2208,2208,2208,2208,2208,2208,2208,2208,2208,2208,2208,2208,2208
690,690,690,690,690,690,705,705,705,705,705,705,705,705,705,705,705,705,705,720,720,720,720,720,720,720,720,720,720,720,720,720,736,736,736,736,736,736,736,736,736,736,736,736,736,736,736,736,753,753,753,753,753,753,753,753,753,753,753,753,753,753,753,753,753,753,771,771,771,771,771,771,771,771,771,771,771,771,771,771,771,771,771,771,771,789,789,771,771,771,771,789,789,789,789,789,789,789,789,789,789,789,789,789,789,789,808,808,808,808,808,808,808,808,808,808,808,808,808,808,808,808,828,828,828,828,828,828,828,828,828,828,828,828,828,828,850,850,850,850,850,850,850,850,850,850,850,850,850,850,736,736,720,720,720,736,736,736,736,720,720,720,720,720,720,720,736,736,896,736,920,720,920,920,920,920,975,975,975,975,0,0,0,0,0,0,0,0,0,0,0,975,975,975,947,947,947,947,947,947,947,947,947,947,947,947,975,975,975,975,975,975,975,975,975,975,1004,1004,1004,0,975,896,872,872,872,771,753,753,753,753,753,753,753,753,753,753,753,753,753,753,753,753,753,753,753,753,753,753,736,736,736,736,736,736,736,753,0,0,771,753,753,753,753,753,736,736,720,736,736,736,736,736,736,736,736,736,736,736,736,736,736,736,736,736,736,736,736,736,753,753,753,753,753,771,771,771,771,771,771,771,789,789,789,0,0,0,0,0,0,0,0,872,872,872,872,850,850,850,850,850,850,850,850,872,872,872,872,872,872,872,872,872,2366,0,0,0,0,0,3011,2208,808,808,808,808,808,789,789,789,789,789,789,771,771,771,771,771,771,771,771,771,771,771,771,771,771,771,771,753,753,753,753,753,753,753,753,753,753,753,753,753,753,753,753,753,753,753,753,753,753,753,753,753,753,753,753,753,753,753,753,753,753,753,753,753,753,753,753,753,753,753,753,753,753,753,753,753,753,753,753,771,771,771,771,771,789,0,0,753,420,386,381,395,414,0,0,414,3312,3312,3312,3312,3312,0,0,0,0,0,0,0,0,0,0,0,0,0,0,0,0,0,0,0,0,0,0,0,0,0,0,0,11040,0,0,0,0,0,0,0,16560,16560,16560,33119,0,0,0,11040,11040,11040,11040,11040,11040,16560,33119,33119,3312,3011,3011,3011,3011,3011,3011,3011,3011,3312,3312,0,0,0,0,0,0,2760,2760,2760,2760,2760,0,0,0,0,0,0,2760,2760,2760,2760,2760,2760,2760,2760,2760,2548,2760,2548,2548,2548,2548,2548,2548,2548,2548,2548,2548,2548,2548,2548,2548,2548,2548,2548,2548,2548,2548,2548,2548,2548,0,0,0,0,0,0,0,0,0,0,0,0,0,2208,0,0,0,0,0,0,2366,2208,0,0,0,0,0,0,0,0,0,0,0,0,0,0,0,0,0,0,0,0,0,3011,2208,2208,2208,2208,2208,2208,2208,2208,2208,2208,2208,2208,2208,2208,2208,2208,2208,2208,2208,2208,2208,2208,2208,2208,2366,2366,2366,2366,2366,2208,2208,2208,2208,2208,2208,2208,2208,2208,2208,2208,2208,2208
690,690,690,690,690,690,690,705,705,705,705,705,705,705,705,705,705,705,705,720,720,720,720,720,720,720,720,720,720,720,720,720,736,736,736,736,736,736,736,736,736,736,736,736,736,736,736,753,753,753,753,753,753,753,753,753,753,753,753,753,753,753,753,753,753,753,771,771,771,771,771,771,771,771,771,771,771,771,771,771,771,771,771,771,771,789,789,789,789,789,789,789,789,789,789,789,789,789,789,789,789,789,789,789,789,789,808,808,808,808,808,808,808,808,808,808,808,808,808,808,808,828,828,828,828,828,828,828,828,828,828,828,828,828,828,828,850,850,850,850,850,850,850,850,850,850,850,850,850,828,736,736,736,720,736,736,736,736,736,736,720,720,720,720,896,896,896,896,920,920,947,947,975,975,975,975,0,0,0,0,0,975,975,975,975,975,975,975,975,975,975,947,947,947,947,947,947,947,947,947,947,947,947,947,947,975,975,975,975,975,975,975,975,975,975,975,975,1004,1004,975,975,872,872,872,872,850,753,753,753,753,753,753,753,753,753,753,753,753,753,753,753,753,753,753,753,753,753,753,753,753,736,736,736,736,753,753,753,0,771,753,753,753,753,753,736,736,720,736,736,720,736,736,736,736,736,736,736,736,736,736,736,736,736,736,736,736,736,736,736,753,753,753,753,753,771,771,771,771,771,771,771,789,789,789,0,0,0,0,0,0,0,0,872,872,872,850,850,850,850,850,850,850,850,872,872,872,872,872,872,872,872,872,872,2366,0,0,0,0,3011,2070,808,808,808,808,789,789,789,789,789,789,771,771,771,771,771,771,771,771,771,771,771,771,771,771,771,771,771,753,753,753,753,753,753,753,753,753,753,753,753,753,753,753,753,753,753,753,753,753,753,753,753,753,753,753,753,753,753,753,753,753,753,753,753,753,753,753,753,753,753,753,753,753,753,753,753,753,753,771,771,771,771,771,771,771,771,789,420,420,420,381,381,395,414,420,0,395,947,2208,2208,3312,0,0,0,0,0,0,0,0,0,0,0,0,0,0,0,0,0,0,0,0,0,0,0,0,0,0,11040,11040,11040,11040,0,0,0,0,0,16560,11040,11040,11040,33119,33119,0,33119,11040,11040,11040,11040,11040,33119,33119,33119,33119,6624,3011,3011,3011,3011,3011,3011,3011,3011,3312,3312,3680,0,0,0,0,2760,2760,2760,2760,2760,2760,2548,3312,3312,3312,3312,3312,2760,2760,2760,2548,2760,2760,2760,2548,2548,2548,2548,2548,2548,2548,2548,2548,2548,2548,2548,2548,2548,2548,2548,2548,2548,2548,2548,2548,2548,2548,2548,2548,2548,2548,2548,0,0,0,0,0,0,0,0,0,0,0,0,2208,2208,2208,0,0,0,0,0,0,0,0,0,0,0,0,0,0,0,0,0,0,0,0,0,0,0,0,0,0,0,0,3011,2208,2208,2208,2208,2208,2208,2208,2208,2208,2208,2208,2208,2208,2208,2208,2208,2208,2208,2208,2208,2208,2208,2208,2366,2366,2366,2366,2208,2208,2208,2208,2208,2208,2208,2208,2208,2208,2208,2208,2208,2208
690,690,690,690,690,690,690,690,705,705,705,705,705,705,705,705,705,705,705,720,720,720,720,720,720,720,720,720,720,720,736,736,736,736,736,736,736,736,736,736,736,736,736,736,736,736,736,753,753,753,753,753,753,753,753,753,753,753,753,753,753,753,753,753,753,753,771,771,771,771,771,771,771,771,771,771,771,771,771,771,771,771,771,771,789,789,789,789,789,789,789,789,789,789,789,789,789,789,789,789,789,789,789,789,789,789,808,808,808,808,808,808,808,808,808,808,808,808,808,808,808,828,828,828,828,828,828,828,828,828,828,828,828,828,828,828,828,850,850,850,850,850,850,850,850,850,850,850,828,736,736,736,0,0,0,1004,1004,975,1004,975,896,896,896,896,896,896,896,920,920,920,975,975,1004,1004,0,0,0,0,0,0,0,0,0,0,0,975,975,975,975,947,947,947,947,947,947,947,947,947,947,947,947,947,947,975,975,975,975,975,975,975,975,975,975,975,1004,1004,1004,1004,1004,1004,975,872,872,872,872,850,771,753,753,753,753,753,753,753,753,753,753,753,753,753,753,753,753,753,753,753,753,753,753,753,753,736,736,736,753,753,753,771,771,753,753,753,753,736,736,736,720,736,736,736,736,736,736,736,736,736,736,736,736,736,736,736,736,736,736,736,736,736,736,736,736,753,753,753,753,771,771,771,771,771,771,789,789,789,872,0,0,0,0,0,0,0,0,872,872,850,850,850,850,850,850,850,850,872,872,872,872,872,872,872,872,872,872,872,3011,0,0,0,3011,872,808,808,808,808,789,789,789,789,789,789,771,771,771,771,771,771,771,771,771,771,771,771,771,771,771,771,753,753,753,753,753,753,753,753,753,753,753,753,753,753,753,753,753,753,753,753,753,753,753,753,753,753,753,753,753,753,753,753,753,753,753,753,753,753,753,753,753,753,753,753,753,753,753,753,753,753,753,771,771,771,771,771,771,771,771,789,753,420,420,420,409,409,414,0,0,0,0,0,0,0,0,0,0,0,0,0,0,0,0,0,0,0,0,0,0,0,0,0,0,0,0,0,0,0,0,0,0,11040,11040,0,0,0,0,0,0,16560,11040,11040,11040,33119,33119,33119,11040,11040,11040,11040,11040,11040,0,33119,33119,33119,6624,3011,3011,3011,3011,3011,3011,3011,3011,3312,3312,4140,0,0,0,0,2760,2760,2760,2760,2548,2548,2548,2548,2760,3312,0,3312,2760,2760,2760,2366,2366,2548,2548,2548,2548,2548,2548,2548,2548,2548,2548,2548,2548,2548,2548,2548,2548,2548,2548,2548,2548,2548,2548,2548,2548,2548,2548,2548,2548,2548,0,0,0,0,0,1840,1840,0,0,0,0,0,0,2208,2208,1840,0,0,0,0,0,0,0,0,0,0,0,0,0,0,0,0,0,0,0,0,0,0,0,0,0,0,0,0,3011,2208,2208,2208,2208,2208,2208,2208,2208,2208,2208,2208,2208,2208,2208,2208,2208,2208,2208,2208,2208,2208,2208,2208,2366,2366,2366,2366,2366,2208,2208,2208,2208,2208,2208,2208,2208,2208,2208,2208,2208,2208
690,690,690,690,690,690,690,690,705,705,705,705,705,705,705,705,705,705,705,720,720,720,720,720,720,720,720,720,720,720,736,736,736,736,736,736,736,736,736,736,736,736,736,736,736,736,736,753,753,753,753,753,753,753,753,753,753,753,753,753,753,753,753,753,753,753,771,771,771,771,771,771,771,771,771,771,771,771,771,771,771,771,771,771,789,789,789,789,789,789,789,789,789,789,789,789,789,789,789,789,808,789,789,808,789,789,808,808,808,808,808,808,808,808,808,808,808,808,808,828,828,828,828,828,828,828,828,828,828,828,828,828,828,828,828,828,850,850,850,850,850,850,850,850,850,850,850,850,850,850,1004,0,0,0,0,0,1004,1004,0,0,0,0,896,896,896,896,896,896,920,920,975,975,1004,0,0,0,0,0,0,0,0,0,0,975,975,947,947,947,947,920,920,920,947,947,947,947,947,947,947,947,947,947,947,947,975,975,975,975,975,975,975,975,975,975,975,975,975,975,975,975,975,872,872,872,872,872,850,753,753,753,753,753,753,753,753,753,736,753,753,753,753,753,753,753,753,753,753,753,753,753,753,736,736,736,736,753,753,753,753,753,753,753,736,736,736,720,720,720,720,720,720,736,736,736,736,736,736,720,720,736,736,736,736,736,736,736,736,736,736,736,736,736,753,753,753,771,771,771,771,789,789,789,789,789,872,0,0,0,0,0,0,0,0,872,872,850,850,850,850,850,850,850,850,872,872,872,872,872,872,872,872,872,872,872,3011,3011,0,3011,3011,1183,808,808,808,808,789,789,789,789,789,771,771,771,771,771,771,771,771,771,771,771,771,771,771,771,753,753,753,753,753,753,753,753,753,753,753,753,753,753,753,753,753,753,753,753,753,753,753,753,753,753,753,753,753,753,753,753,753,753,753,753,753,753,753,753,753,753,753,753,771,753,753,753,753,753,753,771,771,771,771,771,771,771,771,771,771,789,0,0,0,0,0,409,0,409,409,395,0,1069,2208,2208,0,0,0,0,0,0,0,0,0,0,0,0,0,0,0,0,0,0,0,0,0,0,0,0,0,0,0,11040,11040,11040,11040,0,0,0,11040,11040,11040,11040,11040,33119,11040,11040,11040,11040,11040,11040,11040,11040,0,0,0,0,8280,3312,3011,3011,3011,3011,3011,3011,3011,3312,3312,4140,0,0,0,0,0,2760,2760,2760,2760,2760,2548,0,3312,3312,0,4140,2760,2760,2760,2548,2548,2760,2760,2548,2548,2548,2760,2548,2548,2548,2548,2548,2548,2548,2548,2548,2548,2548,2548,2548,2548,2548,2548,2548,2548,2548,2548,2548,2548,0,0,0,0,0,0,1840,1840,1840,8280,0,0,0,8280,8280,8280,1840,0,0,0,0,0,0,0,0,0,0,0,0,0,0,0,0,0,0,0,0,0,0,0,0,0,0,0,0,8280,2208,2208,2208,2208,2208,2208,2366,2208,2366,2208,2208,2208,2208,2208,2208,2208,2208,2208,2208,2208,2208,2208,2208,2366,2366,2366,2366,2366,2366,2366,2208,2208,2208,2208,2208,2208,2208,2208,2208,2208,2208
690,690,690,690,690,690,690,690,705,705,705,705,705,705,705,705,705,705,705,720,720,720,720,720,720,720,720,720,720,720,736,736,736,736,736,736,736,736,736,736,736,736,736,736,736,736,753,753,753,753,753,753,753,753,753,753,753,753,753,753,753,753,753,753,753,771,771,771,771,771,771,771,771,771,771,771,771,771,771,771,771,771,771,771,789,789,789,789,789,789,789,789,789,789,789,789,789,789,789,789,808,808,808,808,789,808,808,808,808,808,808,808,808,808,808,808,808,808,808,828,828,828,828,828,828,828,828,828,828,828,828,828,828,828,828,828,850,850,850,850,850,850,850,850,850,850,850,850,850,872,1004,0,0,0,0,0,0,1004,0,0,0,0,0,896,896,896,896,896,896,896,975,975,1004,0,0,0,0,0,0,0,0,0,0,975,975,947,947,947,947,920,947,947,947,947,947,947,947,947,947,947,947,947,975,975,975,975,975,975,975,975,975,975,975,975,975,975,975,975,975,975,975,872,872,872,872,850,828,753,753,753,753,753,753,736,736,736,736,736,753,753,753,753,753,753,753,753,753,753,753,753,753,736,736,736,736,753,753,753,753,753,753,753,736,736,736,720,720,720,720,720,720,736,736,736,736,736,736,720,736,736,736,736,736,736,736,736,736,736,736,736,736,736,753,753,771,771,771,771,771,771,771,789,789,789,789,896,0,0,0,0,0,0,0,872,872,850,850,850,850,850,850,850,850,872,872,872,872,872,872,872,872,872,872,3011,3011,3011,3011,3011,3011,2070,1143,808,808,808,789,789,789,789,789,771,771,771,771,771,771,771,771,771,753,753,753,753,753,753,753,753,753,753,753,753,753,753,753,753,753,753,753,753,753,753,753,753,753,753,753,753,753,753,753,753,753,753,753,753,753,753,753,753,753,753,753,753,753,753,753,753,753,771,771,753,753,753,753,753,753,753,771,771,771,771,753,753,771,771,771,771,0,0,0,0,0,409,409,409,409,386,1069,1069,2208,2208,2208,0,0,0,0,0,0,0,0,0,0,0,0,0,0,0,0,0,0,0,0,0,0,0,0,0,0,11040,11040,11040,11040,0,11040,11040,11040,11040,11040,0,0,0,0,0,11040,11040,11040,11040,11040,0,0,0,0,0,8280,3011,3011,3011,3011,3011,3011,3011,3011,3312,3312,4732,0,0,0,0,0,2760,2760,2760,2760,2760,2548,3011,3011,3011,4140,4140,4140,4140,0,2760,2548,2548,2548,2548,2548,2548,2548,2548,2548,2548,2548,2548,2548,2548,2548,2548,2548,2548,2548,2548,2548,2548,2548,2548,2548,2548,2548,0,0,0,0,0,0,1840,1840,1656,1656,1840,1840,0,0,8280,8280,8280,8280,8280,0,0,0,0,0,0,0,0,0,0,0,0,0,0,0,0,0,0,0,0,0,0,0,0,0,0,0,0,8280,2208,2208,2208,2208,2208,2366,2366,2208,2366,2208,2208,2208,2208,2208,2208,2208,2208,2208,2208,2208,2208,2208,2208,2366,2366,2366,2366,2366,2366,2366,2366,2366,2366,2366,2366,2366,2366,2366,2366,2366,2366
690,690,690,690,690,705,705,705,705,705,705,705,705,705,705,705,705,705,705,720,720,720,720,720,720,720,720,720,720,720,736,736,736,736,736,736,736,736,736,736,736,736,736,736,736,736,736,736,753,753,753,753,753,753,753,753,753,753,753,753,753,753,753,753,753,771,771,771,771,771,771,771,771,771,771,771,771,771,771,771,771,771,771,771,789,789,789,789,789,789,789,789,789,789,789,789,789,789,789,808,808,808,808,808,808,808,808,808,808,808,808,808,808,808,808,808,808,828,828,828,828,828,828,828,828,828,828,828,828,828,828,828,828,828,828,828,850,850,850,850,850,850,850,850,850,850,850,850,872,872,1004,1004,0,0,0,0,0,0,0,0,0,0,0,896,896,896,896,896,896,896,1004,0,0,0,0,0,0,0,0,0,0,0,0,947,947,947,947,947,947,920,947,947,947,947,947,947,947,947,947,947,947,947,947,975,975,975,975,975,975,975,975,975,975,975,975,975,975,975,975,975,975,872,872,872,872,850,850,753,753,753,753,753,753,736,736,736,736,736,753,753,753,753,753,753,753,753,753,753,753,753,753,736,736,736,736,753,753,753,753,753,753,753,736,736,736,736,736,736,736,720,736,736,736,736,736,736,736,736,736,736,736,736,736,753,753,736,736,736,736,736,753,753,753,753,771,771,771,771,771,771,771,771,789,789,789,0,0,0,0,0,0,0,0,872,872,850,850,850,850,850,850,850,850,872,872,872,872,872,872,872,872,872,872,3011,3011,3011,3011,3011,3011,2208,1143,828,808,808,789,789,789,789,789,771,771,771,771,771,771,771,771,771,771,771,771,771,771,771,753,753,753,753,753,753,753,753,753,753,753,753,753,753,753,753,753,753,753,753,753,753,753,753,753,753,753,771,771,753,753,753,753,753,753,753,753,753,753,753,753,753,753,771,771,771,753,753,753,753,753,753,771,771,771,771,753,753,771,753,771,0,0,0,0,0,0,409,409,409,409,386,1069,1069,1069,2208,2208,0,0,0,0,0,0,0,0,0,0,0,0,0,0,0,0,0,0,0,0,0,0,0,0,0,0,0,0,0,0,0,0,0,0,0,0,0,0,0,0,0,0,0,0,0,0,0,0,0,0,0,3312,3011,3011,3011,3011,3011,3011,3011,3011,3312,3312,3312,4732,4732,0,0,2760,2760,2548,2548,2548,2548,2548,3011,3011,3011,0,4732,4140,3011,4732,2548,2548,2548,2548,2548,2548,2548,2548,2548,2548,2548,2548,2548,2548,2548,2548,2548,2548,2548,2548,2548,2548,2548,2548,2548,0,0,0,0,0,0,0,0,0,0,1840,1656,1656,1840,1840,0,0,0,8280,0,8280,0,0,0,0,0,0,0,0,0,0,0,0,0,0,0,0,0,0,0,0,0,0,0,0,0,0,0,0,8280,8280,2366,2208,2366,2366,2366,2366,2366,2366,2366,2208,2208,2208,2208,2208,2208,2208,2208,2208,2208,2208,2208,2208,2208,2366,2366,2366,2366,2366,2366,2366,2366,2366,2366,2366,2366,2366,2366,2366,2366,2366,2366
690,690,690,705,705,705,705,705,705,705,705,705,705,705,705,705,705,705,705,720,720,720,720,720,720,720,720,720,720,720,736,736,736,736,736,736,736,736,736,736,736,736,736,736,736,736,736,736,753,753,753,753,753,753,753,753,753,753,753,753,753,753,753,753,771,771,771,771,771,771,771,771,771,771,771,771,771,771,771,771,771,771,771,771,789,789,789,789,789,789,789,789,789,789,789,789,789,789,789,808,808,808,808,808,808,808,808,808,808,808,808,808,808,808,808,808,808,828,828,828,828,828,828,828,828,828,828,828,828,828,828,828,828,828,828,850,850,850,850,850,850,850,850,850,850,850,850,850,872,872,872,872,1004,1004,1004,1004,1004,1004,1004,0,0,0,896,896,896,896,896,896,896,896,896,920,1004,0,0,0,0,0,0,0,0,0,0,947,947,947,947,947,947,920,947,947,947,947,947,947,947,947,947,947,947,947,947,975,975,975,975,975,975,975,975,975,975,975,975,975,975,1004,1004,1004,975,872,872,872,872,850,753,753,753,753,753,753,753,753,753,753,753,753,753,753,753,753,753,753,753,753,753,753,753,753,753,753,753,753,753,753,753,753,753,753,753,753,753,753,753,753,736,736,736,736,736,736,736,736,736,753,736,736,736,753,753,753,753,753,753,753,753,753,753,753,753,753,753,753,771,771,771,771,771,771,771,771,771,771,789,872,0,0,0,0,0,0,0,872,872,850,850,850,850,850,850,850,850,872,872,872,872,872,872,872,872,872,872,3011,3011,3011,3011,3011,3011,3011,1143,828,828,808,808,789,789,789,771,771,771,771,771,771,771,771,771,771,771,771,771,771,771,771,753,753,753,753,753,753,753,753,753,753,753,753,753,753,753,753,753,753,753,753,753,753,753,753,753,753,771,771,771,771,753,753,753,753,753,753,753,753,753,753,753,753,753,753,771,753,753,753,753,753,753,753,753,753,753,753,753,753,771,771,771,0,0,0,0,0,0,0,0,409,409,390,1069,1069,1069,1069,1069,1069,1069,1069,0,0,0,0,0,1104,1104,1104,0,0,0,0,0,0,0,0,0,0,0,0,0,0,0,0,0,0,0,0,0,0,0,0,0,0,0,0,0,0,0,0,0,16560,16560,0,0,0,0,0,3312,3011,3011,3011,3011,3011,3011,3011,3011,3312,3312,3312,4732,4732,0,0,2760,2548,2548,2548,2548,2548,2760,3011,0,3011,0,0,4140,3011,4732,2548,2548,2548,2548,2548,2548,2548,2548,2548,2548,2548,2548,2548,2548,2548,2548,2548,2548,2548,2548,2548,2548,2548,2548,0,0,0,0,0,0,0,0,0,0,0,1840,1656,1840,1840,6624,0,0,0,0,0,0,0,0,0,0,0,0,0,0,0,0,0,0,0,0,0,0,0,0,0,0,0,0,0,0,0,0,0,0,3011,2366,2366,2208,2366,2366,2366,2366,2366,2366,2366,2366,2208,2208,2208,2208,2208,2208,2208,2208,2208,2208,2208,2208,2208,2366,2366,2366,2366,2366,2366,2548,2366,2366,2366,2366,2366,2366,2366,2366,2366,2366,2366
690,690,690,705,705,705,705,705,705,705,705,705,705,705,705,705,705,705,705,720,720,720,720,720,720,720,720,720,736,736,736,736,736,736,736,736,736,736,736,736,736,736,736,736,736,736,736,736,736,753,753,753,753,753,753,753,753,753,753,753,753,753,753,771,771,771,771,771,771,771,771,771,771,771,771,771,771,771,771,771,771,771,771,771,789,789,789,789,789,789,789,789,789,789,789,789,789,789,789,808,808,808,808,808,808,808,808,808,808,808,808,808,808,808,808,808,808,828,828,828,828,828,828,828,828,828,828,828,828,828,828,828,828,828,850,850,850,850,850,850,850,850,850,850,850,850,850,872,872,872,872,872,872,872,872,0,0,896,0,0,896,896,896,896,896,896,896,896,896,896,896,896,920,920,920,975,0,0,0,0,0,0,920,920,920,920,920,920,920,920,947,947,947,947,947,947,947,947,947,947,947,947,947,975,975,975,975,975,975,975,975,975,975,975,975,975,975,1004,1004,1004,975,975,872,872,850,850,753,753,753,753,753,753,753,753,753,753,753,753,753,753,753,753,753,753,753,753,753,753,771,753,753,753,753,753,753,753,753,753,753,753,753,753,753,753,753,753,753,0,0,753,753,753,753,753,0,0,0,753,753,753,753,753,753,753,753,753,753,753,753,753,753,753,753,771,771,771,771,771,771,771,771,771,771,771,789,0,0,0,0,0,0,0,0,872,872,850,850,850,850,850,850,850,850,872,872,872,872,872,872,872,872,872,2070,3011,3011,3011,3011,3011,3011,1183,828,828,828,828,808,789,789,789,771,771,771,771,771,771,771,771,771,771,771,771,771,771,771,771,753,753,753,753,753,753,753,753,753,753,753,753,753,753,753,753,753,753,753,753,753,753,753,753,753,753,771,771,771,771,753,753,753,753,753,753,753,753,753,753,753,753,753,753,753,753,753,753,753,753,753,753,753,753,753,753,753,753,753,753,753,0,0,0,0,0,0,0,0,420,409,390,420,920,1069,1069,1069,1069,1069,1069,1069,0,0,0,0,1104,1104,1104,0,0,0,0,0,0,0,0,0,0,0,0,0,0,0,0,0,0,0,0,0,0,0,0,0,0,0,0,0,0,16560,0,16560,16560,0,0,0,0,0,0,3312,3011,3011,3011,3011,3011,3011,3011,3011,3312,3312,3312,4732,4732,0,0,2760,2548,2548,2548,2548,2548,2760,3011,0,3011,0,4732,3011,3011,4732,2548,2548,2548,2548,2548,2548,2548,2548,2548,2548,2548,2548,2548,2548,2548,2548,2548,2548,2548,2548,2548,2548,2548,2548,0,0,0,0,0,0,0,0,0,0,0,0,1656,1840,0,0,0,0,0,0,0,0,0,0,0,0,0,0,0,0,0,0,0,0,0,0,0,0,0,0,0,0,8280,8280,0,0,0,0,0,8280,3011,2366,2366,2366,2366,2366,2366,2366,2366,2366,2366,2366,2366,2208,2208,2208,2208,2208,2208,2208,2208,2208,2208,2208,2208,2366,2366,2366,2366,2366,2366,0,2366,2366,2366,2366,2366,2366,2366,16560,33119,0,0
705,705,705,705,705,705,705,705,705,705,705,705,705,705,705,705,705,705,705,720,720,720,720,720,720,720,720,720,736,736,736,736,736,736,736,736,736,736,736,736,736,736,736,736,736,736,736,736,736,753,753,753,753,753,753,753,753,753,753,753,753,753,753,771,771,771,771,771,771,771,771,771,771,771,771,771,771,771,771,771,771,771,771,771,789,789,789,789,789,789,789,789,789,789,789,789,789,789,789,789,789,808,789,808,808,808,808,808,808,808,808,808,808,808,808,808,808,808,828,828,828,828,828,828,828,828,828,828,828,828,828,828,828,828,850,850,850,850,850,850,850,850,850,850,850,850,850,850,872,872,872,872,872,872,872,872,872,872,896,896,896,896,896,896,896,896,896,896,896,896,896,896,896,896,920,920,920,0,0,0,0,920,920,920,920,920,920,920,920,920,947,947,947,947,947,947,947,947,947,947,947,947,947,975,975,975,975,975,975,975,975,975,975,975,975,975,975,1004,1004,1004,975,975,872,872,850,850,753,753,753,753,753,753,753,753,753,753,753,753,753,753,753,753,771,753,753,753,789,0,0,771,753,753,753,753,753,753,753,0,753,753,753,753,753,753,753,753,0,0,0,753,753,753,0,0,0,0,0,0,0,753,753,753,753,753,753,753,753,753,753,753,753,753,753,771,771,771,771,771,771,771,771,771,771,771,771,0,0,0,0,0,0,0,0,872,872,850,850,850,850,850,850,850,850,872,872,872,872,872,872,872,872,872,872,3011,3011,3011,3011,3011,3011,828,828,828,808,808,789,789,789,789,789,789,771,771,771,771,771,771,771,771,771,771,771,771,771,771,771,753,753,753,753,771,771,771,771,753,753,753,753,753,753,753,753,753,753,753,753,753,753,753,753,753,753,771,771,753,753,753,753,753,753,753,753,753,753,753,753,753,753,753,753,753,753,753,753,753,753,753,753,753,753,753,753,753,753,753,753,753,0,0,0,0,0,0,425,425,409,390,390,390,920,1069,1069,1069,1069,1069,1069,0,0,0,0,0,0,0,0,0,0,0,0,0,0,0,0,0,0,0,0,0,0,0,0,0,0,0,0,0,0,0,0,0,0,0,0,0,0,0,0,0,0,0,0,0,0,0,3011,3011,3011,3011,3011,3011,3011,3011,3011,3312,3312,3312,0,0,0,0,2760,2548,2548,2548,2548,2548,2548,3011,3312,3011,3312,3312,2548,2548,3011,2548,2548,2548,2548,2548,2548,2548,2548,2548,2548,2548,2548,2548,2548,2548,2548,2548,2548,2548,2548,2548,2548,2548,0,0,0,0,0,0,0,0,0,0,0,0,1840,1656,1744,1840,6624,0,0,0,0,0,0,0,0,0,0,0,0,0,0,0,0,0,0,0,0,0,0,0,0,0,0,8280,8280,2366,0,0,0,0,0,2366,2366,2366,2366,2366,2366,2366,2366,2366,2366,2366,2366,2366,2208,2208,2208,2208,2208,2208,2208,2208,2208,2208,2208,2208,2366,2366,2366,2366,2366,2366,2366,2366,2366,2366,2366,2366,2366,2366,16560,33119,0,0
705,705,705,705,705,705,705,705,705,705,705,705,705,705,705,705,705,705,705,720,720,720,720,720,720,720,720,720,736,736,736,736,736,736,736,736,736,736,736,736,736,736,736,736,736,736,736,736,736,753,753,753,753,753,753,753,753,753,753,753,753,753,753,771,771,771,771,771,771,771,771,771,771,771,771,771,771,771,771,771,771,771,771,771,789,789,789,789,789,789,789,789,789,789,789,789,789,789,789,808,808,808,808,808,808,808,808,808,808,808,808,808,808,808,808,808,808,808,828,828,828,828,828,828,828,828,828,828,828,828,828,828,828,828,850,850,850,850,850,850,850,850,850,850,850,850,850,850,872,872,872,872,872,872,872,872,872,872,896,896,896,896,896,896,896,896,896,896,896,896,896,896,896,896,920,920,975,0,0,0,0,0,920,920,920,920,920,920,947,947,947,947,947,947,947,947,947,947,947,947,947,947,975,975,975,975,975,975,975,975,975,975,975,975,975,975,975,1004,1004,1004,975,975,872,872,850,850,850,753,753,753,753,753,753,753,753,753,753,753,753,753,753,753,753,753,753,789,0,0,0,0,771,753,753,753,753,753,753,0,753,753,753,753,753,753,753,753,753,753,753,720,720,753,753,753,0,0,0,0,0,753,753,753,753,753,753,753,753,753,753,753,753,753,753,771,771,771,771,771,771,771,771,771,771,771,789,0,0,0,0,0,0,0,0,872,872,850,850,850,850,850,850,850,850,872,872,872,872,872,872,872,872,872,2070,3011,3011,3011,3011,3011,3011,828,828,828,808,808,789,789,789,789,789,789,771,771,771,771,771,771,771,771,771,771,771,771,771,771,771,753,753,753,753,753,753,753,771,753,753,753,753,753,753,753,753,753,753,753,753,753,753,753,753,753,753,753,753,753,753,753,753,753,753,753,753,753,753,753,753,753,753,753,753,753,753,753,753,753,753,753,753,753,753,753,753,753,771,771,771,753,753,753,0,0,0,0,0,425,409,390,390,789,947,1069,1069,1069,1035,1035,1069,0,0,0,0,0,0,0,0,0,0,0,0,0,0,0,0,0,0,0,0,0,0,0,0,0,0,0,0,0,0,0,0,0,0,0,0,0,0,0,16560,0,0,0,0,0,0,0,3011,3011,3011,3011,3011,3011,3011,3011,3011,3312,3312,3312,3680,3680,0,0,2548,2548,2548,2548,2548,2548,2548,3312,0,3680,0,3680,2548,2548,0,2548,2548,2548,2760,2548,2548,2548,2548,2548,2548,2548,2548,2548,2548,2548,2548,2548,2548,2548,2548,2548,2548,2548,2548,0,0,0,0,0,0,0,0,0,0,0,0,0,0,0,0,0,0,0,0,0,0,0,0,0,0,0,0,0,0,0,0,0,0,0,0,0,0,0,0,0,0,2366,2366,2366,2366,0,0,0,0,2366,2366,2366,2366,2366,2366,2366,2366,2366,2366,2366,2366,2208,2208,2208,2208,2208,2208,2208,2208,2208,2208,2208,2208,2208,2366,2366,2366,2366,2366,2366,2366,2366,2366,2366,2366,2366,2366,2366,2366,33119,33119,33119
690,690,705,705,705,705,705,705,705,705,705,705,705,705,705,705,705,705,705,705,720,720,720,720,720,720,720,720,720,736,736,736,736,736,736,736,736,736,736,736,736,736,736,736,736,736,736,736,753,753,753,753,753,753,753,753,753,753,753,753,753,753,753,753,771,771,771,771,771,771,771,771,771,771,771,771,771,771,771,771,771,771,771,771,789,789,789,789,789,789,789,789,789,789,789,789,789,789,789,789,789,789,789,808,808,808,808,808,808,808,808,808,808,808,808,808,808,808,808,828,828,828,828,828,828,828,828,828,828,828,828,828,828,850,850,850,850,850,850,850,850,850,850,850,850,850,850,850,872,872,872,872,872,872,872,872,872,872,872,872,896,896,896,896,896,896,896,896,896,896,896,896,896,896,896,920,920,920,920,920,0,920,920,920,920,920,920,920,920,920,947,947,947,947,947,947,947,947,947,947,947,947,975,975,975,975,975,975,975,975,975,975,975,975,975,975,975,1004,1004,1004,1004,975,872,872,850,850,850,771,753,771,771,753,753,753,753,771,771,753,771,771,771,771,0,0,0,0,0,0,0,0,0,771,771,789,789,0,0,0,0,0,0,771,771,771,771,771,0,0,0,720,720,720,720,720,753,0,0,753,753,753,0,771,0,0,0,753,753,753,753,753,771,771,771,771,771,771,771,771,771,771,771,771,771,771,771,0,0,0,0,0,0,0,0,872,872,850,850,850,850,850,850,850,850,872,872,872,872,872,872,872,872,872,2070,3011,3011,3011,3011,3011,3011,828,828,828,808,789,789,789,789,789,789,789,771,771,771,771,771,771,771,771,771,771,771,771,771,771,771,771,771,753,771,771,771,771,771,771,771,753,753,753,753,753,753,753,753,753,753,753,753,753,753,753,753,753,753,753,753,753,753,753,753,753,753,753,753,753,753,753,753,753,753,753,753,753,753,753,753,753,753,753,753,771,771,771,771,771,771,650,425,425,650,0,0,0,425,425,409,390,390,789,947,1069,1069,1035,1035,1035,1035,0,0,0,0,0,0,0,0,0,0,0,0,0,0,0,0,0,0,0,0,0,0,0,0,0,0,0,0,0,11040,0,0,0,16560,0,16560,16560,0,0,16560,0,0,0,0,0,0,0,3011,3011,3011,3011,3011,3011,3011,3011,3011,3312,3312,3680,0,0,0,0,0,2760,2548,2548,2548,2548,2760,0,0,0,0,0,3680,0,0,0,0,0,2760,2548,2548,2548,2548,2548,2548,2760,2548,2548,2548,2548,2548,2548,2548,2548,2548,2548,2548,2548,2548,2548,0,0,0,0,0,0,0,0,0,0,0,0,0,0,0,0,0,0,0,0,0,0,0,0,0,0,0,0,0,0,0,0,0,0,0,0,0,0,0,0,0,8280,8280,2366,2366,8280,0,0,0,4732,2366,2366,2366,2366,2366,2366,2366,2366,2366,2366,2366,2208,2208,2208,2208,2208,2208,2208,2208,2208,2208,2208,2208,2366,2366,2366,2366,2366,2366,2366,2366,2366,2366,2366,2366,2366,2366,2366,2366,0,0,0
690,690,690,690,705,705,705,705,705,705,705,705,705,705,705,705,705,705,705,705,720,720,720,720,720,720,720,720,720,736,736,736,736,736,736,736,736,736,736,736,736,736,736,736,736,736,736,753,753,753,753,753,753,753,753,753,753,753,753,753,753,753,753,753,753,771,771,771,771,771,771,771,771,771,771,771,771,771,771,771,771,771,771,771,789,789,789,789,789,789,789,789,789,789,789,789,789,789,789,789,789,789,789,789,808,808,808,808,808,808,808,808,808,808,808,808,808,808,808,828,828,828,828,828,828,828,828,828,828,828,828,828,828,828,850,850,850,850,850,850,850,850,850,850,850,850,850,850,850,872,872,872,872,872,872,872,872,872,896,896,896,896,896,896,896,896,896,896,896,896,896,896,896,896,896,920,920,920,920,947,947,920,920,920,920,920,920,920,947,947,947,947,947,947,947,947,947,947,947,947,947,947,975,975,975,975,975,975,975,975,975,975,975,975,975,975,975,975,975,975,975,975,872,872,850,850,850,771,771,771,771,771,771,0,0,0,771,771,771,771,771,771,0,0,0,0,0,0,0,0,0,0,0,789,789,789,0,0,0,0,0,0,771,771,771,0,0,0,0,720,720,720,720,753,753,0,0,753,0,0,0,0,0,0,0,771,753,753,753,753,771,771,771,771,771,771,771,771,771,771,771,771,789,789,789,0,0,0,0,0,0,0,0,872,872,872,850,850,850,850,850,850,850,872,872,872,872,872,872,872,872,872,872,3011,3011,3011,3011,3011,3011,2208,828,828,808,789,789,789,789,789,789,789,771,771,771,771,771,771,771,771,771,771,771,771,771,771,771,771,771,771,771,771,771,771,771,771,753,753,753,753,753,753,753,753,753,753,753,753,753,753,753,753,753,753,753,753,753,753,753,753,753,753,753,753,753,753,753,753,753,753,753,753,753,753,753,753,753,753,753,753,753,771,771,771,771,771,771,650,425,425,425,0,0,0,0,425,409,390,390,789,947,1035,0,1035,1035,1035,1143,0,0,0,0,0,0,0,0,0,0,0,0,0,0,0,0,0,0,0,0,0,0,0,0,0,0,0,0,5520,5520,5520,0,0,0,0,0,5520,5520,6624,6624,0,0,0,0,0,0,0,3011,3011,3011,3011,3011,3011,3011,3011,3011,3312,3680,3680,0,0,0,0,0,2760,2760,2760,2760,2760,0,0,0,0,0,0,0,0,0,0,0,0,3011,2760,2760,2548,2760,2548,2760,2760,2760,2548,2548,2548,2548,2548,2548,2548,2548,2548,2548,2548,2548,2548,0,0,0,0,0,0,0,0,0,0,0,0,0,0,0,0,0,0,0,0,0,0,0,0,0,0,0,0,0,0,0,0,0,0,0,0,0,0,0,0,0,8280,8280,2366,2366,8280,0,0,0,4732,2366,2366,2366,2366,2366,2366,2366,2366,2366,2366,2366,2208,2208,2208,2208,2208,2208,2208,2208,2208,2208,2208,2208,2208,2366,2366,2366,2366,2366,2366,2366,2366,2366,2366,2366,2366,2366,2366,2366,2366,0,0
690,690,690,690,705,705,705,705,705,705,705,705,705,705,705,705,705,705,705,705,720,720,720,720,720,720,720,720,720,720,736,736,736,736,736,736,736,736,753,753,736,736,736,736,736,736,753,753,753,753,753,753,753,753,753,753,753,753,753,753,753,753,753,753,753,753,753,771,771,771,771,771,771,771,771,771,771,771,771,771,771,771,771,771,789,789,789,789,789,789,789,789,789,789,789,789,789,789,789,789,789,789,789,808,808,808,808,808,808,808,808,808,808,808,808,808,808,808,808,828,828,828,828,828,828,828,828,828,828,828,828,828,828,828,850,850,850,850,850,850,850,850,850,850,850,850,850,850,850,850,850,872,872,872,872,872,872,872,896,896,896,896,896,896,896,896,896,896,896,896,896,896,896,896,896,920,920,920,920,947,947,920,920,920,920,920,947,920,947,947,947,947,947,947,947,947,947,947,947,947,947,947,975,975,975,975,975,975,975,975,975,975,975,975,975,975,975,975,975,975,975,896,872,872,850,850,771,771,771,771,771,771,771,771,771,771,771,771,771,771,771,771,771,0,0,0,0,0,0,0,0,771,771,789,771,771,789,789,0,0,771,771,771,771,771,771,771,771,771,771,720,771,771,771,771,771,771,771,771,0,0,0,0,0,771,771,771,771,771,771,771,771,771,771,771,771,771,771,771,771,771,771,789,771,771,0,0,0,0,0,0,0,0,872,872,872,850,850,850,850,850,850,850,872,872,872,872,872,872,872,872,872,872,3011,3011,3011,3011,3011,3011,3011,828,808,789,789,789,789,789,789,789,789,789,789,789,771,771,771,771,771,771,771,771,771,771,771,771,771,771,771,771,771,771,771,771,771,771,771,771,753,753,753,753,753,753,753,753,753,753,753,753,753,753,753,753,753,753,753,753,753,753,753,753,753,753,753,753,753,753,753,753,753,753,753,753,753,753,753,753,753,753,753,771,771,771,771,771,650,425,425,425,425,425,0,0,425,409,390,390,390,0,0,0,0,0,0,1143,1143,1143,0,0,0,0,0,0,0,0,0,0,0,0,0,0,0,0,0,0,0,0,0,0,0,0,0,0,0,5520,5520,0,0,0,0,0,5520,5520,8280,6624,8280,0,0,0,0,0,3011,3011,3011,3011,3011,3011,3011,3011,3011,3011,3312,3680,4140,0,0,0,0,3011,2760,2760,2760,2760,2760,3011,0,0,0,0,0,0,0,0,0,0,0,3011,2760,2760,2760,2760,2760,2760,2760,2760,2760,2548,2548,2548,2548,2548,2548,2548,2548,2548,2548,2548,2548,2548,2548,2548,0,0,0,0,0,0,0,0,0,0,0,0,0,0,0,0,0,0,0,0,0,0,0,0,0,0,0,0,0,0,0,0,0,0,0,0,0,0,0,8280,2366,2366,8280,0,0,0,2366,2366,2208,2208,2208,2208,2366,2366,2366,2366,2366,2208,2208,2208,2208,2208,2208,2208,2208,2208,2208,2208,2208,2208,2208,2366,2366,2366,2366,2366,2366,2366,2208,2366,2366,2208,2208,2208,2208,2208,2366,2366,2366
690,690,690,690,705,705,705,705,705,705,705,705,705,705,705,705,705,705,705,720,720,720,720,720,720,720,720,720,720,720,720,736,736,736,736,736,736,736,753,753,753,753,753,753,753,753,753,753,753,753,753,753,753,753,753,753,753,753,753,753,753,753,753,753,753,753,771,771,771,771,771,771,771,771,771,771,771,771,771,771,771,771,771,771,789,789,789,789,789,789,789,789,789,789,789,789,789,789,789,808,808,808,808,808,808,808,808,808,808,808,808,808,808,808,808,808,808,808,808,828,828,828,828,828,828,828,828,828,828,828,828,828,828,828,828,850,850,850,850,850,850,850,850,850,850,850,850,850,850,850,850,850,850,872,872,872,872,872,920,920,920,920,920,896,896,896,896,896,896,896,896,896,896,896,920,920,920,920,920,920,947,920,920,920,920,920,920,920,947,947,947,947,947,947,947,947,947,947,947,947,947,947,975,975,975,975,975,975,975,975,975,975,975,975,975,975,1004,1004,1004,975,975,896,872,872,850,850,771,771,771,771,771,771,771,771,771,771,771,771,771,771,771,771,771,771,771,0,0,771,771,0,771,771,771,771,771,789,789,789,789,0,771,771,771,771,771,771,771,771,771,771,789,771,771,771,771,771,771,771,771,789,0,771,789,771,771,771,771,771,771,771,771,771,771,771,771,771,771,771,771,771,771,771,789,789,789,0,0,0,0,0,0,0,0,872,872,872,850,850,850,850,850,850,850,872,872,872,872,872,872,872,872,3011,872,3011,3011,3011,3011,3011,3011,0,2366,828,789,789,789,789,789,789,789,789,789,789,789,771,771,771,771,771,771,771,771,771,771,771,771,771,771,771,771,771,771,771,771,771,753,753,753,753,753,753,753,753,753,753,753,753,753,753,753,753,753,753,753,753,753,753,753,753,753,753,753,753,753,753,753,753,753,753,753,753,753,753,753,753,753,753,753,771,771,771,771,771,771,771,771,771,425,425,425,425,425,0,0,0,420,390,390,390,947,0,0,0,0,0,0,0,1143,0,0,0,0,0,0,0,0,0,0,0,0,0,0,0,0,0,0,0,0,0,0,8280,8280,0,0,5520,5520,5520,5520,0,0,0,0,4732,5520,5520,5520,6624,0,0,0,0,4732,3011,3011,3011,3011,3011,3011,3011,3011,3011,3011,3312,3680,4140,0,0,0,0,2760,2760,2760,2760,3011,3011,0,0,0,0,0,0,0,0,0,0,0,0,3011,2760,2760,2760,2760,2760,2760,2760,2760,2760,2548,2548,2548,2548,2548,2548,2548,2548,2548,2548,2548,2548,2548,2548,2548,2548,2548,0,0,0,0,0,0,0,0,0,0,0,0,0,0,0,0,0,0,0,0,0,0,0,0,0,0,0,0,0,0,0,0,0,0,0,0,0,0,8280,8280,8280,0,0,0,4732,2366,2366,2366,2366,2366,2366,2366,2366,2366,2366,2208,2208,2208,2208,2208,2208,2208,2208,2208,2208,2208,2208,2208,2208,2366,2366,2366,2366,2366,2208,2208,2208,2208,2208,2208,2208,2208,2208,2208,2208,2208,2208
690,690,690,690,690,705,705,705,705,705,705,705,705,705,705,705,705,705,705,720,720,720,720,720,720,720,720,720,720,720,720,736,736,736,736,736,736,736,736,736,736,736,736,753,753,753,753,753,753,753,753,753,753,753,753,753,753,753,753,753,753,753,753,753,753,771,771,771,771,771,771,771,771,771,771,771,771,771,771,771,771,771,771,771,789,789,789,789,789,789,789,789,789,789,789,789,789,789,789,789,789,808,789,808,808,808,808,808,808,808,808,808,808,808,808,808,808,808,808,828,828,828,828,828,828,828,828,828,828,828,828,828,828,828,828,828,850,850,850,850,850,850,850,850,850,850,850,850,850,850,850,850,850,872,872,872,872,872,896,920,920,920,896,896,896,896,896,896,896,896,896,896,896,896,920,920,920,920,920,920,920,920,920,920,920,920,920,920,947,947,947,947,947,947,947,947,947,947,947,947,947,947,975,975,975,975,975,975,975,975,975,975,975,975,975,1004,1004,1004,1004,1004,975,872,872,872,850,850,771,771,771,771,771,771,771,771,771,771,771,771,771,771,771,771,771,771,771,771,771,771,771,771,771,771,771,771,771,789,789,789,789,789,771,771,771,771,771,771,771,771,771,789,789,789,771,771,771,771,771,771,771,771,789,771,771,771,771,771,771,753,771,771,771,771,771,771,771,771,771,771,771,771,771,771,789,771,771,872,0,0,0,0,0,0,872,872,872,872,850,850,850,850,850,850,850,872,872,872,872,872,872,872,872,872,872,896,3011,3011,3011,3011,3011,0,0,850,808,789,789,789,789,789,789,789,789,789,789,789,771,789,771,771,771,771,771,771,771,771,771,771,771,771,771,771,771,771,771,771,771,771,771,771,753,753,753,753,753,753,753,753,753,753,753,753,753,753,753,753,753,753,753,753,753,753,753,753,753,753,753,753,753,753,753,753,753,753,753,753,753,753,753,753,753,771,771,771,771,771,771,771,425,425,425,425,425,0,0,0,425,390,390,390,947,0,0,0,0,0,0,1183,1143,1183,0,0,0,0,0,0,0,0,0,0,0,0,0,0,0,0,0,0,0,0,0,0,8280,0,4732,4732,4732,4732,4732,5520,4732,0,0,5520,5520,0,6624,6624,6624,6624,0,3011,3011,3011,3011,3011,3011,3011,3011,3011,3011,3011,3011,3312,3680,0,0,0,0,0,2760,2760,2760,2760,3011,3011,0,0,0,0,0,0,0,0,0,0,8280,3011,2760,2760,2760,2760,2760,2760,2760,2760,2760,2548,2548,2548,2548,2548,2548,2548,2548,2548,2548,2548,2548,2548,2548,2548,2548,2548,2548,0,0,0,0,0,0,0,0,0,0,0,0,0,0,0,0,0,0,0,0,0,0,0,0,0,0,0,8280,8280,8280,8280,0,0,0,0,0,0,8280,8280,8280,8280,8280,0,0,0,4732,2366,2366,2366,2366,2366,11040,2366,2366,2208,2208,2208,2208,2208,2208,2208,2208,2208,2208,2208,2208,2208,2208,2208,2366,2366,2366,2366,2366,2208,2208,2208,2208,2208,2208,2208,2208,2208,2208,2208,2208,2208
690,690,690,690,690,705,705,705,705,705,705,705,705,705,705,705,705,705,720,720,720,720,720,720,720,720,720,720,720,720,720,736,736,736,736,736,736,736,736,736,736,736,736,736,736,753,753,753,753,753,753,753,753,753,753,753,753,753,753,753,753,753,753,753,753,753,771,771,771,771,771,771,771,771,771,771,771,771,771,771,771,771,771,789,789,789,789,789,789,789,789,789,789,789,789,789,789,789,789,808,808,808,808,808,808,808,808,808,808,808,808,808,808,808,808,808,808,808,808,828,828,828,828,828,828,828,828,828,828,828,828,828,828,828,828,828,828,850,850,850,850,850,850,850,850,850,850,850,850,850,850,850,850,872,872,872,872,872,896,896,920,920,896,896,896,896,896,896,896,896,896,896,896,896,920,920,920,920,920,947,947,920,920,920,920,920,920,920,920,920,947,947,947,947,947,947,947,947,947,947,947,947,975,975,975,975,975,975,975,975,975,975,975,975,1004,1004,1004,1004,1004,1004,975,872,872,872,872,850,771,771,771,771,771,771,771,771,771,771,771,771,771,771,771,771,771,771,771,771,771,771,771,771,771,771,771,771,771,789,789,789,789,789,771,771,771,771,771,771,771,771,771,789,0,0,0,0,0,771,771,771,0,0,0,771,771,771,771,771,771,771,771,771,771,771,771,789,789,789,771,771,771,771,771,771,789,789,789,872,0,0,0,0,0,872,872,872,872,872,850,850,850,850,850,850,850,872,872,872,872,872,872,872,872,872,872,3011,3011,3011,3011,3011,3011,0,0,828,808,789,789,789,789,789,789,789,789,789,789,789,789,789,789,771,771,771,771,771,771,771,771,771,771,771,771,771,771,771,771,771,771,771,771,753,753,753,753,753,753,753,753,753,753,753,753,753,753,753,753,753,753,753,753,753,753,753,753,753,753,753,753,753,753,753,753,753,753,753,753,753,753,753,753,753,753,753,771,771,771,771,771,771,425,425,425,425,0,0,0,0,425,390,390,920,947,0,0,0,0,0,0,0,1143,0,0,0,0,0,0,0,0,0,0,0,0,0,0,0,3011,0,3312,6624,0,0,0,0,0,0,4732,4732,4732,4732,4732,4732,4732,0,0,0,0,0,5520,4732,4732,3011,3011,3011,3011,3011,3011,3011,3011,3011,3011,3011,3011,3011,3011,3312,3680,4140,4140,0,0,0,3011,2760,2760,2760,2760,2760,3011,3312,0,0,0,0,0,0,0,8280,3011,2760,2760,2548,2548,2548,2548,2548,2548,2760,2548,2548,2548,2548,2548,2548,2548,2548,2548,2548,2548,2548,2548,2548,2548,2548,2548,2548,2548,0,0,0,0,0,0,0,0,0,0,0,0,0,0,0,0,0,0,0,0,0,0,0,0,0,0,0,8280,0,0,0,0,0,0,0,0,0,0,8280,8280,8280,8280,0,0,8280,2366,2366,2366,2366,2366,2366,2366,2366,2208,2208,2208,2208,2208,2208,2208,2208,2208,2208,2208,2208,2208,2208,2208,2208,2366,2208,2366,2366,2366,2208,2208,2208,2208,2208,2208,2208,2208,2208,2208,2208,2208,2208
690,690,690,690,690,690,705,705,705,705,705,705,705,705,705,705,705,705,720,720,720,720,720,720,720,720,720,720,720,720,720,736,736,736,736,736,736,736,736,736,736,736,736,736,736,753,753,753,753,753,753,753,753,753,753,753,753,753,753,753,753,753,753,753,753,753,771,771,771,771,771,771,771,771,771,771,771,771,771,771,771,771,771,771,789,789,789,789,789,789,789,789,789,789,789,789,789,789,789,808,808,808,808,808,808,808,808,808,808,808,808,808,808,808,808,808,808,808,808,828,828,828,828,828,828,828,828,828,828,828,828,828,828,828,828,828,850,850,850,850,850,850,850,850,850,850,850,850,850,850,850,850,850,872,872,872,872,872,896,896,896,896,896,896,896,896,896,896,896,896,896,896,896,920,920,920,920,920,920,920,920,920,920,920,920,920,920,920,920,920,947,947,947,947,947,947,947,947,947,947,947,947,975,975,975,975,975,975,975,975,975,975,975,975,975,1004,1004,1004,1004,1004,975,872,872,872,872,850,771,771,771,771,771,771,771,771,771,771,771,771,771,771,771,771,771,771,771,771,771,771,771,771,771,771,771,771,771,789,789,789,789,771,771,771,771,771,771,771,771,771,771,771,789,771,0,771,771,771,771,771,771,771,771,771,771,771,771,771,771,771,771,771,771,771,771,789,789,789,771,771,771,771,771,771,789,789,789,872,0,0,0,0,0,0,872,872,872,872,850,850,850,850,850,850,850,872,872,872,872,872,872,872,872,3011,3011,3011,3011,3011,3011,3011,3011,0,2366,828,808,808,789,789,789,808,808,808,789,789,789,789,789,789,771,771,771,771,771,771,771,771,771,771,771,771,771,771,771,771,771,771,771,771,771,753,753,753,753,753,753,753,753,753,753,753,753,753,753,753,753,753,753,753,753,753,753,753,753,753,753,753,753,753,753,753,753,753,753,753,753,753,753,753,753,753,753,753,753,771,771,771,771,771,753,425,425,425,425,0,0,0,425,390,390,920,920,0,0,0,0,0,0,1183,1183,0,0,0,0,0,0,0,0,0,0,0,0,0,0,0,3011,3011,3011,3312,0,0,0,0,0,0,0,4732,0,4732,3011,3011,3312,4732,0,0,0,0,6624,4732,4732,3011,3011,3011,3011,3011,3011,3011,3011,3011,3011,3011,3011,3011,3011,3312,3680,0,0,0,0,0,3312,2760,2760,2760,2760,2760,2760,3011,0,0,0,0,0,0,0,6624,2760,2548,2548,2548,2548,2548,2760,2548,2760,2760,2760,2548,2548,2548,2548,2548,2548,2548,2548,2548,2548,2548,2548,2548,2548,2548,2548,2548,2548,0,0,0,0,0,0,0,0,0,0,0,0,0,0,0,0,0,0,0,0,0,0,0,0,0,0,0,0,0,0,0,0,0,0,0,0,0,0,0,0,8280,8280,8280,11040,8280,4732,2366,2366,2366,2366,2366,2208,2208,2208,2208,2208,2208,2208,2208,2208,2208,2208,2208,2208,2208,2208,2208,2208,2208,2208,2208,2366,2366,2366,2208,2208,2208,2208,2208,2070,2070,2070,2070,2070,2070,2070,2070
690,690,690,690,690,705,705,705,705,705,705,705,705,705,705,705,705,705,720,720,720,720,720,720,720,720,720,720,720,720,720,736,736,736,736,736,736,736,736,736,736,736,736,736,753,753,753,753,753,753,753,753,753,753,753,753,753,753,753,753,753,753,753,753,771,771,771,771,771,771,771,771,771,771,771,771,771,771,771,771,771,771,771,771,789,789,789,789,789,789,789,789,789,789,789,789,789,789,789,808,808,808,808,808,808,808,808,808,808,808,808,808,808,808,808,808,808,808,828,828,828,828,828,828,828,828,828,828,828,828,828,828,828,828,828,828,828,828,850,850,850,850,850,850,850,850,850,850,850,850,850,850,850,872,872,872,872,872,896,896,896,896,896,896,896,896,896,896,896,896,896,896,896,920,920,920,920,920,920,920,920,920,920,920,920,920,920,920,920,920,947,947,947,947,947,947,947,947,947,947,947,975,975,975,975,975,975,975,975,975,975,975,975,975,1004,1004,1004,1004,1004,1004,1004,872,872,872,872,850,771,771,771,771,771,771,771,771,753,753,753,753,771,771,771,771,771,771,753,753,771,771,771,771,771,771,771,771,789,789,789,789,789,789,771,771,771,771,771,771,771,771,771,789,789,789,0,753,753,771,771,771,0,0,0,789,771,771,771,771,771,753,753,753,753,771,771,789,789,789,771,771,771,771,771,789,789,789,872,872,0,0,0,0,0,872,872,872,872,872,850,850,850,850,850,850,850,872,872,872,872,872,872,896,872,3312,0,0,3011,3011,3011,3011,3011,3011,2366,808,808,808,789,789,789,808,808,808,789,789,789,789,789,789,771,771,771,771,771,771,771,771,771,771,789,771,771,771,771,771,771,771,753,753,753,753,753,753,753,753,753,753,753,753,753,753,753,753,753,753,753,753,753,753,753,753,753,753,753,753,753,753,753,753,753,753,753,753,753,753,753,753,753,753,753,753,753,753,753,753,771,771,771,771,771,753,753,431,425,0,420,0,420,409,409,0,920,0,0,0,0,0,0,0,0,0,0,0,0,0,0,0,0,0,0,0,0,0,0,0,3011,3011,3011,3312,0,0,0,0,0,0,0,0,0,4732,3011,3011,3011,4732,0,0,0,0,0,6624,6624,3011,3011,3011,3011,3011,3011,3011,3011,3011,3011,3011,3011,3011,3011,3312,3680,0,0,0,0,0,0,2760,2548,2548,2548,2548,2548,3312,0,0,0,0,0,0,0,6624,2548,2548,2548,2548,2548,2548,2548,2548,2548,2760,2760,2548,2548,2548,2548,2548,2548,2548,2548,2548,2548,2548,2548,2548,2548,2548,2548,2548,2548,0,0,0,0,0,0,0,0,0,0,0,0,0,0,0,0,0,0,0,0,0,0,0,0,0,0,0,0,0,0,0,0,0,0,0,0,0,0,0,0,8280,8280,8280,8280,8280,4732,4732,4732,4732,2366,2366,2208,2070,2070,2070,2208,2208,2208,2208,2208,2208,2208,2208,2208,2208,2208,2208,2208,2208,2208,2208,2208,2208,2208,2208,2208,2070,2070,2070,2070,2070,2070,2070,2070,2070,2070,2070
690,690,690,690,705,705,705,705,705,705,705,705,705,705,705,705,705,705,720,720,720,720,720,720,720,720,720,720,720,720,736,736,736,736,736,736,736,736,736,736,736,736,736,736,736,736,753,753,753,753,753,753,753,753,753,753,753,753,753,753,753,753,753,753,771,771,771,771,771,771,771,771,771,771,771,771,771,771,771,771,771,771,771,771,789,789,789,789,789,789,789,789,789,789,789,789,789,789,789,808,808,808,808,808,808,808,808,808,808,808,808,808,828,828,828,828,828,828,828,828,828,828,828,828,828,828,828,828,828,828,828,828,828,828,828,828,828,850,850,850,850,850,850,850,850,850,850,850,850,850,850,872,872,872,872,896,872,896,896,896,896,896,896,896,896,896,896,896,896,896,896,896,896,896,920,920,920,920,920,947,920,947,920,920,920,920,920,920,920,920,947,947,947,947,947,947,947,947,947,947,975,975,975,975,975,975,975,975,975,975,975,975,975,975,1004,1004,1004,1004,1004,1004,1004,975,872,872,872,850,771,771,771,771,771,771,753,753,753,753,753,753,753,771,771,771,771,771,753,753,771,771,771,771,771,753,771,771,771,789,789,789,789,771,771,771,753,753,771,753,753,753,771,771,771,753,771,753,753,753,753,753,771,0,0,771,771,771,753,753,753,753,753,753,753,771,771,789,789,789,771,771,771,771,771,771,789,789,872,872,872,0,0,0,872,872,872,872,872,872,872,850,850,850,850,850,850,872,872,872,872,872,872,872,872,872,0,0,0,3011,3011,3011,3011,2366,850,808,808,808,789,789,789,808,808,808,789,789,789,789,789,789,771,771,771,771,771,771,771,771,771,789,789,789,789,789,789,771,771,771,771,753,753,753,753,753,753,753,753,753,753,753,753,753,753,753,753,753,753,753,753,753,753,753,753,753,753,753,753,753,753,753,753,753,753,753,753,753,753,753,753,753,753,753,753,753,753,753,753,771,771,771,771,771,753,431,425,425,414,431,425,425,431,0,0,0,0,0,0,0,0,0,0,0,0,0,0,0,0,0,0,0,0,0,0,0,0,0,3011,3011,3011,3011,8280,0,0,0,0,0,0,0,0,3312,3011,3011,3011,3312,0,0,0,0,0,0,0,6624,0,3011,3011,3011,3011,3011,3011,3011,3011,3011,3011,3011,3011,3312,3312,0,0,0,0,0,0,3011,2548,2548,2548,2548,2548,3312,0,0,0,0,0,0,0,3011,2548,2548,2548,2548,2548,2548,2548,2548,2548,2760,2548,2548,2548,2548,2548,2548,2548,2548,2548,2548,2548,2548,2548,2548,2548,2548,2548,2548,2548,0,0,0,0,0,0,0,0,0,0,0,0,0,0,0,0,0,0,0,0,0,0,0,0,0,0,0,0,0,0,0,0,0,0,8280,8280,8280,0,0,0,8280,8280,8280,8280,8280,4732,4732,4732,2208,2208,2208,2070,2070,2070,2070,2070,2208,2208,2208,2208,2208,2208,2208,2208,2208,2208,2208,2208,2208,2208,2208,2208,2208,2208,2070,2070,2070,2070,2070,2070,2070,2070,2070,2070,2070,2070,2070
705,705,705,690,705,705,705,705,705,705,705,705,705,705,705,705,705,720,720,720,720,720,720,720,720,720,720,720,720,720,736,736,736,736,736,736,736,736,736,736,736,736,736,736,736,736,736,753,753,753,753,753,753,753,753,753,753,753,753,753,753,753,753,753,753,753,753,753,771,771,771,771,771,771,771,771,771,771,771,771,771,771,771,789,789,789,789,789,789,789,789,808,808,808,789,789,789,789,808,808,808,808,808,808,808,808,808,808,808,808,808,808,808,808,808,808,808,808,828,828,828,828,828,828,828,828,828,828,828,828,828,828,828,828,828,828,828,828,850,850,850,850,850,850,850,850,850,850,850,850,850,872,872,872,896,896,896,896,896,896,896,896,896,896,896,896,896,896,896,896,896,896,896,896,920,920,920,920,920,920,920,947,920,920,920,920,920,920,920,947,947,947,947,947,947,947,947,947,947,947,947,975,975,975,975,975,975,975,975,975,975,975,975,975,1004,1004,1004,1004,1004,1004,1004,1004,872,872,872,789,771,771,771,771,771,771,753,753,753,753,753,753,753,771,771,771,771,771,753,753,771,771,771,771,771,753,771,771,771,771,771,789,771,753,771,771,753,753,771,753,753,753,771,753,753,753,753,753,753,753,753,753,771,0,0,771,771,771,753,753,753,753,753,753,753,753,771,771,771,771,771,771,771,771,771,789,789,0,0,0,0,872,872,872,872,872,872,872,872,872,872,850,850,850,850,850,850,872,872,872,872,872,872,896,3011,0,0,0,0,0,3011,3011,3011,808,808,808,808,808,789,789,808,808,808,808,808,789,789,789,789,771,771,771,771,771,771,771,771,771,771,789,789,789,789,771,771,771,771,771,753,753,753,753,753,753,753,753,753,753,753,753,753,753,753,753,753,753,753,753,753,753,753,753,753,753,753,753,753,753,753,753,753,753,753,753,753,753,753,753,753,753,753,753,753,753,753,753,771,771,771,771,771,771,753,431,414,414,414,431,431,431,0,0,0,0,0,0,0,0,0,0,0,0,0,0,0,0,0,0,0,0,0,0,0,0,0,3312,3011,3011,3011,3312,0,0,0,0,0,0,0,0,0,0,0,3011,3011,4732,0,0,0,0,0,0,0,6624,3011,3011,3011,3011,3011,3011,3011,3011,3011,3011,3011,3011,3011,3312,3312,0,0,0,0,0,0,0,3011,3011,2548,2548,2548,3312,0,0,0,0,0,0,0,3011,2548,2548,2548,2548,2548,2548,2548,2548,2760,2760,2760,2548,2548,2548,2548,2548,2548,2548,2548,2548,2548,2548,2548,2548,2548,2548,2548,2548,0,0,0,0,0,0,0,0,0,0,0,0,0,0,0,0,0,0,0,0,0,0,0,0,0,0,0,0,0,0,0,4732,4732,8280,8280,8280,8280,8280,0,0,8280,8280,8280,4732,8280,4732,4732,4732,2208,2208,2208,2070,2070,2070,2070,2070,2208,2208,2208,2208,2208,2208,2208,2208,2208,2208,2208,2208,2208,2208,2208,2208,2208,2208,2366,2208,2208,2070,2070,2070,2070,2070,2070,2070,2070,2070,2070,2070
705,705,705,705,705,705,705,705,720,705,705,705,705,705,705,705,705,720,720,720,720,720,720,720,720,720,720,720,720,720,736,736,736,736,736,736,736,736,736,736,736,736,736,736,736,736,736,753,753,753,753,753,753,753,753,753,753,753,753,753,753,753,753,753,753,753,753,753,753,753,771,771,771,771,771,771,789,0,0,808,789,789,789,789,789,789,789,789,789,789,808,808,808,808,808,789,789,789,808,808,808,808,808,808,808,808,808,808,808,808,808,808,828,828,828,828,828,828,828,828,828,828,828,828,828,828,828,828,828,828,828,828,828,828,828,828,828,828,850,850,850,850,850,850,850,850,850,850,850,850,850,872,872,872,896,896,896,896,896,896,896,896,896,896,896,896,896,896,896,896,896,896,896,896,896,920,920,920,920,920,947,947,947,947,920,920,920,920,947,947,947,947,947,947,947,947,947,947,947,947,947,975,975,975,975,975,975,975,975,975,975,975,975,975,1004,1004,1004,1004,1004,1004,1004,1004,872,872,850,771,771,753,753,753,753,753,753,753,753,753,753,753,753,753,753,753,753,753,753,753,753,753,753,753,753,753,753,753,771,771,771,789,771,753,753,753,753,753,753,753,753,753,753,753,753,753,753,753,753,753,753,753,753,753,753,753,753,753,753,753,753,753,753,753,753,753,753,771,771,771,771,771,771,771,771,789,789,789,872,0,0,0,0,0,872,872,872,872,872,872,872,872,850,850,850,850,850,872,872,872,872,872,872,896,3011,0,0,0,0,0,3011,3011,2366,808,808,808,808,808,808,808,808,808,808,808,808,808,789,789,789,771,771,771,771,771,771,771,789,771,771,771,771,771,771,771,771,771,771,753,753,753,753,753,753,753,753,753,753,753,753,753,753,753,753,753,753,753,753,753,753,753,753,753,753,753,753,753,753,753,753,753,753,753,753,753,753,753,753,753,753,753,753,753,753,753,753,753,771,771,771,771,771,771,431,431,414,414,425,0,431,431,0,1004,1004,1035,0,0,0,0,0,0,0,0,0,0,0,0,0,0,0,0,0,0,0,0,0,3312,3312,3312,3312,3312,8280,0,0,0,0,0,0,0,0,0,0,3312,3312,3312,0,0,0,0,0,0,0,6624,3312,3312,3011,3011,3011,3011,3011,3011,3011,3011,3011,3011,3011,3312,0,0,0,0,0,0,0,0,0,0,0,3011,0,0,0,0,0,0,0,0,0,3011,3011,3011,2760,2548,2548,2548,2548,2548,2760,2760,2760,2760,2548,2548,2548,2548,2548,2548,2548,2548,2548,2548,2548,2548,2548,2548,2548,0,0,0,0,0,0,0,0,0,0,0,0,0,0,0,0,0,0,0,0,0,0,0,0,0,0,0,0,0,4732,4732,4732,4732,4732,4732,4732,4732,8280,8280,8280,4732,8280,8280,4732,4732,4732,4732,4732,4732,2208,2208,2208,2208,2070,2070,2070,2208,2208,2208,2208,2208,2208,2208,2208,2208,2208,2208,2208,2208,2208,2208,2208,2208,2208,2208,2208,2208,2208,2208,2208,2070,2070,2070,2070,2070,2070,2070,2070,2070
705,705,705,705,705,705,705,705,720,705,705,705,705,705,705,705,720,720,720,720,720,720,720,720,720,720,720,720,720,720,736,736,736,736,736,736,736,736,736,736,736,736,736,736,736,736,736,736,753,753,753,753,753,753,753,753,753,753,753,753,753,753,753,753,753,753,753,753,753,753,771,771,771,771,789,789,789,0,0,808,789,789,789,789,789,789,789,789,789,789,808,808,808,808,808,789,789,789,808,808,808,808,808,808,808,808,808,808,808,808,808,828,828,828,828,828,828,828,828,828,828,828,828,828,828,828,828,828,828,828,828,828,828,828,828,828,828,828,850,850,850,850,850,850,850,850,850,850,850,850,850,872,872,872,896,896,896,896,896,896,896,896,896,896,896,896,896,896,896,896,896,896,896,896,896,920,920,920,920,947,947,947,947,947,947,920,947,920,947,947,947,947,947,947,947,947,947,947,947,947,975,975,975,975,975,975,975,975,975,975,975,975,975,975,1004,1004,1004,1004,1004,1004,1004,1004,872,872,789,771,753,753,753,753,753,753,753,753,753,753,753,753,753,753,753,753,753,753,753,753,753,753,753,753,753,753,753,753,753,771,771,789,753,753,753,753,753,753,753,753,753,753,753,753,753,753,753,753,753,753,753,753,753,753,753,753,753,753,753,753,753,753,753,753,753,753,753,771,771,771,771,771,771,771,771,789,789,789,850,0,0,0,0,0,872,872,872,872,872,872,872,872,872,850,850,850,850,872,872,872,872,872,872,896,3011,0,0,0,0,0,0,3011,808,808,808,808,808,808,808,808,808,808,808,808,808,808,789,789,789,771,771,771,771,771,771,771,789,771,771,789,789,789,789,789,771,771,771,753,753,753,753,753,753,753,753,753,753,753,753,753,753,753,753,753,753,753,753,753,753,753,753,753,753,753,753,753,753,753,753,753,753,753,753,753,753,753,753,753,753,753,753,753,753,753,753,753,753,771,771,771,771,771,431,431,431,425,425,0,425,431,0,0,1004,1035,0,1069,0,0,0,0,0,0,0,0,0,0,0,0,0,0,0,0,0,0,0,0,3312,3312,3312,3680,0,0,0,0,0,0,0,0,0,0,4732,3312,3312,3680,0,0,0,0,0,0,0,3312,3312,3312,3011,3011,3011,3011,3011,3011,3011,3011,3011,3011,3011,3312,3312,0,0,0,0,0,0,0,3011,0,0,3011,0,0,0,0,0,0,0,0,0,0,3011,3011,2760,2548,2548,2548,2548,2548,2760,2760,2760,2548,2548,2548,2548,2548,2548,2548,2548,2548,2548,2548,2548,2548,2548,2548,0,0,0,0,0,0,0,0,0,0,0,0,0,0,0,0,0,0,0,0,0,0,0,0,0,4732,4732,4732,4732,4732,4732,4732,4732,4732,4732,4732,4732,4732,4732,4732,4732,4732,4732,4732,4732,4732,8280,4732,4732,4732,2208,2208,2208,2208,2070,2070,2070,2208,2208,2208,2208,2208,2208,2208,2208,2208,2208,2208,2208,2208,2208,2208,2208,2208,2208,2208,2208,2208,2208,2208,2208,2208,2208,2208,2208,2208,2208,2208,2208,2208
690,690,690,690,690,705,705,705,720,705,705,705,705,705,705,705,720,720,720,720,720,720,720,720,720,720,720,720,720,720,736,736,736,736,736,736,736,736,736,736,736,736,736,736,736,736,736,736,736,753,753,753,753,753,753,753,753,753,753,753,753,753,753,753,753,753,753,753,753,771,771,789,789,789,789,789,789,0,0,808,789,789,789,789,789,789,789,789,789,789,789,808,808,808,789,789,789,789,808,808,808,808,808,808,808,808,808,808,808,808,808,808,828,828,828,828,828,828,828,828,828,828,828,828,828,828,828,828,828,828,828,828,828,828,828,828,828,850,850,850,850,850,850,850,850,850,850,850,850,850,872,872,872,872,896,896,896,896,896,896,896,896,896,896,896,896,896,896,896,896,896,896,896,896,896,896,920,920,947,947,975,947,947,947,947,947,947,947,947,947,947,947,947,947,947,947,947,947,947,947,975,975,975,975,975,975,975,975,975,975,975,975,975,975,1004,1004,1004,1004,1004,1004,1004,1004,872,872,789,771,753,753,753,753,753,753,753,753,753,753,753,753,753,753,753,753,753,753,753,753,753,753,753,753,753,753,753,753,753,771,753,771,753,753,753,753,753,753,753,753,753,753,753,753,753,753,753,753,753,753,753,753,753,753,753,753,753,753,753,753,753,753,753,753,753,753,753,753,771,771,771,771,771,771,771,771,789,789,789,0,0,0,0,0,0,872,872,872,872,872,872,872,872,872,850,850,872,872,872,872,872,872,872,896,3011,0,0,0,0,0,0,3011,3011,808,808,808,808,808,808,808,808,808,808,808,808,808,789,789,771,771,771,771,771,789,789,789,789,789,789,872,872,872,872,896,896,872,771,753,753,753,753,753,753,753,753,753,753,753,753,753,753,753,753,753,753,753,753,753,753,753,753,753,753,753,753,753,753,753,753,753,753,753,753,753,753,753,753,753,753,753,753,753,753,753,771,771,771,771,771,771,771,771,431,431,425,425,425,0,431,0,0,0,1004,0,0,0,0,0,0,0,0,0,0,0,0,0,0,0,0,0,0,0,0,0,0,0,3312,4140,3680,4140,0,0,0,0,0,0,0,0,0,4732,4140,3680,3680,4140,0,0,0,0,0,0,0,8280,3312,3312,3312,3011,3011,3011,3011,3011,3011,3011,3011,3011,3011,3312,3312,0,0,0,0,0,0,0,3011,3011,0,0,0,0,0,0,0,0,0,0,0,4732,3011,3011,2760,2548,2548,2548,2548,2548,2548,2548,2548,2548,2548,2548,2548,2548,2548,2548,2548,2548,2548,2548,2548,2548,2548,2548,0,0,0,0,0,0,0,0,0,0,0,0,0,0,0,0,0,0,0,0,0,0,0,0,0,0,4732,4732,4732,4732,4732,4732,4732,4732,4732,4732,4732,4732,4732,4732,4732,4732,4732,4732,4732,4732,0,0,4732,2208,2208,2208,2208,2208,2208,2208,2208,2208,2208,2208,2208,2208,2208,2208,2208,2208,2208,2208,2208,2208,2208,2208,2208,2208,2208,2208,2208,2208,2208,2208,2208,2208,2208,2208,2208,2208,2208,2208,2208,2208
690,690,690,690,690,690,705,705,705,705,705,705,705,705,705,705,720,720,720,720,720,720,720,720,720,720,720,720,720,720,736,736,736,736,736,736,736,736,736,736,736,736,736,736,736,736,736,736,753,753,753,753,753,753,753,753,753,753,753,753,753,753,753,753,753,753,753,753,753,771,771,771,771,789,789,789,789,789,789,789,789,789,789,789,789,789,789,789,789,789,789,789,789,789,789,789,789,789,789,808,808,808,808,808,808,808,808,808,808,808,808,808,828,828,828,828,808,828,828,828,828,828,828,828,828,828,828,828,828,828,828,828,828,828,828,828,828,850,850,850,850,850,850,850,850,850,850,850,850,872,872,872,872,872,872,896,896,896,896,896,896,896,896,896,896,896,896,896,896,896,896,896,896,896,896,896,896,920,920,947,947,947,947,947,947,947,947,947,947,947,947,947,947,947,947,947,947,947,947,947,947,975,975,975,975,975,975,975,975,975,975,975,975,975,1004,1004,1004,1004,1004,1004,1004,872,872,789,789,771,771,753,753,753,753,753,753,753,753,753,753,753,753,753,753,753,753,753,753,753,753,753,753,753,753,753,753,753,753,789,771,789,753,753,753,753,753,753,753,753,753,753,753,753,753,753,753,753,753,753,753,753,753,753,753,753,753,753,753,753,753,753,753,753,753,753,753,771,771,771,771,771,771,771,771,789,789,789,808,0,0,0,0,0,872,872,872,872,872,872,872,872,872,872,850,850,872,872,872,872,872,872,872,896,3011,0,0,0,0,3011,3011,3011,3011,3011,808,808,808,808,808,808,808,808,808,808,808,808,789,789,771,771,771,771,789,789,789,789,789,789,789,789,789,789,789,789,789,789,771,753,753,753,753,753,753,753,753,753,753,753,753,753,753,753,753,753,753,753,753,753,753,753,753,753,753,753,753,753,753,753,753,753,753,753,753,753,753,753,753,753,753,753,753,753,753,771,771,771,771,771,771,771,771,431,425,431,425,425,425,431,425,0,0,0,0,0,0,0,0,0,0,0,0,0,0,0,0,0,0,0,0,0,0,0,0,0,0,0,0,0,4140,4140,0,0,0,0,0,0,0,0,0,4732,4732,4140,4140,4732,0,0,0,0,0,8280,8280,8280,8280,8280,3312,3011,3011,3011,3011,3011,3011,3011,3011,3011,3011,3312,3312,4732,0,0,0,0,0,3011,2760,3011,0,3011,0,0,0,0,0,0,0,0,0,0,3011,2760,2760,2548,2548,2548,2548,2548,2548,2760,2760,2548,2548,2548,2548,2548,2548,2548,2548,2548,2548,2548,2548,2548,2548,0,0,0,0,0,0,0,0,0,0,0,0,0,0,0,0,0,0,0,0,0,0,0,0,0,0,0,0,0,4732,0,4732,4732,4732,4732,4732,4732,4732,4732,4732,4732,4732,4732,4732,4732,4732,4732,4732,4732,4732,2208,2208,2208,2208,2208,2208,2208,2208,2208,2208,2208,2208,2208,2208,2208,2208,2208,2208,2208,2208,2208,2208,2208,2208,2208,2208,2208,2366,2208,2208,2208,2208,2208,2208,2208,2208,2208,2208,2208,2208,2208
690,690,690,690,690,690,690,705,705,705,705,705,705,705,705,705,720,720,720,720,720,720,720,720,720,720,720,720,720,720,736,736,736,736,736,736,736,736,736,736,736,736,736,736,736,736,736,753,753,753,753,753,753,753,753,753,753,753,753,753,753,753,753,753,753,753,753,753,753,771,771,771,771,789,789,789,789,789,789,789,789,789,789,789,789,789,789,789,789,789,789,789,789,789,789,789,789,789,789,808,808,808,808,808,808,808,808,808,808,808,808,828,828,828,828,828,828,828,828,828,828,828,828,828,828,828,828,828,828,828,828,828,828,828,828,828,828,850,850,850,850,850,850,850,850,850,850,850,850,872,872,872,872,872,872,896,896,896,896,896,896,896,896,896,896,896,896,896,896,896,896,896,896,896,896,896,896,896,920,947,947,947,947,920,920,920,947,947,947,947,947,947,947,947,947,947,947,947,947,947,947,975,975,975,975,975,975,975,975,975,975,975,975,975,1004,1004,1004,1004,1004,1004,1004,872,872,789,789,771,771,753,753,753,753,753,753,753,753,753,753,753,753,753,753,753,753,753,753,753,753,753,753,753,753,753,753,753,771,789,789,789,753,753,753,753,753,753,753,753,753,753,753,753,753,753,753,753,753,753,753,753,753,753,753,753,753,753,753,753,753,753,753,753,753,753,771,789,789,789,771,771,771,771,771,789,789,789,808,808,0,0,0,0,872,872,872,872,872,872,872,872,872,872,850,850,872,872,872,872,872,872,896,3011,3011,3011,3312,3312,3011,3011,3011,3011,3011,3011,3011,808,808,808,808,789,789,789,789,789,789,789,789,789,771,771,771,771,789,789,789,789,789,789,789,789,789,789,789,789,789,789,771,753,753,753,753,753,753,753,753,753,753,753,753,753,753,753,753,753,753,753,753,753,753,753,753,753,753,753,753,753,753,753,753,753,753,753,753,753,753,753,753,753,753,753,753,753,753,771,771,771,771,771,771,771,753,425,425,431,0,0,0,0,0,0,0,0,0,0,0,0,0,0,0,0,0,0,0,0,0,0,0,0,0,0,0,0,0,0,0,0,0,4140,3680,4140,0,0,0,0,0,0,0,11040,0,4732,4732,4732,4732,0,0,0,0,0,8280,8280,0,8280,0,8280,3312,3011,3011,3011,3011,3011,3011,3011,3011,3011,3011,3312,3312,4732,0,0,0,0,3011,2760,2760,2760,3011,2760,0,0,0,0,0,0,0,0,0,0,3011,2760,2760,2548,2548,2548,2548,2548,2548,2760,2760,2548,2548,2548,2548,2548,2548,2548,2548,2548,2548,2548,2548,2548,2548,0,0,0,0,0,0,0,0,0,0,0,0,0,0,0,0,0,0,0,0,0,0,0,0,0,0,0,0,0,0,0,0,4732,4732,4732,4732,4732,4732,4732,4732,4732,4732,4732,4732,4732,4732,4732,0,0,4732,2366,2208,2208,2208,2208,2208,2208,2208,2208,2208,2208,2208,2208,2208,2208,2208,2208,2208,2208,2208,2208,2208,2208,2208,2208,2208,2208,2366,2366,2208,2208,2208,2208,2208,2208,2208,2208,2208,2208,2208,2208
690,690,690,690,690,690,690,705,705,705,705,705,705,705,705,705,720,720,720,720,720,720,720,720,720,720,720,720,720,720,736,736,736,736,736,736,736,736,736,736,736,736,736,736,736,736,753,753,753,753,753,753,753,753,753,753,753,753,753,753,753,753,753,753,771,771,771,771,771,771,771,771,771,771,771,771,789,789,789,789,789,789,789,789,789,789,789,789,789,789,789,789,789,789,789,789,789,789,789,808,808,808,808,808,808,808,828,828,828,828,828,828,828,828,828,828,828,828,828,828,828,828,828,828,828,828,828,828,828,828,828,828,828,828,828,828,850,850,850,850,850,850,850,850,850,850,850,850,850,872,872,872,872,872,872,872,872,872,896,872,896,896,896,896,896,896,896,896,896,896,896,896,896,896,896,896,896,896,920,947,947,947,920,920,920,920,920,920,947,947,947,947,947,947,947,947,947,947,947,947,947,975,975,975,975,975,975,975,975,975,975,975,975,975,1004,1004,1004,1004,1004,1004,1004,872,872,789,789,771,771,771,753,753,753,753,753,753,753,753,753,753,753,753,753,753,753,753,753,753,753,753,753,753,753,753,753,753,789,789,789,789,753,753,753,753,753,753,753,753,753,753,753,753,753,753,753,753,753,753,753,753,789,753,753,753,753,753,753,753,753,753,753,753,753,753,771,789,789,789,771,771,771,771,771,789,789,789,808,850,0,0,0,0,872,872,872,872,872,872,872,872,872,872,850,850,872,872,872,872,872,896,896,3011,3011,3011,3011,3011,3011,3011,3011,3011,3011,3011,3011,3011,808,808,789,789,789,789,789,789,789,789,789,789,771,771,771,771,789,789,789,789,789,771,789,789,789,789,789,789,789,789,771,753,753,753,753,753,753,753,753,753,753,753,753,753,753,753,753,753,753,753,753,753,753,753,753,753,753,753,753,753,753,753,753,753,753,753,753,753,753,753,753,753,753,753,753,753,753,771,771,771,771,771,771,753,753,425,425,425,425,425,425,0,0,0,0,0,0,0,0,0,0,0,0,0,0,0,1744,0,0,0,0,0,0,0,0,0,0,0,0,0,0,0,4140,4140,0,0,0,0,0,0,11040,4732,0,4732,4732,0,0,0,0,5520,0,8280,8280,8280,0,8280,0,0,0,3011,3011,3011,3011,3011,3011,3011,3011,3011,3011,3312,3312,3680,4732,0,2548,0,2760,2760,2760,2760,2760,2760,0,0,0,0,0,0,0,0,0,0,2760,2548,2548,2548,2548,2548,2548,2548,2548,2760,2760,2548,2548,2548,2548,2548,2548,2548,2548,2548,2548,2548,2548,2548,2548,2548,0,0,0,0,0,0,0,0,0,0,0,0,0,0,0,0,0,0,0,0,0,0,0,0,0,0,0,0,0,0,0,0,0,4732,4732,4732,4732,4732,0,0,4732,4732,4732,4732,4732,4732,4732,4732,2366,2366,2208,2208,2208,2208,2208,2208,2208,2208,2208,2208,2208,2208,2208,2208,2208,2208,2208,2208,2208,2208,2208,2208,2208,2208,2208,2208,2366,2208,2208,2208,2208,2208,2208,2208,2208,2208,2208,2208,2208,2208
690,690,690,690,690,690,690,705,705,705,705,705,705,705,705,705,720,720,720,720,720,720,720,720,720,720,720,720,720,720,736,736,736,736,736,736,736,736,736,736,736,736,736,736,736,736,736,753,753,753,753,753,753,753,753,753,753,753,753,753,753,753,753,753,753,753,771,771,771,771,771,771,771,771,771,771,789,789,789,789,789,789,789,789,789,789,789,789,808,808,808,808,808,808,808,789,789,789,808,808,808,808,808,808,808,808,828,828,828,828,828,828,828,828,828,828,828,828,828,828,828,828,828,828,828,828,828,828,828,828,828,828,828,828,828,828,850,850,850,850,850,850,850,850,850,850,850,872,872,872,872,872,872,872,872,872,872,872,896,896,896,896,896,896,896,896,896,896,896,896,896,896,896,896,896,896,896,896,920,920,920,920,920,920,920,920,920,920,920,920,947,947,947,947,947,947,947,947,947,947,947,947,975,975,975,975,975,975,975,975,975,975,975,1004,1004,1004,1004,1004,1004,1004,1004,872,872,789,789,771,771,771,771,753,753,753,753,753,753,753,753,753,753,753,753,753,753,753,753,753,753,753,753,753,753,753,753,771,789,789,789,789,771,753,753,753,753,753,753,753,753,753,753,771,771,753,753,753,753,753,753,753,771,771,753,753,753,753,753,753,753,753,753,753,753,753,771,789,789,789,771,771,771,771,771,789,789,808,808,872,0,0,0,0,872,872,872,872,872,872,872,872,872,872,850,850,872,872,872,872,872,896,896,3011,3011,3011,3011,3011,3011,3011,3011,3011,3011,3011,3011,3011,828,808,789,789,789,789,789,789,789,789,789,789,771,771,771,789,789,789,789,789,789,789,789,789,789,789,771,771,753,753,753,753,753,753,753,753,753,753,753,753,753,753,753,753,753,753,753,753,736,736,736,753,753,753,753,753,753,753,753,753,753,753,753,753,753,753,753,753,753,753,753,753,753,753,753,753,771,771,771,771,771,771,771,753,425,425,425,425,425,414,0,0,0,0,0,0,0,0,0,0,0,0,0,1227,1440,0,1744,0,0,0,0,0,0,1744,0,0,0,0,0,0,3312,4140,4140,4140,0,0,0,0,0,0,11040,4732,4732,4732,4732,4732,5520,0,0,4732,0,6624,6624,8280,8280,8280,0,8280,3011,3011,3011,3011,3011,3011,3011,3011,3011,3011,3011,3011,3011,3312,2760,2760,2548,2760,2760,2760,2760,2760,2760,2760,0,3312,0,0,0,0,0,0,0,2760,2760,2548,2548,2548,2548,2548,2548,2548,2548,2760,2760,2548,2548,2548,2548,2548,2548,2548,2548,2548,2548,2548,2548,2548,2548,2548,0,0,0,0,0,0,0,0,0,0,0,0,3312,0,0,0,0,0,0,0,0,0,0,0,0,0,0,0,0,0,0,0,0,4732,4732,8280,0,0,0,0,0,4732,0,4732,4732,4732,4732,4732,4732,2366,2366,2208,2366,2208,2208,2208,2208,2208,2208,2208,2208,2208,2208,2208,2208,2208,2208,2208,2208,2208,2208,2208,2208,2208,2208,2208,2366,2208,2208,2208,2208,2208,2208,2208,2208,2208,2208,2208,2208,2208
690,690,690,690,690,690,690,705,705,705,705,705,705,705,705,720,720,720,720,720,720,720,720,720,720,720,720,720,720,720,736,736,736,736,736,736,736,736,736,736,736,736,736,736,736,736,753,753,753,753,753,753,753,753,753,753,753,753,753,753,753,753,753,753,753,753,771,771,771,771,771,771,771,771,771,771,771,771,771,789,789,789,789,789,789,789,789,789,808,808,808,808,808,808,808,808,808,808,808,808,808,808,808,808,808,808,828,828,828,828,828,828,828,828,828,828,828,828,828,828,828,828,828,828,828,828,828,828,828,828,828,828,828,828,828,850,850,850,850,850,850,850,850,850,850,850,850,872,872,872,872,872,872,872,872,872,872,872,896,896,896,896,896,896,896,896,896,896,896,896,896,896,896,896,896,896,896,896,920,920,920,920,920,920,920,920,920,920,920,920,947,947,947,947,947,947,947,947,947,947,947,947,947,975,975,975,975,975,975,975,975,975,975,1004,1004,1004,1004,1004,1004,1004,1004,872,872,789,789,771,771,771,771,771,771,771,771,771,771,771,753,753,753,753,753,753,753,753,753,753,753,753,753,771,771,771,771,789,789,789,789,789,789,753,753,753,753,753,771,753,771,753,771,771,789,753,789,771,771,771,771,771,771,771,771,771,753,753,753,753,753,753,753,753,753,771,771,789,789,789,771,771,771,771,771,789,789,808,828,0,0,0,0,0,872,872,872,872,872,872,872,872,872,872,850,850,872,872,872,872,872,896,3011,3011,3011,3011,3011,3011,3011,3011,3011,3011,3011,3011,3011,3011,828,808,808,789,789,789,789,789,789,789,789,789,789,789,789,789,789,789,789,789,789,789,789,789,771,771,753,753,753,753,753,753,753,753,753,753,753,753,753,753,753,753,753,753,753,753,753,753,753,753,753,753,753,753,753,753,753,753,753,753,753,753,753,753,753,753,753,753,753,753,753,753,753,753,753,753,753,771,771,753,753,753,753,753,425,425,425,425,425,395,0,0,0,0,0,0,0,0,0,0,0,0,0,0,1440,0,0,0,0,0,0,0,0,0,0,0,0,0,0,0,0,4140,3680,3680,6624,0,0,0,0,0,0,4732,4732,4140,4732,4732,4732,5520,5520,4732,6624,6624,6624,8280,8280,8280,8280,3312,3011,3011,3011,3011,3011,3011,3011,3011,3011,3011,3312,3680,3312,3680,3680,2760,2760,0,2760,2760,2760,2760,0,0,0,0,0,3680,0,0,0,0,0,2760,2760,2760,2760,2760,2548,2548,2760,2548,2760,2760,2760,2760,2760,2548,2548,2548,2548,2548,2548,2548,2548,2548,2548,2548,2548,2548,0,0,0,0,0,0,0,0,0,0,0,0,0,0,0,0,0,0,0,0,0,0,0,0,0,0,0,0,0,0,0,0,0,0,0,0,0,0,0,0,0,4732,0,4732,4732,4732,4732,4732,4732,4140,4140,2366,2366,2366,2366,2366,2208,2208,2208,2208,2208,2208,2208,2208,2208,2208,2208,2208,2208,2208,2208,2208,2208,2208,2208,2208,2366,2208,2208,2208,2208,2208,2208,2208,2208,2208,2208,2208,2208,2208
690,690,690,690,690,690,705,705,705,705,705,705,705,705,705,705,720,720,720,720,720,720,720,720,720,720,720,720,720,720,720,736,736,736,736,736,736,736,736,736,736,736,736,736,736,736,753,753,753,753,753,753,753,753,753,753,753,753,753,753,753,753,753,753,771,771,771,771,771,771,771,771,771,771,771,771,789,789,789,789,789,789,789,789,789,789,789,808,808,808,808,808,808,808,808,808,808,808,808,808,808,808,808,808,808,808,808,808,808,828,828,828,828,828,828,828,808,828,828,828,828,828,828,828,828,828,828,828,828,828,828,828,828,828,828,850,850,850,850,850,850,850,850,850,850,850,850,850,872,872,872,872,872,872,872,872,872,872,896,896,896,896,896,896,896,896,896,896,896,896,896,896,896,896,896,896,896,920,920,920,920,920,920,920,920,920,947,920,947,947,947,947,947,947,947,947,947,947,947,947,947,947,947,975,975,975,975,975,975,975,975,975,975,1004,1004,1004,1004,1004,1004,1004,1004,872,872,789,789,771,771,771,771,771,771,771,771,771,771,771,753,753,753,753,753,771,771,771,753,753,753,771,771,789,789,0,771,789,789,789,789,789,789,753,753,753,771,771,771,771,771,753,771,789,789,753,789,771,771,771,771,771,771,771,771,771,753,753,753,753,753,753,753,753,753,771,771,789,789,789,771,771,771,771,771,789,789,808,0,0,0,0,0,0,0,872,872,872,872,872,872,872,872,872,872,872,872,872,872,872,872,896,896,3011,3011,3011,3011,3011,3011,3011,3011,3011,3011,3011,3011,3011,828,808,808,808,808,808,808,789,789,789,789,789,789,789,789,789,789,789,789,789,789,789,789,771,771,771,753,753,753,753,753,753,753,753,753,753,753,753,753,753,753,753,753,753,753,753,753,753,753,753,753,753,753,753,753,753,753,753,753,753,753,753,753,753,753,753,753,753,753,753,753,753,753,753,753,753,753,771,771,753,753,753,753,753,425,425,425,425,425,425,0,0,0,0,0,0,0,0,0,0,0,0,0,0,1440,1440,0,0,0,0,0,0,0,0,0,0,0,0,0,0,0,0,4140,4140,0,0,0,0,0,0,0,0,4732,4140,4732,3680,4732,4732,4732,4732,5520,6624,6624,8280,8280,8280,8280,3312,3011,3011,3011,3011,3011,3011,3011,3011,3011,3011,3011,3312,3312,3312,3011,2760,2760,0,2760,2760,2760,3011,0,3680,0,0,0,3680,0,0,0,0,0,2760,2760,2760,2760,2760,2760,2548,2760,2548,2760,2760,2760,2760,2760,2548,2548,2548,2548,2548,2548,2548,2548,2548,2548,2548,2548,2548,2548,2548,0,0,0,0,0,0,0,0,0,0,0,0,0,0,0,0,0,0,0,0,0,0,0,0,0,0,0,0,0,0,0,0,0,0,0,0,0,0,4732,4732,4732,4732,4732,4732,4732,4732,4732,4732,4732,4732,2366,2366,2366,2366,2366,2208,2208,2208,2208,2208,2208,2208,2208,2208,2208,2208,2208,2208,2208,2208,2208,2208,2208,2208,2208,2208,2208,2208,2208,2208,2208,2208,2208,2208,2208,2208,2208,2208
690,690,690,690,690,690,705,705,705,705,705,705,705,705,705,705,720,720,720,720,720,720,720,720,720,720,720,720,720,720,720,736,736,736,736,736,736,736,736,736,736,736,736,736,736,736,753,753,753,753,753,753,753,753,753,753,753,753,753,753,753,753,753,771,771,771,771,771,771,771,771,771,771,771,771,771,771,771,771,789,789,789,789,789,789,789,789,789,789,789,808,808,808,808,808,808,808,808,808,808,808,808,808,808,808,808,808,808,808,808,828,828,828,828,828,828,808,828,828,828,828,828,828,828,828,828,828,828,828,828,828,828,828,828,850,850,850,850,850,850,850,850,850,850,850,850,850,872,872,872,872,872,872,872,872,872,872,872,872,872,896,896,896,896,896,896,896,896,896,896,896,896,896,896,896,896,896,920,920,920,920,920,920,920,920,920,947,947,947,947,947,947,947,947,947,947,947,947,947,947,947,947,975,975,975,975,975,975,975,975,975,975,975,1004,1004,1004,1004,1004,1004,1004,1004,872,872,789,771,771,771,771,771,771,771,771,771,771,771,789,789,789,771,771,771,771,771,771,771,753,753,771,771,771,771,789,771,789,771,789,789,789,789,789,771,771,771,771,771,771,789,771,771,789,789,771,0,0,789,789,789,789,789,789,789,789,771,753,753,753,753,753,753,753,753,753,771,789,789,789,771,771,771,771,789,789,0,0,0,0,0,0,0,0,0,0,0,872,872,872,872,872,872,872,872,872,872,872,872,872,872,896,896,3011,3011,3011,3011,3011,3011,3011,3011,3011,3011,3011,3011,3011,828,808,808,808,808,808,808,789,789,789,789,789,789,789,789,789,789,789,789,789,789,789,789,789,771,771,753,753,753,753,753,753,753,753,753,753,753,753,753,753,753,753,753,753,753,753,753,753,753,753,753,753,753,753,753,753,753,753,753,753,753,753,753,753,753,753,753,753,753,753,753,753,753,753,753,753,753,753,753,753,753,753,753,753,425,425,425,425,414,409,0,0,0,0,0,0,0,0,0,0,0,0,0,0,0,0,0,0,0,0,0,0,0,0,0,0,0,0,0,0,0,0,0,4140,0,0,0,0,0,0,0,0,4140,3680,3680,3680,3680,3680,4732,4732,5520,6624,6624,8280,8280,8280,8280,8280,3312,3011,3011,3011,3011,3011,3011,3011,3011,3011,3312,3680,3680,3312,3680,2760,2760,0,0,0,0,0,0,0,0,0,0,4732,0,0,0,0,0,0,2760,2760,2760,2760,2760,2760,2760,2760,2760,2760,2760,2760,2760,2760,2548,2548,2548,2548,2548,2548,2548,2548,2548,2548,2548,2548,2548,2548,0,0,0,0,0,0,0,0,0,0,0,0,1506,1506,0,0,0,0,0,0,0,0,0,0,0,0,0,0,0,0,0,0,0,0,0,0,0,0,0,0,0,4732,4732,4732,4732,4732,4732,0,0,0,4732,2366,2366,2366,2208,2208,2208,2208,2208,2208,2208,2208,2208,2208,2208,2208,2208,2208,2208,2208,2208,2208,2208,2208,2208,2208,2208,2208,2208,2208,2208,2208,2208,2208,2208,2208,2208,2208
690,690,690,690,690,690,690,705,705,705,705,705,705,705,705,705,720,720,720,720,720,720,720,720,720,720,720,720,720,720,720,736,736,736,736,736,736,736,736,736,736,736,736,736,736,736,753,736,753,753,753,753,753,753,753,753,753,753,753,753,753,753,753,771,771,771,771,771,771,771,771,771,771,771,771,771,771,771,771,789,771,789,789,789,789,789,789,789,789,789,789,789,789,808,808,808,808,808,808,808,808,808,808,808,808,808,808,808,808,808,828,828,828,828,828,828,808,828,828,828,828,828,828,828,828,828,828,828,828,828,828,828,828,828,850,850,850,850,850,850,850,850,850,850,850,850,850,872,872,872,872,872,872,872,872,872,872,872,872,872,896,896,896,896,896,896,896,896,896,896,896,896,896,896,896,896,920,920,920,920,920,920,920,920,920,920,947,947,947,947,947,947,947,947,947,947,947,947,947,947,947,947,947,975,975,975,975,975,975,975,975,975,975,975,975,1004,1004,1004,1004,1004,1004,872,872,789,771,771,771,771,771,771,771,771,771,771,771,771,753,771,753,771,753,753,753,753,753,753,753,753,753,753,753,753,753,771,771,789,789,789,771,789,771,771,771,771,771,771,771,771,771,771,771,753,771,771,771,771,771,771,771,771,771,771,753,753,753,753,753,753,753,753,753,753,771,789,789,789,771,771,771,771,0,0,0,0,0,0,0,0,0,0,0,0,0,872,872,872,872,872,872,872,872,872,872,872,872,872,872,896,896,3011,3011,3011,3011,3011,3011,3011,3011,3011,3011,3011,3011,3011,3011,808,808,808,808,808,808,789,789,789,789,789,789,789,789,789,789,789,789,789,789,789,789,789,771,771,753,753,753,753,753,753,753,753,753,753,753,753,753,753,753,736,736,736,753,753,753,753,736,736,736,736,736,753,753,753,753,753,753,753,753,753,753,753,753,753,753,753,753,753,753,753,753,753,753,753,771,771,771,753,771,753,753,753,425,425,425,425,414,414,0,0,0,0,0,0,0,0,0,0,0,0,0,0,0,0,0,0,0,0,0,0,0,0,0,0,0,0,0,0,0,0,0,4140,0,0,0,0,0,0,0,0,4140,3680,3680,3680,3680,3680,4140,4732,6624,8280,8280,8280,8280,8280,8280,8280,3312,3011,3011,3011,3011,3011,3011,3011,3011,3011,3312,3680,3680,3312,3680,3011,2760,0,0,3011,3680,0,0,3011,3680,3680,3680,3680,0,0,0,0,0,2760,2760,2760,2760,2760,2760,2760,2760,2760,2760,2760,2760,2760,2760,2760,2548,2548,2548,2548,2548,2548,2548,2548,2548,2548,2548,2548,2548,2548,2548,0,0,0,0,0,0,0,0,0,0,0,0,1506,0,0,0,0,0,0,0,0,0,0,0,0,0,0,0,0,0,0,0,8280,8280,0,0,0,0,0,0,0,4732,4732,4732,4732,0,0,0,0,4732,2366,2366,2366,2208,2208,2208,2208,2208,2208,2208,2208,2208,2208,2208,2208,2208,2208,2208,2208,2208,2208,2208,2208,2208,2208,2208,2208,2208,2208,2208,2208,2208,2208,2208,2208,2208,2208
690,690,690,690,690,690,690,705,705,705,705,705,705,705,705,705,705,720,720,720,720,720,720,720,720,720,720,720,720,720,720,736,736,736,736,736,736,736,736,736,736,736,736,736,736,736,753,736,753,753,753,753,753,753,753,753,753,753,753,753,753,753,771,771,771,771,771,771,771,771,771,771,771,771,771,771,771,771,771,771,771,771,789,789,789,789,789,789,789,789,789,789,789,789,789,789,808,808,808,808,808,808,808,808,808,808,808,808,808,808,828,828,828,828,828,828,808,828,828,828,828,828,828,828,828,828,828,828,828,828,828,828,828,850,850,850,850,850,850,850,850,850,850,850,850,850,850,872,872,872,872,872,872,872,872,872,872,872,872,872,896,896,896,896,896,896,896,896,896,896,896,896,896,896,896,896,896,920,920,920,920,920,920,920,920,920,947,947,947,947,947,947,947,947,947,947,947,947,947,947,947,947,947,975,975,975,975,975,975,975,975,975,975,975,975,975,1004,1004,1004,1004,975,896,872,789,771,771,771,771,771,771,771,771,771,771,771,789,789,789,771,771,771,771,771,771,771,753,753,753,753,753,753,753,753,771,771,771,789,789,771,771,771,771,771,771,771,771,771,771,771,771,771,753,771,789,771,0,0,0,0,0,0,789,771,753,753,753,753,753,753,753,753,771,771,789,789,789,771,771,771,771,789,0,0,0,0,0,0,0,0,0,0,0,0,872,872,872,872,872,872,872,872,872,872,872,872,872,872,896,896,3011,3011,3011,3011,3011,3011,3011,3011,3011,3011,3011,3011,3011,3011,808,808,808,808,808,808,789,789,789,789,789,789,789,789,789,789,789,789,789,789,789,789,789,771,771,753,753,753,753,753,753,753,753,753,753,753,753,753,753,753,736,736,736,753,753,753,753,753,753,753,753,753,753,753,753,753,753,753,753,753,753,753,753,753,753,753,753,753,753,753,753,753,753,753,753,753,771,771,753,771,771,771,753,425,425,425,425,420,425,0,0,0,0,0,0,1004,1004,1035,0,0,0,0,0,0,0,0,0,0,0,0,0,0,0,0,0,0,0,0,0,0,0,0,4140,4140,0,0,0,0,0,0,0,4140,4140,4140,3680,3680,4140,4140,4140,4140,8280,0,8280,11040,8280,0,11040,8280,3312,3011,3011,3011,3011,3011,3011,3011,3011,3312,3680,3680,3680,3680,0,0,0,0,0,3011,3680,3011,2548,2548,0,0,0,0,0,0,0,0,0,0,0,2760,2760,2760,2760,2760,2760,2760,2760,2760,2760,2760,2760,2548,2548,2548,2548,2548,2548,2548,2548,2548,2548,2548,2548,2548,2548,0,0,0,0,0,0,0,0,0,0,0,0,0,0,0,0,0,3312,0,0,0,0,0,0,0,0,0,0,0,0,0,0,0,0,8280,0,0,0,0,0,0,0,4732,4732,4732,0,0,0,0,0,4732,2366,2366,2208,2208,2208,2208,2208,2208,2208,2208,2208,2208,2208,2208,2208,2208,2208,2208,2208,2208,2208,2366,2208,2208,2208,2208,2208,2208,2208,2208,2208,2208,2208,2208,2208,2208,2208
690,690,690,690,690,690,690,705,705,705,705,705,705,705,705,705,720,720,720,720,720,720,720,720,720,720,720,720,720,720,720,736,736,736,736,736,736,736,736,736,736,736,736,736,736,736,736,736,753,753,753,753,753,753,753,753,753,753,753,753,753,753,771,771,771,771,771,771,771,771,771,771,789,789,789,771,789,771,789,789,789,789,789,789,789,789,789,789,789,789,789,789,789,789,808,808,808,808,808,808,808,808,808,808,808,808,808,808,808,808,808,828,828,828,828,828,808,828,828,828,828,828,828,828,828,828,828,828,828,828,828,828,828,828,850,850,850,850,850,850,850,850,850,850,850,850,850,872,872,872,872,872,872,872,872,872,872,872,872,872,896,896,896,896,896,896,896,896,896,896,896,896,896,896,896,896,896,920,920,920,920,920,920,920,920,920,920,920,947,947,947,947,947,947,947,947,947,947,947,947,947,975,975,975,975,975,975,975,975,975,975,975,975,975,975,1004,1004,1004,1004,1004,975,896,872,789,771,771,771,771,771,753,771,771,771,771,771,771,771,771,771,771,753,771,753,753,753,753,753,753,753,753,753,753,753,753,771,771,771,789,771,771,771,771,771,771,771,753,753,753,771,771,753,753,753,753,771,0,0,771,771,0,0,771,771,753,753,753,753,753,753,753,753,753,771,771,771,771,771,771,771,771,789,0,0,0,0,0,0,0,0,0,0,0,0,872,872,872,872,872,872,872,872,872,872,872,872,872,872,896,896,896,3011,3011,3011,3011,3011,3011,3011,3011,3011,3011,3011,3011,3011,2760,808,808,808,808,789,789,789,789,789,789,789,789,789,789,789,789,789,789,789,789,789,789,771,771,771,753,753,753,753,753,771,771,753,753,753,753,753,753,753,753,736,736,736,753,753,753,753,736,736,736,736,753,753,753,753,753,753,753,753,753,753,753,753,753,753,753,753,753,753,753,753,753,753,771,771,771,771,771,771,771,771,771,771,0,0,0,0,0,0,0,0,0,0,1004,1004,1004,1035,1035,0,1183,0,0,0,0,0,0,0,0,0,0,0,0,0,0,0,0,0,0,0,0,4140,4140,0,0,0,0,0,0,0,0,4140,4140,3680,3680,3680,4140,4140,4732,0,0,0,8280,8280,8280,0,0,11040,3680,3011,3011,3011,3011,3011,3011,3011,3011,3312,3680,3680,3680,3680,0,3011,0,0,2760,2760,2760,2760,2548,2548,2548,0,0,0,0,0,0,0,3011,0,0,2760,2760,2760,2760,2760,2760,2760,2760,2760,2760,2760,2548,2548,2548,2548,2548,2548,2548,2548,2548,2548,2548,2548,2548,2548,2548,2548,0,0,0,0,0,0,0,0,0,0,0,0,0,0,0,0,0,0,0,0,0,0,0,0,0,0,0,0,0,0,0,0,0,0,0,0,0,0,0,0,0,0,0,4732,0,0,0,0,4732,4732,2366,2208,2208,2208,2208,2208,2208,2208,2208,2208,2208,2208,2208,2208,2208,2208,2208,2208,2208,2208,2208,2366,2366,2366,2548,2366,2208,2366,2366,2208,2208,2208,2208,2208,2208,2208,2208
690,690,690,690,690,690,690,705,705,705,705,705,705,705,705,705,720,720,720,720,720,720,720,720,720,720,720,720,720,720,736,736,736,736,736,736,736,736,736,736,736,736,736,736,736,736,736,736,753,753,753,753,753,753,753,753,753,753,753,753,753,753,771,771,771,771,771,771,771,771,771,771,771,771,771,771,771,771,771,771,771,771,789,789,789,789,789,789,789,789,789,789,789,789,808,808,808,808,808,808,808,808,808,808,808,808,808,808,808,808,808,828,828,828,828,828,808,828,828,828,828,828,828,828,828,828,828,828,828,828,828,828,828,828,850,850,850,850,850,850,850,850,850,850,850,850,872,872,872,872,872,872,872,872,872,872,872,872,872,872,896,896,896,896,896,896,896,896,896,896,896,896,896,896,896,896,896,920,920,920,920,920,920,920,920,920,920,920,947,947,947,947,947,947,947,947,947,975,975,975,975,975,975,975,975,975,975,975,975,975,975,975,975,975,975,975,1004,1004,1004,1004,975,920,872,789,771,771,771,771,771,771,771,771,771,771,771,771,771,771,771,771,771,771,771,771,771,771,753,753,753,753,753,753,753,771,771,771,771,771,771,771,771,771,771,771,771,771,771,771,771,771,753,753,753,771,771,0,0,771,771,771,771,771,771,771,753,753,771,753,753,753,771,771,771,771,771,771,771,771,771,771,789,808,0,0,0,0,0,0,0,0,0,0,0,872,872,872,872,872,872,872,872,872,872,872,872,872,872,872,872,896,3011,3011,3011,3011,3312,3011,3011,3011,3011,3011,3011,3011,3011,3011,808,808,808,808,789,789,789,789,789,789,789,789,789,789,789,789,789,789,789,789,789,789,771,771,771,753,753,753,753,753,771,771,753,753,753,753,753,753,753,753,753,753,753,753,753,753,753,736,736,736,736,753,753,753,753,753,753,753,753,753,753,753,753,753,753,753,753,753,753,753,753,753,753,753,771,771,771,771,771,771,771,771,0,0,0,0,0,0,0,0,0,0,0,1004,1004,1004,1035,1035,1035,1183,0,0,0,0,0,0,0,0,0,0,0,0,0,0,0,0,0,0,0,0,3680,3680,4140,0,0,0,0,0,0,11040,4140,4140,4140,4140,4140,4140,4140,0,0,0,0,8280,11040,11040,0,0,0,3680,3011,3011,3011,3011,3011,3011,3011,3011,3312,3680,3680,3680,3680,0,2760,3011,2760,2760,2760,2760,2548,2548,2366,2548,3312,0,0,0,0,0,0,3011,0,0,2760,2760,2760,2760,2760,2760,2760,2760,2760,2760,2760,2548,2548,2548,2548,2548,2548,2548,2548,2548,2548,2548,2548,2548,2548,2548,2548,2548,0,0,0,0,0,0,0,0,0,0,0,0,0,0,0,0,0,0,0,0,0,0,0,0,0,0,0,0,0,0,0,0,0,0,0,0,0,0,0,0,0,0,0,0,0,0,0,4732,2208,2208,2208,2208,2208,2208,2208,2208,2208,2208,2208,2208,2208,2208,2208,2208,2208,2208,2208,2208,2208,2208,2366,2366,2366,2548,2366,2366,2366,2366,2366,2366,2366,2366,2366,2366,2366,2366
690,690,690,690,690,690,690,705,705,705,705,705,705,705,705,705,720,720,736,736,736,736,720,720,720,720,720,720,720,720,736,736,736,736,736,736,736,736,736,736,736,736,736,736,736,736,736,736,753,753,753,753,753,753,753,753,753,753,753,753,753,753,771,771,771,771,771,771,771,771,771,771,771,771,771,771,771,771,771,771,771,771,789,789,789,789,789,789,789,789,789,789,789,789,808,808,808,808,808,808,808,808,808,808,808,808,808,808,808,808,808,808,808,828,828,808,808,808,828,828,828,828,828,828,828,828,828,828,828,828,828,828,828,850,850,850,850,850,850,850,850,850,850,850,850,850,850,872,872,872,872,872,872,872,872,872,872,872,872,872,872,896,896,896,896,896,896,896,896,896,896,896,896,896,896,896,896,920,920,920,920,920,920,920,920,920,920,920,920,920,947,947,947,947,947,947,947,947,947,947,947,975,975,975,975,975,975,975,975,975,975,975,975,975,975,975,1004,1004,1004,1004,975,975,872,789,771,771,771,771,771,771,771,771,771,771,771,771,771,771,771,771,771,771,771,771,771,771,771,753,753,753,753,753,771,771,771,771,771,771,771,771,771,771,771,771,771,771,771,771,771,771,771,771,771,771,771,771,771,771,771,771,771,771,771,771,753,753,753,753,753,753,771,771,771,771,771,771,771,771,771,771,789,789,808,808,0,0,0,0,0,0,0,0,0,872,872,872,872,872,872,872,872,872,872,872,872,872,872,872,872,872,3011,3011,3011,3312,3312,3312,3312,3312,3312,3011,3011,0,3011,3011,828,808,808,808,808,789,789,789,789,789,789,789,789,789,789,789,789,789,808,789,789,789,789,771,771,753,753,753,753,753,753,753,753,753,753,753,753,753,753,753,736,736,736,753,753,753,753,736,736,736,753,753,753,753,753,753,753,753,753,753,753,753,753,753,753,753,753,753,753,753,753,753,753,753,771,771,771,771,771,771,771,771,0,0,0,0,0,0,0,0,0,0,0,0,1004,1035,1035,1035,1069,0,0,0,0,0,0,0,0,0,0,0,0,0,0,0,0,0,0,0,0,0,3680,3680,4140,0,0,0,0,0,0,0,0,4140,4140,4140,4140,4140,0,0,0,0,0,0,0,0,0,11040,11040,3312,3011,3011,3011,3011,3011,3011,3011,3011,3011,3312,3312,3680,3680,0,2760,0,3011,2760,2760,2760,2548,2548,2366,2548,3312,0,0,0,0,0,0,3011,3011,3011,2760,2760,2760,2760,2760,2760,2760,2760,2760,2760,2760,2548,2548,2548,2548,2548,2548,2548,2548,2548,2548,2548,2548,2548,2548,2548,2548,0,0,0,0,0,0,0,0,0,0,0,0,0,0,0,0,0,0,0,0,0,0,0,0,0,3312,0,0,0,0,0,4732,0,8280,0,0,0,0,0,0,0,0,0,4732,0,0,0,4732,2208,2208,2208,2208,2208,2208,2208,2208,2208,2208,2208,2208,2208,2208,2208,2208,2208,2208,2208,2208,2208,2208,2208,2366,2366,2366,2548,2366,2366,2366,2366,2366,2366,2366,2366,2366,2366,2366,2366
690,690,690,690,690,690,705,705,705,705,705,705,705,705,705,705,720,736,736,736,736,736,736,720,720,720,720,720,736,736,736,736,736,736,736,736,736,736,736,736,736,736,736,736,736,736,736,736,753,753,753,753,753,753,753,753,753,753,753,753,753,753,753,771,771,771,771,771,771,771,771,771,771,771,771,771,771,771,789,789,789,789,789,789,789,789,789,789,789,789,789,789,789,789,808,808,808,808,808,808,808,808,808,808,808,808,808,808,808,808,808,808,808,828,828,808,808,808,828,828,828,828,828,828,828,828,828,828,828,828,828,828,850,850,850,850,850,850,850,850,850,850,850,850,850,850,850,872,872,872,872,872,872,872,872,872,872,872,872,872,872,872,896,896,896,896,896,896,896,896,896,896,896,896,896,896,896,920,920,920,920,920,920,920,920,920,920,920,920,920,947,947,947,947,947,947,947,947,947,947,947,975,975,975,975,975,975,975,975,975,975,975,975,975,975,975,1004,1004,1004,1004,1004,1004,872,872,771,771,771,771,771,771,771,771,771,771,771,771,771,771,771,771,771,771,771,771,771,771,771,753,753,753,771,753,771,771,771,771,771,789,771,771,771,771,771,771,771,771,771,771,771,771,771,771,771,771,771,771,771,771,771,771,771,771,771,753,753,753,753,753,753,753,753,771,771,771,771,771,771,771,771,771,771,789,789,789,808,0,0,0,0,0,0,0,872,872,872,872,872,872,872,872,872,872,872,872,872,872,872,872,872,872,872,872,3011,3312,3312,3312,0,0,0,0,0,0,0,3011,828,828,808,808,808,808,789,789,789,789,789,789,789,789,808,808,808,808,808,808,808,789,789,771,771,771,771,753,753,753,753,753,753,753,753,753,753,753,753,753,753,753,753,753,753,753,753,753,753,753,753,753,753,753,753,753,753,753,753,753,753,753,753,753,753,753,753,753,753,753,753,753,753,753,771,771,771,771,771,771,771,0,0,0,0,0,0,0,0,0,0,0,0,0,0,0,0,0,0,0,0,0,0,0,0,0,0,0,1744,0,0,0,0,0,0,0,0,0,3680,3680,3680,3680,4140,0,0,0,0,0,0,0,4140,4140,4140,4140,4140,0,0,0,0,0,0,8280,0,0,0,0,11040,3312,3011,3011,3011,3011,3011,3011,3011,3011,3011,3312,3312,3680,0,0,0,0,3011,2760,2760,2760,2548,2548,2548,3312,0,0,0,0,0,0,0,3011,0,0,2760,2760,2760,2760,2760,2760,2760,2760,2760,2760,2760,2548,2548,2548,2548,2548,2548,2548,2548,2548,2548,2548,2548,2548,2548,2548,2548,0,0,0,0,0,0,0,0,0,0,0,0,0,0,0,0,0,0,0,0,0,0,0,0,0,3312,0,0,4732,4732,0,4732,0,0,0,0,0,0,0,0,0,0,0,0,0,0,0,0,4732,2208,2208,2208,2208,2208,2208,2208,2208,2208,2208,2208,2208,2208,2208,2208,2208,2208,2208,2208,2208,2208,2208,2366,2366,2366,2548,2760,2366,2366,2366,2366,2366,2366,2366,2366,2366,2366,2366
690,690,690,690,705,705,705,705,705,705,705,705,705,705,705,705,720,736,736,736,736,736,720,720,720,720,720,720,720,720,736,736,736,736,736,736,736,736,736,736,736,736,736,736,736,736,736,736,753,753,753,753,753,753,753,753,753,753,753,753,753,753,753,753,771,771,771,771,771,771,771,771,771,771,771,771,771,771,771,771,771,771,789,789,789,789,789,789,789,789,789,789,789,808,808,808,808,808,808,808,808,808,808,808,808,808,808,808,808,808,808,808,808,828,828,808,808,808,828,808,828,828,828,828,828,828,828,828,828,828,828,828,828,850,850,850,850,850,850,850,850,850,850,850,850,850,850,872,872,872,872,872,872,872,872,872,872,872,872,872,872,872,896,896,896,896,896,896,896,896,896,896,896,896,896,896,896,896,920,920,920,920,920,920,920,920,920,920,920,920,947,947,947,947,947,947,947,947,947,947,947,975,975,975,975,975,975,975,975,975,975,975,975,975,975,1004,1004,1004,1004,1004,1004,1004,896,872,789,771,771,771,771,753,753,771,753,753,753,753,753,753,771,771,771,771,771,753,753,753,753,753,753,753,753,753,753,771,771,771,771,789,771,771,771,771,771,753,753,753,753,753,771,771,771,771,771,753,771,771,771,771,771,771,771,771,771,753,753,753,753,753,753,753,753,753,753,771,771,771,771,771,771,771,789,789,789,808,0,0,0,0,0,0,0,896,872,872,872,872,872,872,872,872,872,872,872,872,872,872,872,872,872,872,872,872,872,3312,0,0,0,0,0,0,0,0,0,3011,850,828,828,808,808,808,789,789,789,789,789,808,808,808,808,808,828,828,828,828,808,808,808,789,808,808,828,1004,1035,1069,0,1104,1104,753,753,753,753,753,753,736,736,736,736,753,753,753,753,753,736,736,736,736,736,753,753,753,753,753,753,753,753,753,753,753,753,753,753,753,753,753,753,753,753,771,771,771,771,771,771,771,771,0,0,0,0,0,0,0,0,0,0,0,0,0,0,0,0,0,0,0,0,0,0,0,0,0,0,0,0,0,0,0,0,0,0,0,0,0,3312,3312,3680,3680,5520,0,0,0,0,0,0,0,5520,5520,5520,4732,5520,0,0,0,0,0,0,8280,11040,11040,0,11040,11040,3312,3011,3011,3011,3011,3011,3011,3011,3011,3011,3312,3312,3680,0,0,0,0,0,3011,2548,2760,2548,2548,2548,0,0,0,0,0,0,0,0,3011,8280,0,2760,2760,2760,2548,2760,2760,2760,2760,2760,2760,2548,2548,2548,2548,2548,2548,2548,2548,2548,2548,2548,2548,2548,2548,2548,2548,2548,2548,0,0,0,0,0,0,0,0,0,0,0,0,0,0,0,0,0,0,0,0,0,0,0,0,3312,0,4732,0,0,0,4732,0,0,0,0,0,0,0,0,0,0,0,0,0,0,0,4732,2208,2208,2208,2208,2208,2208,2208,2208,2208,2208,2208,2208,2208,2208,2208,2208,2208,2208,2208,2208,2208,2208,2208,2366,2366,2366,2548,2366,2366,2366,2366,2366,2208,2208,2366,2366,2366,2366,2366
690,690,690,705,705,705,705,705,705,705,705,705,705,705,705,705,720,720,720,736,720,720,720,720,720,720,720,720,720,720,736,736,736,736,736,736,736,736,736,736,736,736,736,736,736,736,753,753,753,753,753,753,753,753,753,753,753,753,753,753,753,753,753,753,753,771,771,771,771,771,771,771,771,771,771,771,771,771,771,771,771,771,771,789,789,789,789,789,789,789,789,789,789,808,808,808,808,808,808,808,808,808,808,808,808,808,808,808,808,808,808,808,828,828,828,828,808,828,828,828,828,828,828,828,828,828,828,828,828,828,828,828,828,850,850,850,850,850,850,850,850,850,850,850,850,850,872,872,872,872,872,872,872,872,872,872,872,872,872,872,872,872,896,896,896,896,896,896,896,896,896,896,896,896,896,896,896,920,920,920,920,920,920,920,920,920,920,920,920,920,920,920,920,947,947,947,947,947,947,947,947,947,947,947,975,975,975,975,975,975,975,975,975,975,975,975,1004,1004,1004,1004,1004,975,896,896,872,771,771,771,771,753,753,771,753,753,753,753,753,753,753,771,771,771,771,771,753,753,771,753,753,753,753,753,753,771,771,771,771,771,771,771,771,753,771,753,753,753,753,753,771,771,771,771,771,771,771,771,771,771,771,771,771,771,771,753,753,753,753,753,753,753,753,753,771,771,771,771,771,771,771,771,789,789,808,0,0,0,0,0,0,0,0,872,872,872,872,872,872,872,872,872,872,872,872,872,872,872,872,872,872,872,872,872,872,3011,0,0,0,0,0,0,0,0,0,0,3011,828,828,828,828,808,808,808,808,808,808,808,828,828,828,828,828,828,828,828,828,828,828,828,828,828,828,1004,1035,1069,0,1069,1069,753,753,753,753,753,753,736,736,736,736,736,753,753,736,736,736,736,736,736,736,736,753,753,736,736,753,753,753,753,753,753,753,753,753,753,753,753,753,753,753,753,771,771,771,771,771,0,0,0,0,0,0,0,0,0,0,0,0,0,0,0,0,0,0,0,0,0,0,0,0,0,0,0,0,0,0,0,0,0,0,0,0,0,0,0,3312,3312,3680,3680,5520,5520,5520,0,0,5520,5520,5520,5520,4140,4140,4140,5520,0,0,0,0,0,0,0,0,0,0,11040,5520,3312,3011,3011,3011,3011,3011,3011,3011,3011,3312,3312,3312,3680,0,0,3011,0,2760,2760,2548,2760,2548,2548,2548,0,0,0,0,0,11040,11040,3011,2760,2760,2548,2548,2548,2548,2548,2760,2548,2760,2760,2760,2548,2548,2548,2548,2548,2548,2548,2548,2548,2548,2548,2548,2548,2548,2548,2548,2548,2548,2548,0,0,0,0,0,0,0,0,0,0,0,0,0,0,0,0,0,3312,0,0,0,0,0,3312,3312,3312,3312,3312,3312,3312,3312,4732,4732,0,0,0,0,0,0,0,0,0,0,0,0,0,2366,2208,2208,2208,2208,2208,2208,2208,2208,2208,2208,2208,2208,2208,2208,2208,2208,2208,2208,2208,2208,2208,2208,2208,2366,2366,2366,2548,2366,2208,2208,2208,2208,2208,2208,2208,2366,2208,2208,2208
690,690,705,705,705,705,705,705,720,705,720,720,705,705,705,705,720,720,720,736,720,720,720,720,720,720,720,720,720,720,736,736,736,736,736,736,736,736,736,736,736,736,736,736,736,736,753,753,753,753,753,753,753,753,753,753,753,753,753,753,753,753,753,753,753,771,771,771,771,771,771,771,771,771,771,771,771,771,771,771,771,771,789,789,789,789,789,789,789,789,789,789,789,789,808,808,789,808,808,808,808,808,808,808,808,808,808,808,808,808,808,808,828,828,828,828,828,828,828,828,828,828,828,828,828,828,828,850,828,828,828,828,828,850,850,850,850,850,850,850,850,850,850,850,850,850,850,872,872,872,872,872,872,872,872,872,872,872,872,872,872,872,896,896,896,896,896,896,896,896,896,896,896,896,896,896,920,920,920,920,920,920,920,920,920,920,920,920,920,920,920,920,920,947,947,947,947,947,947,947,947,947,947,947,947,947,975,975,975,975,975,975,975,947,975,975,1004,0,0,1004,975,896,896,896,872,771,771,771,753,753,753,753,753,753,753,736,736,736,736,753,753,753,771,753,753,753,753,753,753,753,753,753,753,753,771,753,771,771,753,753,753,753,753,753,753,753,753,753,753,753,753,753,771,753,753,753,753,753,753,753,753,753,753,753,753,753,753,753,753,753,753,753,753,771,789,789,771,771,771,771,771,789,0,0,0,0,0,0,0,0,0,872,872,872,872,872,872,872,872,872,872,872,872,872,872,872,872,872,872,872,872,872,872,3011,0,0,0,0,0,0,0,0,0,0,0,0,828,828,828,808,808,808,808,808,828,828,828,828,828,828,828,828,828,828,828,828,828,828,828,0,0,0,0,0,0,0,1104,753,753,753,753,753,736,736,736,736,736,736,736,753,736,736,736,736,736,736,736,736,736,736,736,736,736,753,753,753,753,753,753,753,753,753,753,753,753,753,753,753,753,771,771,771,0,0,0,0,0,0,0,0,0,0,0,0,0,0,0,0,0,0,0,0,0,0,0,0,0,0,0,0,0,0,0,0,0,0,0,0,0,0,0,0,3312,3312,3312,3680,5520,5520,5520,5520,5520,5520,5520,5520,4732,4140,4140,4140,4732,5520,5520,5520,0,0,0,0,0,0,0,0,5520,3312,3011,3011,3011,3011,3011,3011,3011,3011,3011,3312,3011,3680,0,0,0,0,2548,2760,2548,2548,2548,2548,2548,0,0,0,0,11040,2548,2548,2548,2548,2548,2548,2548,2548,2548,2548,2548,2548,2760,2760,2760,2548,2548,2548,2548,2548,2548,2548,2548,2548,2548,2548,2548,2548,2548,2548,2548,2548,2548,2548,0,0,0,0,0,0,0,0,0,0,0,0,0,0,0,0,3312,3312,0,0,0,0,0,3312,3312,3312,3312,3312,3312,3312,3312,0,0,0,0,0,0,0,0,0,0,0,0,0,0,0,2208,2208,2208,2208,2208,2208,2208,2208,2208,2208,2208,2208,2208,2208,2208,2208,2208,2208,2208,2208,2208,2208,2208,2208,2366,2366,2366,2548,2760,2208,2208,2208,2208,2208,2208,2208,8280,2208,2208,2208
690,690,705,705,705,705,705,705,720,720,720,720,720,705,720,720,720,720,720,720,720,720,720,720,720,720,720,720,720,720,736,736,736,736,736,736,736,736,736,736,736,736,736,736,736,753,753,753,753,753,753,753,753,753,753,753,753,753,753,753,753,753,753,753,753,771,771,771,771,771,771,771,771,771,771,771,789,771,789,789,789,789,789,789,789,789,789,789,789,789,789,789,789,808,808,808,808,808,808,808,808,808,808,808,808,808,808,808,808,808,808,828,828,828,828,828,828,828,828,828,828,828,828,828,828,828,828,828,828,828,828,828,828,828,850,850,850,850,850,850,850,850,850,850,850,850,872,872,872,872,872,872,872,872,872,872,872,872,872,872,872,872,896,896,896,896,896,896,896,896,896,896,896,896,896,896,920,920,920,920,920,920,920,920,920,920,920,920,920,920,920,920,947,947,947,947,947,947,947,947,947,947,947,947,947,947,947,947,947,947,975,947,920,920,920,920,0,0,0,1004,920,896,896,896,872,789,771,753,753,753,753,753,753,753,736,736,736,736,736,736,753,753,753,753,753,753,753,736,736,736,753,753,753,753,753,753,753,753,753,753,753,753,753,753,753,753,736,753,753,753,753,753,753,753,753,753,753,753,753,753,753,753,753,753,753,753,753,753,753,753,753,753,753,753,789,789,771,771,771,771,789,789,0,0,0,0,0,0,0,0,0,872,872,872,872,872,872,872,872,872,872,872,872,872,872,872,872,872,872,872,872,872,872,4732,0,0,0,0,0,0,0,0,0,0,0,0,850,828,828,828,828,808,828,828,828,828,828,828,828,828,828,828,828,828,828,828,828,828,828,0,0,0,0,0,0,0,1104,771,771,753,753,753,736,736,736,736,736,736,753,753,736,736,736,736,736,736,736,736,736,736,736,736,736,753,753,753,753,753,753,753,753,753,753,753,753,753,753,771,771,771,771,6624,0,0,0,0,0,0,0,0,0,0,0,0,0,0,0,0,0,0,0,0,0,0,0,0,0,0,0,0,0,0,0,0,0,0,0,0,0,0,0,5520,3312,3312,3312,3680,5520,5520,5520,5520,5520,5520,4732,4732,4140,4140,4140,4732,5520,5520,5520,5520,0,0,0,0,0,0,0,0,0,3312,3011,3011,3011,3011,3011,3011,3011,3011,3011,3011,3011,0,0,3011,2548,2760,2548,2548,2548,2548,2548,2548,2548,2548,2548,11040,11040,11040,2548,2548,2548,2548,2548,2548,2548,2548,2548,2548,2548,2548,2760,2760,2548,2548,2548,2548,2548,2548,2548,2548,2548,2548,2548,2548,2548,2548,2548,2548,2548,2548,2548,2548,2548,2548,0,0,0,0,0,0,0,0,0,0,0,0,3011,3011,2366,2366,3011,2366,3011,0,0,3312,3312,3312,3312,3312,3312,3312,3312,0,0,0,0,0,0,0,0,0,0,0,0,0,0,0,2208,2208,2208,2208,2208,2208,2208,2208,2208,2208,2208,2208,2208,2208,2208,2208,2208,2208,2208,2208,2208,2208,2208,2208,2366,2366,2548,2760,0,0,0,0,8280,6624,8280,16560,0,0,0,0
690,690,690,705,705,705,705,705,720,720,720,720,720,720,720,720,720,720,720,720,720,720,720,720,720,720,720,720,720,720,736,736,736,736,736,736,736,736,736,736,736,736,736,736,736,753,753,753,753,753,753,753,753,753,753,753,753,753,753,753,753,753,753,771,771,771,771,771,771,771,771,771,789,789,771,789,789,789,789,789,789,789,789,789,789,789,789,789,789,789,789,789,789,789,808,808,789,808,808,808,808,808,808,808,808,808,808,808,808,808,808,828,828,828,828,828,828,828,828,828,828,828,828,828,828,828,828,828,828,828,828,828,828,828,828,850,850,850,850,850,850,850,850,850,850,872,872,872,872,872,872,872,872,872,872,872,872,872,872,872,872,896,896,896,896,896,896,896,896,896,896,896,896,896,896,896,920,920,920,920,920,920,920,920,920,920,920,920,920,920,920,920,947,947,947,947,947,947,947,947,947,947,947,947,947,947,947,947,947,947,947,920,896,872,896,896,896,920,896,896,896,896,896,896,896,872,771,753,753,753,753,753,736,736,736,736,736,736,736,736,736,736,753,736,736,736,736,736,736,736,736,736,736,753,753,753,753,753,736,736,736,753,753,753,753,753,736,736,736,736,736,736,736,736,736,736,753,753,736,753,753,736,753,753,753,753,753,753,736,736,753,753,753,753,789,789,771,771,771,771,789,789,0,0,0,0,0,0,0,0,0,872,872,872,872,872,872,872,872,872,872,872,872,872,872,872,872,872,872,872,872,872,872,4732,0,0,0,0,0,0,0,0,0,0,0,0,850,828,828,828,828,808,828,828,828,828,828,828,828,828,828,828,828,828,828,828,828,828,828,828,0,0,0,0,0,771,753,753,753,753,753,736,736,736,736,736,736,736,736,736,736,736,736,736,736,736,736,736,736,736,736,736,736,753,753,753,753,753,753,753,753,753,753,753,753,753,771,771,771,771,0,0,0,0,0,0,0,0,0,0,0,0,0,0,0,0,0,0,0,0,0,0,0,0,0,0,0,0,0,2760,2760,2760,0,0,0,0,0,0,0,0,0,5520,3312,3312,3680,5520,0,5520,5520,5520,5520,5520,4732,4732,4732,4732,5520,5520,5520,5520,5520,5520,5520,0,0,0,0,0,0,0,5520,3011,3011,3011,3011,3011,3011,3011,3011,3011,3011,3011,3011,3680,3011,2548,2548,2548,2548,2548,2548,2548,2548,2548,2548,2548,11040,11040,11040,0,2548,2548,2548,2548,2548,2548,2548,2548,2548,2548,2548,2548,2760,2760,2548,2548,2548,2548,2548,2548,2548,2548,2548,2548,2548,2548,2548,2548,2548,2548,2548,2548,2548,2548,2548,2548,2548,2548,2548,2548,0,0,0,0,0,3312,3312,2548,2548,2366,2366,2366,2366,2366,2366,3011,3011,3011,3011,3312,3312,3312,3312,3312,3312,0,0,0,0,0,0,0,4732,0,0,0,0,0,0,0,2208,2208,2208,2208,2208,2208,2208,2208,2208,2208,2208,2208,2208,2208,2208,2208,2208,2208,2208,2208,2208,2208,2208,2208,2366,2366,2366,2760,2760,2366,0,6624,2208,2208,2208,8280,0,0,0,0
690,690,690,690,705,720,720,720,1325,720,720,720,720,720,720,720,720,720,720,720,720,720,720,720,720,720,720,720,720,736,736,736,736,736,736,736,736,736,736,736,736,736,736,753,753,753,753,753,753,753,753,753,753,753,753,753,753,753,753,753,753,753,771,771,771,771,771,771,771,771,789,789,789,789,789,789,789,789,789,789,789,789,789,789,789,789,789,789,789,789,789,789,789,789,789,789,789,808,808,808,808,808,808,808,808,808,808,808,808,808,808,828,828,828,828,828,828,828,828,828,828,828,828,828,828,828,850,850,828,828,828,828,828,828,850,850,850,850,850,850,850,850,850,850,850,850,872,872,872,872,872,872,872,872,872,872,872,872,872,872,896,896,896,896,896,896,896,896,896,896,896,896,896,896,920,920,920,920,920,920,920,920,920,920,920,920,920,920,920,920,947,947,947,947,947,947,947,947,947,947,947,947,947,947,947,947,947,947,947,920,920,896,872,872,896,896,896,896,896,896,896,896,896,896,896,872,771,753,753,753,753,753,753,736,736,736,736,736,736,736,753,753,753,753,753,753,736,736,736,736,736,736,753,753,753,753,753,753,736,736,736,753,753,753,753,753,736,753,736,736,736,753,736,753,753,736,753,736,736,753,753,736,753,753,753,753,753,753,753,753,753,753,753,753,789,789,771,771,771,771,789,789,0,0,0,0,0,0,0,0,0,872,872,872,872,872,872,872,872,872,872,872,872,872,872,872,872,872,872,872,872,3011,3011,0,0,0,0,0,0,0,0,0,0,0,0,0,6624,850,828,828,808,808,808,808,808,828,828,828,828,828,828,828,828,828,789,771,771,771,771,789,828,0,789,789,771,771,753,753,753,753,753,753,753,736,736,736,736,736,753,753,736,736,736,736,736,736,736,736,753,753,753,753,753,753,753,753,753,753,753,753,753,753,753,753,753,753,771,771,771,771,0,0,0,0,0,0,0,0,0,0,0,0,0,0,0,0,0,0,0,0,0,0,0,0,0,0,0,0,2760,2760,2760,2760,2760,0,0,0,0,0,0,0,0,3011,3312,3312,3312,3680,0,0,0,0,0,5520,4140,4140,4732,5520,0,0,0,0,0,0,0,0,0,0,0,0,0,0,3011,3011,3011,3011,3011,3011,3011,3011,3011,3011,3011,3011,3011,3680,2760,2548,2548,2548,2548,2548,2548,2548,2548,2548,2548,2548,2760,0,0,0,2548,2548,2548,2548,2548,2548,2548,2548,2548,2548,2760,2548,2760,2760,2548,2548,2548,2548,2548,2548,2548,2548,2548,2548,2548,2548,2548,2548,2548,2548,2548,2548,2548,2548,2548,2548,2548,2548,2548,2548,2548,2548,2548,2548,2548,2548,2548,2548,2366,2366,2366,2366,2366,2366,2366,2366,2548,3011,3011,3011,3312,3312,3312,3312,3312,3312,0,0,0,0,0,0,3312,0,0,0,0,0,0,0,2208,2208,2208,2208,2208,2208,2208,2208,2208,2208,2208,2208,2208,2208,2208,2208,2208,2208,2208,2208,2208,2208,2208,2366,2366,2366,2548,2548,2760,2366,2366,2366,2366,2366,2366,8280,33119,0,0,0
690,690,690,690,705,705,720,720,0,1325,720,720,720,720,720,720,720,720,720,720,720,720,720,720,720,720,720,720,736,736,736,736,736,736,736,736,736,753,0,789,736,736,753,753,753,753,753,753,753,753,753,753,753,753,753,753,753,753,753,753,753,771,771,771,771,771,771,771,771,789,789,789,789,789,789,789,789,789,789,789,789,789,789,789,789,789,789,789,789,789,789,789,789,789,789,789,789,808,808,808,808,808,808,808,808,808,808,808,808,808,808,828,828,828,828,828,828,828,828,828,828,828,828,828,828,828,828,828,828,828,828,828,828,828,828,850,850,850,850,850,850,850,850,850,850,850,872,872,872,872,872,872,872,872,872,872,872,872,872,872,896,896,896,896,896,896,896,896,896,896,896,896,896,896,896,896,920,920,920,920,920,920,920,920,920,920,920,920,920,920,947,947,947,947,947,947,947,947,947,947,947,947,947,947,947,947,947,947,947,896,896,896,872,872,896,896,896,896,896,896,896,896,896,896,896,872,771,753,753,753,753,753,753,753,736,736,736,736,753,753,753,753,0,753,753,753,753,736,736,736,736,736,753,753,753,753,753,753,736,736,736,753,753,753,753,753,753,753,753,736,753,753,0,753,753,753,753,753,753,753,753,753,753,753,753,753,753,753,753,753,753,753,753,753,789,789,771,771,771,771,771,789,0,0,0,0,0,0,0,0,0,896,872,872,872,872,872,872,872,872,872,872,872,872,872,872,872,872,872,872,1840,3011,0,0,0,0,0,0,0,0,0,0,0,0,0,6624,6624,6624,828,828,828,808,808,808,808,808,808,808,808,808,808,808,789,771,771,771,771,771,771,771,771,771,771,771,753,753,753,753,753,753,753,753,753,753,753,753,753,753,753,753,753,753,753,753,753,753,753,753,753,753,753,753,753,753,753,753,753,753,753,753,753,753,753,753,753,771,771,771,771,771,0,0,0,0,0,0,0,0,0,0,0,0,0,0,0,0,0,0,0,0,0,0,0,0,0,0,0,0,2760,1656,1656,1744,2760,0,0,0,0,0,0,0,0,3312,3312,3312,3312,3680,3680,0,0,0,5520,4140,4140,4140,5520,0,0,0,0,0,0,0,0,0,0,0,0,0,0,8280,3312,3011,3011,3011,3011,3011,3011,3011,3011,3011,3011,3011,3011,3680,2760,2548,2548,2548,2548,2760,2548,2760,2760,2548,2548,0,0,0,0,0,0,3011,2548,2548,2548,2548,2548,2548,2548,2548,2760,2548,2760,2760,2760,2548,2548,2548,2548,2548,2548,2548,2548,2548,2548,2548,2548,2548,2548,2548,2548,2548,2548,2548,2548,2548,2548,2548,2548,2548,2548,2548,2548,2548,2548,2548,2366,2366,2366,2366,2366,2366,2366,2366,2366,2366,2366,2366,2366,3011,3011,3312,3312,3011,3312,0,0,0,0,0,0,0,0,0,0,0,0,0,0,2208,2208,2208,2208,2208,2208,2208,2208,2208,2208,2208,2208,2208,2208,2208,2208,2208,2208,2208,2208,2208,2208,2208,2208,2366,2366,2366,2548,2548,2366,2366,2366,2366,2366,2366,2366,2366,2366,2366,2366,2366
690,690,690,690,736,736,0,0,0,0,0,0,0,720,720,720,720,720,720,720,720,720,720,720,720,720,720,736,736,736,736,736,736,736,736,736,736,736,789,736,736,736,736,736,753,753,753,753,753,753,771,771,771,753,753,753,753,753,771,771,771,771,771,771,771,771,771,771,771,789,789,789,789,789,789,789,789,789,789,789,789,789,789,789,789,789,789,789,789,789,789,789,789,789,789,789,789,808,808,808,808,808,808,808,808,808,808,808,808,808,808,828,828,828,828,828,828,828,828,828,828,828,828,828,828,828,828,828,828,828,828,828,828,828,828,850,850,850,850,850,850,850,850,850,850,872,872,872,872,872,872,872,872,872,872,872,872,872,872,872,896,896,896,896,896,896,896,896,896,896,896,896,896,896,896,896,896,920,920,920,920,920,920,920,920,920,920,920,920,920,920,920,947,947,947,947,947,947,947,947,947,947,947,947,947,947,920,896,896,872,872,896,896,896,896,896,896,896,896,896,896,896,896,896,896,872,771,753,753,753,753,753,753,753,736,736,736,736,753,753,753,753,753,753,753,753,753,736,736,736,736,736,753,753,753,753,753,753,736,720,720,736,753,753,753,753,753,753,753,753,753,753,736,753,753,753,753,753,753,753,753,789,753,753,753,753,753,753,753,753,753,753,753,753,789,789,789,771,771,771,771,789,789,0,0,0,896,896,896,0,0,896,872,872,872,872,872,872,872,872,872,872,872,872,872,872,872,872,872,872,872,3011,3011,0,0,0,0,0,0,0,0,0,0,0,0,6624,6624,6624,850,828,828,828,828,828,828,808,808,808,789,789,789,789,789,771,771,771,771,771,771,771,771,771,771,771,771,771,753,753,753,753,753,753,753,753,753,753,753,753,753,753,753,753,753,753,753,753,753,753,753,753,753,753,753,753,753,753,753,753,753,753,753,753,753,753,771,771,771,771,771,771,0,0,0,0,0,0,0,0,0,0,0,0,0,0,0,0,0,0,0,0,0,0,0,0,0,0,0,0,0,1578,1578,1744,1744,3312,0,0,0,0,0,0,0,3312,3312,3312,3312,3312,3680,3680,5520,3312,3680,3680,4140,4140,5520,0,0,0,0,0,0,0,0,0,0,0,0,8280,8280,3312,3011,3011,3011,3011,3011,3011,3011,3011,3011,3011,3011,3011,3011,3680,2760,2548,2548,2760,2760,2760,2548,2760,2760,2760,2548,0,0,0,0,0,0,2760,2548,2548,2548,2548,2548,2548,2548,2548,2760,2760,2760,2760,2760,2760,2548,2548,2548,2548,2548,2548,2548,2548,2548,2548,2548,2548,2548,2548,2548,2548,2548,2548,2548,2548,2548,2548,2548,2548,2366,2548,2548,2548,2548,2366,2366,2366,2366,2366,2366,2366,2366,2366,2366,2366,2366,2366,2366,2366,3011,3011,0,3312,0,0,0,0,0,0,0,0,0,0,0,3312,0,3011,2208,2208,2208,2208,2208,2208,2208,2208,2208,2208,2208,2208,2208,2208,2208,2208,2208,2366,2366,2208,2208,2208,2208,2208,2208,2366,2366,2366,2548,2548,2548,2366,2366,2366,2366,2366,2366,2366,2366,2366,2366,2366
690,690,690,690,736,736,0,0,0,0,0,0,0,0,0,0,0,0,0,0,736,736,736,736,736,736,736,736,736,736,736,736,736,736,736,736,736,736,0,0,736,736,736,736,753,753,753,753,753,771,771,771,771,771,771,753,753,771,771,771,771,771,771,771,771,771,771,771,789,789,789,789,789,789,789,789,789,789,789,789,789,789,789,789,789,789,789,789,789,789,789,789,789,789,789,789,789,808,808,808,808,808,808,808,808,808,808,808,808,808,808,808,828,828,828,828,828,828,828,828,828,828,828,828,828,828,828,828,828,828,828,828,828,828,850,850,850,850,850,850,872,872,872,872,872,872,872,872,872,872,872,872,872,872,872,872,872,872,872,872,896,896,896,896,896,896,896,896,896,896,896,896,896,896,896,896,896,920,920,920,920,920,920,920,920,920,920,920,920,920,920,920,920,920,947,920,920,920,947,920,947,947,947,920,920,896,896,872,872,872,896,896,896,896,896,896,896,896,896,896,896,896,896,896,896,872,771,753,753,753,753,753,753,753,753,736,736,736,736,736,753,753,736,753,753,753,753,736,736,736,736,736,753,753,753,753,753,753,736,720,720,736,753,753,0,771,753,753,753,753,753,753,0,0,753,753,753,753,753,789,0,0,789,753,753,753,753,753,753,753,753,753,753,789,789,789,789,771,771,771,771,789,789,0,0,0,896,896,896,0,896,896,872,872,872,872,872,872,872,872,872,872,872,872,872,872,872,872,872,872,872,1840,872,0,0,0,0,0,0,0,0,0,0,8280,8280,6624,6624,6624,850,850,828,828,828,828,828,808,808,808,789,789,789,808,808,789,789,771,771,771,771,771,771,771,771,771,771,771,753,753,753,753,753,753,753,753,753,753,753,753,753,753,753,753,753,753,753,753,753,753,753,753,753,753,753,753,753,753,753,753,753,753,753,753,753,753,771,771,771,771,771,771,0,0,0,0,0,0,0,0,0,0,0,0,0,0,0,0,0,0,0,0,0,0,0,0,0,0,0,0,0,0,1744,1744,0,0,0,0,0,0,0,0,0,0,0,0,3680,3680,3680,3680,5520,3312,3680,3680,0,4732,5520,0,0,0,0,0,0,0,0,0,8280,8280,6624,3312,3312,3011,3011,3011,3011,3011,3011,3011,3011,3011,3011,3011,3011,2760,2760,2760,2548,2548,2548,2760,2760,2760,2548,2760,2760,2760,2760,0,0,0,0,0,2760,2760,2548,2548,2760,2548,2548,2760,2760,2760,2760,2760,2760,2760,2760,2760,2760,2548,2548,2548,2548,2548,2548,2548,2548,2548,2548,2548,2548,2548,2548,2548,2548,2548,2548,2548,2548,2548,2548,2548,2366,2548,2548,2548,2548,2366,2366,2366,2366,2366,2366,2366,2366,2366,2366,2366,2366,2366,2366,2366,2366,0,0,0,0,0,0,0,0,0,0,0,0,0,0,3312,3011,2208,2208,2208,2208,2208,2208,2208,2208,2208,2208,2208,2208,2208,2208,2208,2208,2208,2208,2366,2366,2208,2208,2208,2208,2208,2208,2366,2366,2366,2366,2548,2366,2366,2366,2366,2366,2366,2366,2366,2366,2366,2366,2366
0,0,0,736,736,736,0,0,0,0,0,0,0,0,0,0,0,0,0,0,0,0,736,736,736,736,736,736,736,736,736,736,736,736,736,736,736,736,789,736,736,736,736,736,736,753,753,753,753,771,771,789,789,789,789,771,771,771,771,771,771,771,771,771,771,771,771,771,771,789,789,789,789,789,789,789,789,789,789,789,789,789,789,789,789,789,789,789,789,789,789,789,789,789,789,789,789,789,789,808,808,808,808,808,808,808,808,808,808,808,808,828,828,828,828,828,828,828,828,828,828,828,828,828,828,828,828,828,828,828,828,828,828,828,850,850,850,850,850,850,850,850,850,850,850,872,872,872,872,872,872,872,872,872,872,872,872,872,872,896,896,896,896,896,896,896,896,896,896,896,896,896,896,896,896,896,896,920,920,920,920,920,920,920,920,920,920,920,920,920,920,920,920,920,920,920,920,920,920,920,920,920,920,920,896,896,872,872,872,896,896,896,896,896,896,896,896,896,896,896,896,896,896,896,872,872,771,753,753,753,753,753,753,753,753,736,736,736,736,736,736,736,720,720,753,753,720,736,736,736,736,736,753,753,753,753,753,753,720,720,720,720,736,753,0,771,753,753,753,753,753,753,0,753,720,736,753,736,753,789,789,789,789,753,753,753,753,753,753,753,753,753,753,789,789,789,789,771,771,771,771,789,789,0,0,0,896,896,896,896,896,872,872,872,872,872,872,872,872,872,872,872,872,872,872,872,872,872,872,872,872,3011,0,0,0,0,0,0,0,0,0,0,0,0,0,0,0,6624,6624,850,850,850,828,828,828,808,808,789,789,789,789,808,808,808,789,808,808,808,808,808,808,808,808,808,808,808,808,771,753,753,753,753,753,753,753,753,753,753,753,753,753,753,753,753,753,753,753,753,753,753,753,753,753,753,753,753,753,753,753,753,753,753,753,753,771,771,771,771,771,789,0,0,0,0,0,0,0,0,0,0,0,0,0,0,0,0,0,0,0,0,0,0,0,0,0,0,0,0,0,0,0,0,0,0,0,0,0,0,0,0,0,0,0,3312,3312,3312,3680,3680,5520,3312,3680,3680,0,0,0,0,0,0,0,0,0,0,0,0,0,0,5520,3011,3011,3011,3011,3011,3011,3011,3011,3011,3011,3011,3011,3011,3011,2760,2760,2760,2760,2760,2548,2760,2760,2760,2760,2760,2760,2760,2760,0,0,0,0,2760,2760,2760,2760,2548,2760,2548,2548,2548,2760,2760,2760,2760,2760,2760,2760,2760,2760,2548,2548,2548,2548,2548,2548,2548,2548,2548,2548,2548,2548,2548,2548,2548,2548,2548,2548,2548,2548,2548,2548,2548,2366,2548,2548,2548,2548,2548,2366,2366,2366,2366,2366,2366,2366,2366,2366,2366,2366,2366,2366,2366,2366,2366,3011,3011,3011,3011,3011,0,0,0,0,0,0,3011,3011,2208,2208,2208,2208,2208,2208,2208,2208,2208,2208,2208,2208,2208,2208,2208,2208,2208,2208,2208,2208,2366,2366,2208,2208,2208,2208,2208,2208,2366,2366,2366,2366,2548,2366,2366,2366,2366,2366,2366,2366,2366,2366,2366,2366,2366
0,0,0,720,736,736,736,736,0,0,0,736,0,736,0,0,736,736,736,736,720,736,736,736,736,736,736,736,736,736,736,736,736,736,736,736,736,736,736,736,736,736,736,736,736,753,753,753,753,771,771,771,771,771,771,753,753,753,771,771,771,771,771,771,771,771,771,771,771,789,789,789,789,789,789,789,789,789,789,789,789,789,789,789,789,789,789,789,789,789,789,789,808,808,808,789,789,789,789,808,808,808,808,808,808,808,808,808,808,808,808,808,828,828,828,828,828,828,828,828,828,828,828,828,828,828,828,828,828,828,828,828,828,828,850,850,850,850,850,850,850,850,850,850,872,872,872,872,872,872,872,872,872,872,872,872,872,872,872,896,896,896,896,896,896,896,896,896,896,896,896,896,896,896,896,896,896,896,920,920,920,920,920,920,920,920,920,920,920,920,920,920,920,920,920,920,920,920,920,920,920,920,896,896,872,872,872,872,872,872,896,896,896,872,872,872,872,872,872,896,896,872,872,872,872,872,771,753,753,753,753,753,753,753,736,736,736,736,736,736,720,720,720,720,753,753,720,736,736,736,720,720,753,753,753,771,771,753,720,720,720,720,736,0,0,0,771,753,753,753,720,720,720,720,720,736,736,736,753,789,789,789,789,753,753,753,753,753,753,753,753,753,753,789,789,789,789,771,771,771,771,789,789,0,0,0,0,0,896,0,896,872,872,872,872,872,872,872,872,872,872,872,872,872,872,872,872,872,872,872,872,1840,1840,0,0,0,0,0,0,0,0,0,0,0,0,0,0,0,0,0,850,850,850,850,828,828,808,808,789,789,789,808,808,808,789,808,808,808,808,808,808,808,808,808,808,808,771,771,771,771,771,753,753,753,753,753,753,753,753,753,753,753,753,753,753,753,753,753,753,753,753,753,753,753,753,771,771,771,771,771,771,771,771,771,771,771,771,771,771,789,0,0,0,0,0,0,0,0,0,0,0,0,0,0,0,0,0,5520,0,0,0,0,0,0,0,0,0,0,0,0,0,5520,5520,3312,0,0,0,0,0,0,0,0,0,0,5520,3312,3680,3312,3312,3312,3312,3680,0,4732,3680,0,3680,3680,5520,0,0,0,5520,5520,4732,4732,3011,3011,3011,3011,3011,3011,3011,3011,3011,3011,3011,3011,3011,3011,3011,3011,3011,3312,2760,2760,2760,2760,2760,2760,2760,2760,2760,2760,2760,0,0,0,0,2760,2760,2760,2760,2548,2760,2548,2548,2760,2760,2760,2760,2760,2760,2760,2760,2760,2548,2548,2548,2548,2548,2548,2548,2548,2548,2548,2548,2548,2548,2548,2548,2548,2548,2548,2548,2548,2548,2548,2548,2548,2548,2548,2548,2548,2548,2548,2548,2366,2366,2366,2366,2366,2366,2366,2366,2366,2366,2366,2366,2366,2366,2366,2366,2760,2366,2366,2366,2366,2366,2366,0,2208,2208,2208,2208,2208,2208,2208,2208,2208,2208,2208,2208,2208,2208,2208,2208,2208,2208,2208,2208,2208,2208,2208,2208,2366,2366,2208,2208,2208,2208,2208,2208,2366,2366,2366,2366,2548,2366,2208,2366,2366,2366,2366,2366,2366,2366,2366,2366,2208
0,0,0,720,736,720,720,720,720,720,720,720,720,720,720,720,720,736,0,0,736,736,720,720,736,736,736,736,736,736,736,736,736,736,736,736,736,736,736,736,736,736,736,736,736,753,753,753,753,753,771,771,771,771,771,753,753,753,771,753,771,771,771,771,771,771,771,771,771,771,789,789,789,789,789,789,789,789,789,789,789,808,789,789,789,789,789,789,789,808,808,808,808,808,808,808,789,789,808,808,808,808,808,808,808,808,808,808,808,808,808,808,808,808,828,808,808,808,828,828,828,828,828,828,828,828,828,828,828,828,828,828,828,850,850,850,850,850,850,872,872,872,872,872,872,872,872,872,872,872,872,872,872,872,872,872,872,872,872,896,896,896,896,896,896,896,896,896,896,896,896,896,896,896,896,896,896,896,920,920,920,920,920,920,920,920,920,920,920,920,920,920,920,920,920,920,920,920,920,920,920,920,896,896,896,872,872,896,896,1227,1274,896,896,872,872,872,872,872,872,896,896,872,872,872,872,872,872,753,753,753,753,753,753,736,736,736,736,736,736,736,736,736,720,720,753,753,720,720,720,720,720,720,753,753,771,789,789,771,720,720,720,720,771,0,0,0,0,753,753,753,736,753,720,720,720,736,736,736,736,789,789,789,789,753,753,753,753,753,753,753,753,753,753,789,789,789,789,771,771,771,771,789,789,0,0,0,896,0,896,0,896,872,872,872,872,872,872,872,872,872,872,872,872,872,872,872,872,872,872,872,872,872,872,0,0,0,0,0,0,0,0,0,0,0,0,0,0,0,0,11040,11040,11040,850,850,850,828,808,808,808,789,789,808,808,808,789,808,808,808,808,808,808,808,808,808,808,808,771,771,771,771,771,771,771,771,771,771,771,771,771,771,771,771,771,771,771,753,753,753,753,753,753,753,753,771,771,771,771,771,771,771,771,771,771,771,771,771,771,771,771,1506,0,0,0,0,0,0,0,0,0,0,0,0,0,0,0,0,0,1506,0,0,0,0,0,0,1440,1440,0,0,0,0,5520,1578,1578,1578,1744,0,0,0,0,0,0,0,0,0,0,5520,0,5520,3312,3312,3312,3680,0,4732,3680,0,3680,3312,3680,5520,4732,5520,5520,5520,4732,3680,3011,3011,3011,3011,3011,3011,3011,3011,3011,3011,3011,3011,3011,3011,3011,3011,3011,3312,3312,3312,3011,3312,3011,3011,2760,2760,2760,2760,0,0,0,0,0,11040,2760,2760,2760,2760,2760,2548,2548,2760,2760,2760,3312,2760,2760,2760,2760,2760,2548,2548,2548,2548,2548,2548,2548,2548,2548,2548,2548,2548,2548,2548,2548,2548,2548,2548,2548,2548,2548,2548,2548,2548,2548,2548,2548,2548,2548,2548,2548,2366,2366,2366,2366,2366,2366,2366,2366,2366,2366,2366,2366,2366,2366,2366,2366,2366,2366,2366,2366,2366,2366,2208,2208,2208,2208,2208,2208,2208,2208,2208,2208,2208,2208,2208,2208,2208,2208,2208,2208,2208,2208,2208,2208,2208,2208,2208,2208,2208,2208,2208,2208,2208,2208,2208,2208,2208,2366,2366,2366,2548,2208,2208,2208,2208,2208,2208,2208,2208,2208,2208,2208,2208
0,720,720,705,720,705,705,705,720,705,720,720,720,705,705,720,720,720,736,736,720,720,720,720,736,736,736,736,736,736,736,736,736,736,736,736,736,736,753,753,736,736,736,736,753,753,753,753,753,753,771,771,771,771,789,771,771,771,771,753,771,771,771,771,771,771,771,771,771,771,789,789,789,789,789,789,789,789,789,789,808,808,808,808,789,789,789,808,808,808,808,808,808,808,808,808,808,808,808,808,808,808,808,808,808,808,808,808,808,808,808,808,808,808,808,808,808,808,828,808,828,828,828,828,828,828,828,828,828,828,828,828,828,828,850,850,850,850,850,850,872,872,850,850,872,872,872,872,872,872,872,872,872,872,872,872,872,872,872,896,896,896,896,896,896,896,896,896,896,896,896,896,896,896,896,896,896,896,920,920,920,920,920,920,920,920,920,920,920,920,920,920,920,920,920,920,920,920,920,920,920,896,896,872,896,872,0,1274,1274,1274,1274,1274,1274,872,872,872,872,872,872,872,872,872,872,872,872,872,771,753,753,753,753,753,753,753,753,736,736,736,736,736,736,736,736,0,789,753,736,736,736,736,736,736,753,753,771,789,789,771,736,736,720,736,771,0,0,0,753,753,753,753,753,753,0,0,736,736,736,736,736,789,789,808,789,753,753,753,753,753,753,753,753,753,753,789,789,789,771,771,771,771,771,789,789,0,872,0,896,0,896,0,0,872,872,872,872,872,872,872,872,872,872,872,872,872,872,872,872,872,872,872,872,3011,0,0,0,0,0,0,0,0,0,0,0,0,0,0,0,0,0,0,0,0,11040,8280,8280,8280,828,808,808,789,789,789,789,789,789,789,789,789,789,789,789,789,789,789,789,789,771,771,771,771,771,771,771,771,771,771,771,771,771,771,771,771,771,771,771,771,771,771,771,771,771,771,771,771,771,771,771,771,771,771,771,771,771,771,771,771,771,771,789,0,0,0,0,0,0,0,0,975,975,0,0,0,0,0,0,0,0,0,0,0,0,0,0,0,1440,1440,1440,1440,1506,1506,1506,1506,1506,1506,1506,1578,1578,0,0,0,0,0,0,0,0,3680,5520,3680,3312,3312,3312,3680,0,4732,3680,4732,3680,3312,3680,3680,3680,3680,3680,4732,3680,3680,3011,3011,3011,3011,3011,3011,3011,3011,3011,3011,3011,3011,3011,3312,3312,3680,3312,3680,3680,3312,3312,3312,3312,3312,3312,3680,3680,4140,0,0,0,11040,0,11040,11040,0,0,8280,8280,2760,2760,2760,0,0,0,0,0,2760,2760,2760,2548,2548,2548,2548,2548,2548,2548,2548,2548,2548,2548,2548,2548,2548,2548,2548,2548,2548,2548,2548,2548,2548,2548,2548,2548,2548,2548,2548,2548,2548,2548,2366,2366,2366,2366,2366,2366,2366,2366,2366,2366,2366,2366,2366,2366,2366,2366,2366,2366,2366,2366,2208,2208,2208,2208,2208,2208,2208,2208,2208,2208,2208,2208,2208,2208,2208,2208,2208,2208,2208,2208,2208,2208,2208,2208,2208,2208,2208,2208,2208,2208,2208,2208,2208,2208,2208,2208,2208,2366,2366,2366,2548,2208,2208,2208,2208,2208,2208,2208,2208,2208,2208,2208,2208
720,705,705,705,705,705,705,705,705,705,705,705,705,705,705,705,720,720,0,0,720,720,720,720,720,736,736,736,736,736,736,736,736,736,736,736,736,736,736,736,736,736,736,736,736,753,753,753,753,753,771,771,771,789,789,0,753,771,771,753,771,771,771,771,771,771,771,771,771,789,789,789,789,789,789,789,789,789,789,789,808,808,808,808,789,808,808,808,808,808,808,808,808,808,808,808,808,808,808,808,808,808,808,808,808,808,808,808,808,808,808,808,808,808,808,808,808,808,828,828,828,828,828,828,828,828,828,828,828,828,828,828,828,850,850,850,850,850,850,872,872,872,872,850,872,872,872,872,872,872,872,872,872,872,872,872,872,872,896,896,896,896,896,896,896,896,896,896,896,896,896,896,896,896,896,896,896,896,920,920,920,920,920,920,920,920,920,920,920,920,920,920,920,920,920,920,920,920,896,896,896,896,896,920,0,0,0,0,0,0,1274,1274,1274,1274,1274,872,872,1274,1274,1274,872,872,872,872,872,872,771,771,753,753,771,753,753,753,736,736,736,736,736,736,736,771,789,789,789,789,789,753,736,736,736,736,753,789,789,828,828,789,771,736,736,753,771,0,771,771,753,753,753,753,753,753,753,789,753,753,753,753,753,789,789,789,789,753,753,753,753,753,753,753,753,753,753,789,789,789,771,771,771,771,771,789,789,872,872,0,896,0,0,0,0,872,872,872,872,872,872,872,872,872,872,872,872,872,872,872,872,872,872,872,3011,3011,0,0,0,0,0,0,0,0,0,0,0,0,0,0,0,0,0,0,0,0,11040,11040,11040,11040,8280,8280,808,789,789,789,789,789,789,771,771,771,771,771,771,789,771,771,771,771,771,771,771,771,771,771,771,771,771,771,771,771,771,771,771,771,771,771,771,771,771,771,771,771,771,771,771,771,771,771,771,771,771,771,771,771,771,771,771,771,771,771,0,0,0,0,0,0,526,0,0,526,526,0,0,0,0,0,0,0,5520,1506,1506,1506,1506,1506,1506,1506,1440,1440,1440,1440,1440,1440,1440,1506,1506,1506,1506,1506,1506,3312,0,0,0,0,0,3680,3680,3312,3680,3680,3312,3312,3312,3680,4140,4140,3680,3680,3312,3312,3312,3680,3680,3680,3680,3680,3680,3680,3312,3011,3011,3011,3011,3011,3011,3011,3011,3011,3011,3011,3312,3312,3312,3680,3312,3680,3680,3312,3312,3312,3312,3312,3680,3680,4140,0,0,0,0,0,0,0,0,0,0,0,0,2760,2760,0,0,0,0,0,0,2760,2760,2548,2548,2548,2548,2548,2548,2548,2548,2548,2548,2548,2548,2548,2548,2548,2548,2548,2548,2548,2548,2548,2548,2366,2548,2366,2366,2366,2366,2366,2366,2366,2366,2366,2366,2366,2366,2366,2366,2366,2366,2366,2366,2366,2366,2366,2366,2366,2366,2366,2366,2366,2366,2366,2366,2208,2208,2208,2208,2208,2208,2208,2208,2208,2208,2208,2208,2208,2208,2208,2208,2208,2208,2208,2208,2208,2208,2208,2208,2208,2208,2208,2208,2208,2208,2208,2208,2208,2208,2366,2366,2366,2548,2548,2208,2208,2208,2208,2208,2208,2208,2208,2208,2208,2208,2208
705,705,705,705,705,705,705,705,705,705,705,705,705,705,705,705,720,720,0,0,720,720,720,720,720,736,0,0,736,736,736,736,736,736,736,736,736,736,753,753,753,753,753,753,753,753,753,753,753,771,771,771,771,771,771,771,771,771,771,771,771,771,771,771,771,771,771,771,771,789,789,789,789,789,789,789,789,789,789,789,808,808,808,808,808,808,808,808,808,808,808,808,808,808,808,808,808,808,808,808,808,808,808,808,808,808,808,808,808,808,808,808,808,808,808,808,808,808,828,828,828,828,828,828,828,828,828,828,828,828,828,828,828,850,850,850,850,850,850,850,872,872,872,872,872,872,872,872,872,872,872,872,872,872,872,872,872,872,896,896,896,896,896,896,896,896,896,896,896,896,896,896,896,896,896,896,896,920,920,920,920,920,920,920,920,920,920,920,920,920,920,920,920,920,920,920,920,920,896,896,896,896,896,896,0,0,0,1274,1274,1274,1274,1274,1274,1274,1274,872,896,1274,1274,1274,1274,872,872,872,872,872,771,771,771,771,771,771,789,771,753,753,753,736,753,771,789,0,0,0,0,0,0,0,0,0,0,0,0,0,789,789,789,789,771,789,771,771,771,0,0,0,789,789,789,0,0,0,0,0,0,0,789,771,771,789,789,789,789,771,753,753,753,753,753,753,753,753,753,789,789,789,771,771,771,771,771,789,789,789,872,0,0,0,0,0,0,0,872,872,872,872,872,872,872,872,872,872,872,872,872,872,872,872,872,872,872,3011,0,0,0,0,0,0,0,0,0,0,0,0,0,0,0,0,11040,11040,11040,0,16560,16560,16560,16560,11040,16560,16560,16560,789,789,789,789,771,771,771,771,771,771,771,771,771,771,771,771,771,771,771,771,771,771,771,771,771,771,771,771,771,771,771,771,771,771,771,771,771,771,771,771,771,771,771,771,771,771,771,771,771,771,771,771,771,771,771,771,771,771,0,0,0,0,0,0,526,535,1183,526,526,0,0,0,0,0,0,0,1506,1506,1506,1506,1506,1506,1506,1506,1506,1440,1440,1440,1440,1440,1440,1506,1506,1506,1506,1506,1506,3312,0,0,0,0,3312,3312,3312,3312,3312,3312,3312,3312,3312,3312,3680,3680,3680,3680,3312,3312,3312,3312,3680,3680,3680,3680,3680,3680,3011,3011,3011,3011,3011,3011,3011,3011,3011,3011,3011,3011,3011,3312,3312,3312,3312,3312,3312,3312,3312,3312,3312,3312,3680,3680,4140,0,0,0,6624,11040,0,0,0,0,0,3011,3011,2760,2760,0,0,0,0,0,3312,2760,2760,2760,2548,2548,2548,2548,2548,2548,2548,2548,2548,2548,2548,2548,2548,2548,2548,2548,2548,2548,2548,2548,2548,2366,2366,2366,2366,2366,2366,2366,2366,2366,2366,2366,2366,2366,2366,2366,2366,2366,2366,2366,2366,2366,2366,2366,2366,2366,2366,2366,2366,2366,2366,2366,2366,2366,2366,2208,2208,2208,2208,2208,2208,2208,2208,2208,2208,2208,2208,2208,2208,2208,2208,2208,2208,2208,2208,2208,2208,2208,2208,2366,2366,2208,2208,2208,2208,2208,2208,2366,2366,2366,2548,2548,2760,2548,0,0,0,0,0,33119,33119,33119,33119,0
705,705,705,705,705,705,705,705,705,705,705,705,705,705,705,705,705,720,0,0,720,720,720,720,720,736,0,0,736,736,736,736,736,736,736,736,736,753,753,753,753,753,753,753,753,753,753,753,753,753,753,771,771,771,771,753,753,771,771,771,771,771,771,771,771,771,771,771,771,771,771,789,789,789,789,789,789,789,789,808,808,808,808,808,808,808,808,808,808,808,808,808,808,808,808,808,808,808,808,808,808,808,808,808,808,808,808,808,808,808,808,808,808,808,808,808,808,828,828,828,828,828,828,828,828,828,828,828,828,828,828,828,828,850,850,850,850,850,850,850,872,872,872,872,872,872,872,872,872,872,872,872,872,872,872,872,872,872,896,896,896,896,896,896,896,896,896,896,896,896,896,896,896,896,896,896,896,920,920,920,920,920,920,920,920,920,920,920,920,920,920,920,920,920,920,920,920,920,920,896,896,896,0,0,0,0,0,0,0,0,0,0,0,1274,1274,1274,1274,1274,0,0,0,0,1274,872,872,872,771,771,771,771,771,771,789,771,771,771,771,771,771,789,0,0,0,0,789,789,789,0,0,0,0,0,0,0,0,789,789,789,789,789,771,771,771,771,771,0,789,0,0,0,0,0,0,0,0,0,0,0,789,789,789,808,789,789,753,753,753,753,753,753,753,753,771,789,789,789,771,771,771,771,771,789,808,808,0,0,0,0,0,0,0,0,872,872,872,872,872,872,872,872,872,872,872,872,872,872,872,872,872,872,872,3011,3011,0,0,0,0,0,0,0,0,0,0,0,0,0,8280,8280,8280,11040,11040,0,33119,16560,16560,16560,16560,16560,0,0,0,16560,789,789,771,771,771,771,771,771,771,789,789,789,771,771,771,771,771,771,771,771,771,771,771,771,771,771,771,771,771,771,753,753,753,753,753,753,753,753,753,753,753,771,771,771,771,771,771,771,771,771,771,771,771,771,771,771,0,0,0,0,0,0,535,1143,1183,1143,1183,0,0,0,0,0,0,0,0,1506,1506,1506,1506,1506,1506,2070,0,1440,1440,1440,1506,1440,1506,1506,1506,1506,1506,1506,1506,0,0,0,0,0,3312,3312,3312,3312,3312,3680,3312,3312,3312,3680,3680,3680,3680,3312,3312,3312,3312,3312,3680,3680,3680,3680,3680,3680,3312,3011,3011,3011,3011,3011,3011,3011,3011,3011,3011,3011,3011,3312,3312,3312,3312,3312,3312,3312,3312,3312,3312,3312,3680,3680,3680,4140,3680,3680,3680,3680,4140,4140,4140,4732,8280,3680,3011,2760,2760,2760,3312,3680,0,0,3312,2760,2760,2760,2548,2548,2548,2548,2548,2548,2548,2548,2548,2548,2548,2548,2548,2548,2548,2548,2548,2548,2548,2548,2548,2366,2366,2366,2366,2366,2366,2366,2366,2366,2366,2366,2366,2366,2366,2366,2366,2366,2366,2366,2366,2366,2366,2366,2366,2366,2366,2366,2366,2366,2366,2366,2366,2366,2366,2208,2208,2208,2208,2208,2208,2208,2208,2208,2208,2208,2208,2208,2208,2208,2208,2208,2208,2208,2208,2208,2208,2208,2208,2366,2366,2208,2208,2208,2208,2208,2208,2366,2548,2366,2548,2548,0,0,0,0,0,0,0,0,0,0,0,0
705,705,705,705,705,705,705,705,705,705,705,705,705,705,705,705,705,720,720,720,720,720,720,720,720,720,736,736,736,736,736,736,736,736,736,736,736,753,753,753,753,753,771,753,753,753,753,753,753,771,771,771,0,0,0,0,0,0,828,789,771,771,771,771,771,771,771,771,771,771,789,789,789,789,789,789,789,789,789,808,808,808,808,808,808,808,808,808,808,808,808,808,808,808,808,808,808,808,808,808,808,808,808,828,828,828,828,828,808,808,808,828,828,828,828,828,828,828,828,828,828,828,828,828,828,828,828,828,828,828,828,828,828,828,850,850,850,850,850,850,850,850,850,850,872,872,872,872,872,872,872,872,872,872,872,872,872,872,872,896,896,896,896,896,896,896,896,896,896,896,896,896,896,896,896,896,896,920,920,920,920,920,920,920,920,920,920,920,920,920,920,920,920,947,947,920,920,920,896,896,896,896,0,0,0,0,0,0,0,0,0,0,0,1274,896,872,896,0,0,0,0,1380,872,872,872,872,771,771,771,771,771,789,789,789,771,771,771,771,771,789,0,0,0,0,789,789,789,0,0,0,0,0,0,0,789,789,789,789,789,789,771,771,771,771,771,771,789,789,789,789,0,0,0,0,0,0,0,0,789,789,789,808,789,789,771,753,753,753,753,753,753,753,771,789,789,789,789,771,771,789,789,789,808,808,872,0,0,0,0,0,0,0,872,872,872,872,872,872,872,872,872,872,872,872,872,872,872,872,872,872,872,872,872,3011,0,0,0,0,0,0,0,0,0,0,0,0,0,0,850,872,896,16560,16560,16560,16560,16560,0,0,0,0,0,0,0,789,789,789,771,789,789,789,789,808,789,789,789,789,771,771,771,771,771,753,753,753,753,753,753,753,753,753,753,753,753,753,753,753,753,753,753,753,753,753,753,753,753,771,771,753,771,771,771,771,771,771,771,771,771,771,789,0,0,543,543,543,535,1183,1183,1183,1183,1183,1183,0,0,0,0,0,0,1506,1506,1506,1506,1506,1506,1506,0,1506,1440,1440,1440,1440,1440,1506,1506,1506,1506,0,0,0,0,0,0,0,0,3312,3680,3312,3312,3312,3312,3312,3312,3680,3680,3680,3680,3312,3312,3312,3312,3312,3680,3680,3680,3680,3680,3680,3312,3011,3011,3011,3011,3011,3011,3011,3011,3011,3011,3011,3011,3312,3312,3312,3312,3312,3312,3011,3011,3312,3312,3312,3680,3680,3680,3680,3680,3680,3680,3680,3680,3680,3680,3011,3011,3011,3011,2760,2760,2760,3011,3312,3312,3312,3011,2760,2760,2760,2760,2548,2548,2548,2548,2548,2548,2548,2548,2548,2548,2548,2548,2548,2548,2548,2548,2548,2548,2548,2548,2366,2366,2366,2366,2366,2366,2366,2366,2366,2366,2366,2366,2366,2366,2366,2366,2366,2366,2366,2366,2366,2366,2366,2366,2366,2366,2366,2366,2366,2366,2366,2366,2366,2366,2366,2366,2208,2208,2208,2208,2208,2366,2366,2366,2208,2208,2208,2208,2208,2208,2208,2208,2208,2208,2208,2208,2208,2366,2366,2366,2208,2208,2208,2208,2208,2208,2366,2548,2548,2548,2548,0,0,0,0,0,0,0,0,0,0,0,0
705,705,705,705,705,705,705,705,705,705,705,705,705,705,705,705,705,720,720,720,720,720,720,720,720,720,720,720,736,736,736,736,736,736,736,736,736,736,736,736,736,736,736,736,753,753,753,753,753,771,771,771,771,771,771,771,771,789,789,789,789,771,771,771,771,771,771,771,771,771,789,789,789,789,789,789,789,789,789,789,808,828,828,808,808,808,789,808,808,808,828,828,828,828,808,808,808,808,808,808,828,828,828,850,850,828,828,828,828,828,828,828,828,828,828,828,828,828,828,828,828,828,828,828,850,828,828,828,828,828,828,828,828,850,850,850,850,850,850,872,872,872,872,872,872,872,872,872,872,872,872,872,872,872,872,872,872,872,872,896,896,896,896,896,896,896,896,896,896,896,896,896,896,896,896,896,896,920,920,920,920,920,920,920,920,920,920,920,920,920,920,920,920,947,947,947,947,920,896,896,896,896,896,0,0,0,0,0,0,0,0,0,0,872,872,872,896,896,0,0,0,920,896,872,872,872,771,771,771,771,771,789,789,789,771,0,771,0,789,0,0,0,0,0,789,789,789,0,0,0,0,0,0,0,0,789,789,789,789,789,789,0,771,771,0,0,789,789,789,789,0,0,0,0,0,0,0,0,0,808,789,789,789,808,771,771,753,753,771,771,753,771,789,789,789,789,789,789,789,789,789,789,808,808,872,0,0,0,0,0,0,0,872,872,872,872,872,872,872,872,872,872,872,872,872,872,872,872,872,872,872,872,850,872,0,0,0,0,0,0,0,0,0,0,0,0,1143,850,850,850,850,896,16560,16560,33119,33119,0,0,0,0,0,0,0,0,0,0,771,0,0,0,828,828,808,808,789,789,771,771,771,771,771,753,753,753,753,753,753,753,753,753,753,753,753,753,753,753,753,753,753,753,753,753,753,753,753,753,753,753,753,771,753,771,771,771,771,771,771,771,771,771,543,543,543,535,535,1183,1183,1183,1183,0,1183,0,0,0,0,0,1506,1506,1506,1506,1506,1506,1506,1506,0,1506,1506,1506,1506,1506,1506,1578,0,1506,1506,1506,0,0,0,0,0,0,0,3312,3680,3680,3312,3680,3680,3312,3312,3680,3680,3680,3680,3312,3312,3312,3312,3312,3680,3680,3680,3680,3680,3680,3680,3011,3011,3011,3011,3011,3011,3011,3011,3011,3011,3011,3011,3011,3011,3011,3011,3011,3011,3011,3011,3011,3312,3312,3680,3680,3680,3680,3680,3680,3680,3680,3680,3680,3680,3011,3011,3011,3011,2760,2760,2760,3312,3312,3312,3312,3011,2760,2760,2760,2760,2760,2760,2760,2548,2548,2548,2548,2548,2548,2548,2548,2548,2548,2548,2548,2548,2548,2548,2548,2548,2366,2548,2366,2366,2366,2366,2366,2366,2366,2366,2366,2366,2366,2366,2366,2366,2366,2366,2366,2366,2366,2366,2366,2366,2366,2366,2366,2366,2366,2366,2366,2366,2366,2366,2366,2366,2208,2208,2208,2208,2208,2366,2366,2366,2208,2208,2208,2208,2208,2208,2208,2208,2208,2208,2208,2208,2366,2366,2366,2366,2208,2208,2208,2208,2208,2208,2366,2548,2548,2548,2548,0,0,0,0,0,0,0,0,0,0,0,0
705,705,705,705,705,705,705,705,705,705,705,705,705,705,705,705,705,705,705,705,705,705,720,720,720,720,720,720,720,736,736,736,736,736,736,736,736,753,753,753,753,736,736,753,753,753,753,753,771,789,771,771,771,771,771,771,771,789,808,789,789,771,771,771,771,771,771,771,771,771,771,789,789,0,0,789,789,789,789,789,828,828,828,828,808,808,789,808,808,808,828,828,828,828,808,808,808,808,808,808,828,828,828,850,850,828,828,828,828,828,828,828,828,828,828,828,828,828,828,828,872,828,828,828,828,828,828,828,828,828,828,828,828,850,850,850,850,850,850,872,872,872,872,872,872,872,872,872,872,872,872,872,872,872,872,872,872,872,872,896,896,896,896,896,896,896,896,896,896,896,896,896,896,896,896,896,896,920,920,920,920,920,920,920,920,920,920,920,920,920,920,920,920,920,920,920,920,872,872,896,896,896,896,896,896,33119,0,0,0,0,0,1380,1274,872,896,872,896,896,1380,1380,920,896,896,896,872,872,771,771,771,771,771,789,789,789,771,771,771,771,789,0,0,0,0,0,789,789,789,789,0,0,0,0,0,0,0,789,789,789,789,0,0,771,771,771,771,771,789,789,789,789,0,0,0,0,0,0,0,0,0,808,808,808,808,808,771,771,753,753,771,771,753,771,789,789,789,789,789,789,789,789,789,789,808,808,808,0,0,0,0,0,0,872,872,872,872,872,872,872,872,872,872,872,872,872,872,872,872,872,872,872,872,872,850,872,975,0,0,0,0,0,0,0,0,0,0,0,6624,850,850,850,872,896,16560,16560,33119,0,0,0,0,0,0,0,0,0,0,0,0,0,0,0,0,0,896,896,808,808,808,789,771,771,771,872,753,896,896,872,771,753,753,753,753,753,753,753,753,753,753,753,753,753,753,753,753,753,753,753,753,753,771,771,771,771,771,771,771,771,771,771,789,771,543,543,543,535,535,1183,0,1183,1183,1183,1183,1183,0,0,1506,1506,1506,1506,1506,1506,1506,1506,1506,1506,0,1506,1506,1506,1506,1506,0,0,0,0,1506,1506,1506,1578,0,0,0,0,0,3680,3680,3680,3312,3680,3312,3312,3312,3680,3312,3312,3312,3312,3312,3312,3312,3312,3312,3680,3680,3680,3680,3680,3312,3312,3011,3011,3011,3011,3011,3011,3011,3011,3011,3011,3011,3312,3312,3312,3312,3011,3011,3011,3011,3011,3312,3312,3680,3680,3680,3680,3680,3680,3680,3680,3680,3680,3680,3011,3011,3011,3011,3011,3312,3312,3312,3312,3312,3312,3312,3011,3011,3011,2760,2760,2760,2760,2760,2760,2548,2548,2548,2548,2548,2548,2548,2548,2548,2548,2548,2548,2548,2548,2548,2366,2548,2366,2366,2366,2366,2366,2366,2366,2366,2366,2366,2366,2366,2366,2366,2366,2366,2366,2366,2366,2366,2366,2366,2366,2366,2366,2366,2366,2366,2366,2366,2366,2366,2366,2366,2208,2208,2208,2208,2208,2366,2366,2366,2208,2208,2208,2208,2208,2208,2208,2208,2208,2208,2208,2366,2366,2366,2366,2366,2208,2208,2208,2208,2208,2366,2366,2366,2366,2548,2548,3680,3312,3680,0,0,0,0,0,0,0,33119,33119
705,705,705,705,705,705,705,705,705,705,705,705,705,705,705,705,705,705,705,705,705,705,705,705,705,720,720,720,720,720,736,736,736,736,736,736,736,753,753,753,736,736,736,736,753,753,0,789,0,0,0,0,0,0,0,0,0,0,0,0,0,789,771,771,771,771,771,771,771,771,789,0,0,0,0,0,0,808,828,828,828,0,0,0,828,808,808,808,808,828,828,828,828,828,828,808,808,808,808,828,828,850,872,872,850,828,828,828,828,828,828,828,828,850,850,850,850,850,850,850,850,850,850,828,850,850,850,828,850,828,828,850,850,850,850,850,850,850,850,872,872,872,872,872,872,872,872,872,872,872,872,872,872,872,872,872,872,872,872,872,872,896,896,896,896,896,872,896,896,896,896,896,896,896,896,896,896,920,920,920,920,920,920,920,920,920,920,920,920,920,920,920,947,920,920,896,872,872,896,896,896,896,896,0,33119,0,0,0,0,0,0,0,0,1274,1274,0,0,0,0,0,1380,896,896,896,896,872,771,771,771,771,771,771,789,789,771,0,0,0,0,0,0,0,0,0,789,789,789,789,789,0,0,0,0,0,789,789,789,789,789,0,0,0,771,771,771,771,789,789,789,789,789,0,789,789,0,0,0,0,0,808,808,808,808,808,771,771,771,789,771,771,771,771,789,789,789,789,789,789,789,789,789,789,789,789,808,0,0,0,0,0,0,872,872,872,872,872,872,872,872,872,872,872,872,872,872,872,872,872,872,872,872,872,872,872,975,0,0,0,0,0,0,0,0,0,0,0,6624,872,850,872,872,896,896,920,11040,0,0,0,0,0,0,0,0,0,0,0,0,0,0,0,0,0,0,0,0,0,0,0,0,0,0,0,0,0,0,0,0,0,920,896,896,896,0,0,920,753,753,753,753,753,753,753,753,753,771,771,771,771,771,771,771,771,771,771,771,0,0,920,0,920,789,543,543,543,920,1183,0,1183,1183,1183,1183,1183,1183,1183,1440,1506,1506,1506,1506,1506,1506,1506,1506,2070,0,1506,1506,1506,1506,1506,0,0,0,0,0,1506,1506,1578,0,0,0,0,0,0,0,3680,3312,3312,3312,3312,3312,3312,3312,3312,3312,3312,3312,3312,3312,3312,3312,3680,3680,3680,3680,3680,3680,3312,3312,3312,3312,3312,3312,3312,3011,3011,3011,3312,3312,3312,3312,3312,3312,3312,3312,3312,3312,3312,3312,3680,3680,3680,3680,3680,3680,3680,4140,4732,4140,4140,4140,3680,3680,3011,3011,3011,0,3680,3680,4140,4140,3680,3680,3312,3011,3011,2760,2760,2760,2760,2760,2760,2548,2548,2548,2548,2548,2548,2548,2548,2548,2548,2548,2548,2548,2548,2548,2366,2548,2366,2366,2366,2366,2366,2366,2366,2366,2366,2366,2366,2366,2366,2366,2366,2366,2366,2366,2366,2366,2366,2366,2366,2366,2366,2366,2366,2366,2366,2366,2366,2366,2366,2366,2208,2208,2208,2208,2208,2366,2366,2366,2208,2208,2208,2208,2208,2208,2208,2208,2208,2208,2208,2208,2208,2208,2366,2366,2208,2208,2208,2208,2208,2366,2366,2548,2548,2548,2760,3680,3312,3680,6624,6624,6624,16560,0,0,0,33119,33119
705,705,705,705,705,705,705,705,705,705,705,705,705,705,705,705,705,705,705,705,705,705,705,705,705,705,705,720,720,720,736,736,736,736,736,736,736,736,736,736,736,736,736,736,736,753,0,789,0,0,0,0,0,0,0,0,0,0,0,0,0,828,771,771,771,771,771,771,771,771,0,0,0,0,0,0,0,789,808,828,850,0,0,0,808,808,808,808,808,828,828,0,0,828,828,808,808,808,808,828,850,872,0,0,0,850,850,850,828,850,850,850,850,850,850,850,850,850,850,850,850,850,850,850,850,850,850,850,850,850,850,850,850,850,850,850,850,850,850,872,872,872,872,872,872,872,872,872,872,872,872,872,872,872,872,872,872,872,872,872,872,896,896,896,896,896,872,896,896,896,896,896,896,896,896,896,896,920,920,920,920,920,920,920,920,920,920,920,920,920,920,920,920,920,896,872,872,896,896,896,896,896,896,896,896,896,33119,896,896,896,1274,1274,1274,0,0,0,0,0,0,0,920,896,896,896,896,872,771,771,771,771,771,771,771,771,771,0,0,0,0,0,0,0,0,789,789,789,789,789,789,0,0,0,0,789,771,789,789,789,789,789,789,771,771,771,771,771,771,789,771,789,789,0,789,789,0,0,0,0,0,808,808,808,808,808,771,771,771,771,753,771,753,771,789,789,789,789,789,789,789,789,789,789,789,789,808,808,0,0,0,0,0,872,872,872,872,872,872,872,872,872,872,872,872,872,872,872,872,872,872,872,872,872,850,872,872,0,0,0,0,0,0,0,0,0,0,0,1143,872,872,872,872,896,896,896,920,0,0,0,0,0,0,0,0,0,0,0,0,0,0,0,0,0,0,0,0,0,0,0,0,0,0,0,0,0,0,0,0,0,0,0,0,0,0,0,0,0,1440,771,771,771,771,771,771,771,771,1440,1440,1440,1440,1440,1440,1440,1440,0,0,0,0,1440,1440,1440,920,543,1506,1506,1506,1506,0,1506,1506,0,1183,1183,1183,1440,1506,1506,1506,1506,1506,1506,1506,1506,1506,1506,1506,1506,1506,1506,1506,1506,0,0,0,0,1506,1506,1506,1506,1506,0,0,0,0,0,3680,3680,3680,3680,3312,3312,3312,3680,3312,3312,3312,3312,3011,3312,3312,3312,3312,3680,3680,3680,3680,3680,3312,3312,3312,3011,3011,3011,3011,3011,3011,3011,3011,3011,3011,3312,3312,3312,3312,3312,3011,3011,3312,3312,3312,3680,3680,3680,3680,3680,3680,3680,4140,4732,4140,4140,4140,3011,3011,3011,3011,3011,3011,3312,3312,3312,3680,3312,3312,3011,3011,2760,2760,2760,2760,2760,2760,2760,2760,2548,2548,2548,2548,2548,2548,2548,2548,2548,2548,2548,2548,2548,2548,2366,2548,2366,2366,2548,2366,2366,2366,2366,2366,2366,2366,2366,2366,2366,2366,2366,2366,2366,2366,2366,2366,2366,2366,2366,2366,2366,2366,2366,2366,2208,2366,2366,2366,2366,2366,2208,2208,2208,2208,2208,2208,2208,2208,2208,2208,2208,2208,2208,2208,2208,2208,2208,2208,2208,2208,2208,2208,2208,2208,2208,2208,2208,2208,2208,2208,2366,2548,2548,2548,2760,3312,3312,3312,3680,6624,6624,16560,33119,0,33119,16560,2366
705,705,705,705,705,705,705,705,705,705,705,705,705,705,705,705,720,720,720,705,705,705,720,720,720,720,720,720,720,720,736,736,736,736,736,736,736,736,736,736,736,736,736,736,736,736,736,753,753,789,789,789,872,753,753,753,872,0,0,0,0,789,789,771,771,771,771,771,771,789,789,0,0,0,0,0,0,789,789,808,828,0,0,0,789,808,789,808,808,808,828,0,0,808,808,808,808,808,808,808,850,0,0,0,0,0,0,850,850,850,850,850,850,850,850,872,0,0,0,0,0,872,872,850,850,850,850,850,850,850,850,850,850,850,850,850,850,850,850,850,872,872,872,872,872,872,872,872,872,872,872,872,872,872,872,872,872,872,872,896,896,896,896,896,896,896,896,896,896,896,896,896,896,896,896,896,896,920,920,920,920,920,920,920,920,920,920,920,920,920,920,920,920,896,872,872,896,896,896,896,896,896,896,896,896,896,896,896,896,896,1274,0,0,0,0,0,0,0,0,0,896,896,896,896,896,872,771,771,771,771,771,771,771,771,771,771,771,771,771,0,0,771,789,771,771,771,771,771,789,789,771,0,0,771,771,789,789,789,789,0,0,771,771,771,771,771,771,771,771,771,771,771,771,789,808,0,0,0,789,789,789,789,789,771,771,753,753,753,753,753,753,753,771,789,789,789,789,789,789,789,789,789,789,789,808,0,0,0,0,0,1004,872,872,872,872,872,872,872,872,872,872,872,872,872,872,872,872,872,872,872,872,872,872,872,975,0,0,0,0,0,0,0,0,0,0,0,6624,872,872,872,872,896,896,896,896,920,0,0,0,0,0,0,0,0,0,0,0,0,0,0,0,0,0,0,0,0,0,0,0,0,0,0,0,0,0,0,0,0,0,0,0,0,0,0,0,0,0,1440,771,771,771,1440,920,920,920,1440,1440,1440,1440,0,1440,1440,0,0,0,0,0,0,0,1506,0,0,0,0,0,0,0,0,0,0,0,1506,1506,1506,1506,1506,1506,1506,1506,1506,1506,1506,1506,1506,1506,1506,1506,1506,1506,1506,0,0,0,1506,1506,1506,1506,1506,1506,3312,0,0,0,0,3680,0,0,0,0,0,3680,0,3680,3312,3312,3312,3011,3312,3312,3312,3312,3312,3680,3680,3680,3680,3312,3312,3312,3312,3312,3011,3011,3011,3011,3011,3011,3011,3011,3011,3011,3011,3011,3011,3011,3011,3312,3312,3312,3312,3312,3680,3680,3312,3312,3680,3680,4140,4140,3680,4140,3011,2760,2760,2760,2760,2760,2760,3312,3312,3312,3312,3312,2760,2760,2760,2760,2760,2760,2760,2760,2760,2760,2760,2548,2548,2548,2548,2548,2548,2548,2548,2548,2548,2548,2548,2548,2366,2548,2366,2366,2366,2366,2366,2366,2366,2366,2366,2366,2366,2366,2366,2366,2366,2366,2366,2366,2366,2366,2366,2366,2366,2366,2366,2366,2366,2208,2208,2208,2208,2366,2208,2208,2208,2208,2208,2208,2208,2208,2208,2208,2208,2208,2208,2208,2208,2208,2208,2208,2208,2208,2208,2208,2208,2208,2208,2208,2208,2208,2208,2208,2208,2208,2366,2366,2548,2548,2760,3312,2366,3312,3312,6624,6624,16560,33119,33119,16560,2366,2366
705,705,705,705,705,705,705,705,705,705,705,705,705,705,705,705,705,705,720,720,705,720,720,720,720,720,720,720,720,720,736,736,736,736,736,736,736,736,736,736,736,736,736,736,736,736,0,771,753,753,0,0,0,0,0,753,872,0,0,0,0,789,789,771,771,771,771,771,771,771,789,789,789,0,0,0,789,789,789,789,789,808,828,808,789,789,789,808,808,808,808,808,808,808,808,789,789,808,808,808,808,828,872,0,0,0,850,850,828,850,828,828,850,850,850,850,850,850,850,850,850,850,850,850,850,850,850,850,850,850,850,850,850,850,850,850,850,850,850,850,872,872,872,872,872,872,872,872,872,872,872,872,872,872,872,872,872,872,872,896,896,896,896,896,896,896,896,896,896,896,896,896,896,896,896,896,896,896,920,920,920,920,920,920,920,920,920,920,920,920,920,920,920,896,896,896,896,896,896,896,896,896,896,896,896,896,896,896,896,896,828,1274,0,0,0,0,0,0,0,0,1274,896,896,896,896,872,771,771,771,771,771,771,771,771,771,771,771,771,771,771,771,771,771,771,771,771,771,771,789,789,771,0,771,771,771,771,771,789,789,789,789,771,771,771,771,771,771,771,771,771,771,771,771,771,771,789,789,808,789,789,789,789,771,771,753,753,753,753,753,753,753,753,753,789,789,789,789,789,789,789,789,789,789,808,808,0,0,0,0,0,1004,896,872,872,872,872,872,872,872,872,872,872,872,872,872,872,872,872,872,872,872,872,872,872,2070,0,0,0,0,0,0,0,0,0,0,0,6624,872,872,872,872,896,896,896,896,920,1104,0,0,0,0,0,0,0,0,0,0,0,0,1578,1506,0,0,0,0,0,0,0,0,0,0,0,0,0,0,0,0,0,0,0,0,0,0,0,0,0,0,1440,1440,771,1440,1440,920,771,771,771,1440,1440,0,0,0,0,0,0,1440,1440,1440,0,0,0,0,0,0,0,0,0,0,0,0,0,0,0,1506,1506,1506,1506,1506,1506,1506,1506,1506,1506,1506,1506,1506,1506,1506,1506,1506,1506,2548,2548,2548,1506,1506,1506,1506,1506,1506,3312,0,0,0,0,0,0,0,0,0,0,0,0,0,3680,3312,3312,3312,3312,3312,3312,3312,3312,3312,3680,3680,3680,3312,3312,3312,2760,2760,3312,3011,3011,3011,3011,2760,2760,2760,2760,2760,2760,2760,3011,3011,3011,3011,3011,3011,3011,3011,3011,3011,3011,3011,2760,3011,3011,2760,2760,2760,2760,2760,2760,2760,2760,2760,2760,2760,2760,2760,2760,2760,2760,2760,2760,2760,2760,2548,2548,2548,2548,2760,2548,2548,2548,2548,2548,2548,2548,2548,2548,2548,2548,2548,2548,2366,2366,2548,2366,2366,2366,2366,2366,2366,2366,2366,2366,2366,2366,2366,2366,2366,2366,2366,2366,2366,2366,2366,2366,2366,2366,2366,2366,2366,2208,2208,2208,2208,2208,2208,2208,2208,2208,2208,2208,2208,2208,2208,2208,2208,2208,2208,2208,2208,2208,2208,2208,2070,2070,2070,2070,2208,2208,2208,2208,2208,2208,2208,2208,2208,2208,2208,2366,2366,2366,2366,2366,2070,2070,2070,2070,2070,2070,2070,2070,2070,2070,2070,2070
705,705,705,705,705,705,705,705,705,705,705,705,705,720,720,720,720,720,720,720,720,720,720,720,720,720,720,720,736,736,736,736,736,736,736,736,736,736,736,736,736,736,736,736,736,736,753,753,753,753,0,0,771,771,753,736,753,753,789,0,0,0,789,771,771,771,771,771,771,771,789,789,789,789,789,789,789,789,789,789,789,789,789,789,789,789,789,789,789,789,789,789,789,789,789,789,789,789,789,789,808,808,808,850,850,850,850,828,828,828,828,828,828,808,808,808,808,808,850,850,850,850,828,828,828,828,828,850,850,850,850,850,850,850,850,850,850,850,850,850,872,872,872,872,872,872,872,872,872,872,872,872,872,872,872,872,872,872,896,896,896,896,896,896,896,896,896,896,896,896,896,896,896,896,896,896,896,896,920,920,920,920,920,920,920,920,920,920,947,920,920,920,896,896,896,896,896,896,896,896,896,896,896,896,896,896,896,896,896,896,0,0,0,0,0,0,0,0,0,1274,1274,896,896,896,896,771,771,771,771,771,771,771,771,771,771,771,771,771,771,771,771,771,771,771,771,771,771,771,771,771,771,771,771,771,771,789,789,789,789,789,789,771,771,771,771,771,771,771,771,771,771,771,771,771,771,808,808,808,789,789,771,771,771,771,771,753,753,753,753,753,753,753,771,789,789,789,789,789,789,789,789,789,808,808,808,808,0,0,0,0,1004,1004,872,872,872,872,872,872,872,872,872,872,872,872,872,872,872,872,872,872,872,3011,872,872,0,0,0,0,0,0,0,0,0,0,0,0,3312,872,872,872,872,872,896,896,896,920,947,0,0,0,0,0,0,0,0,0,0,1506,1506,1506,1506,0,0,0,0,0,0,0,0,0,0,0,0,0,0,0,0,0,0,0,0,0,0,0,0,0,0,0,1440,1440,1440,1440,920,771,771,771,1440,1440,0,0,0,0,0,0,1440,789,1440,1440,0,0,0,0,0,0,0,0,0,0,0,0,0,0,0,1506,1506,1506,1506,1506,1506,1506,1506,1506,1506,1506,1506,1506,1506,1506,1506,1506,2548,2548,2548,1506,1506,1506,1506,1506,1506,1506,0,0,0,0,0,0,0,5520,5520,0,0,0,0,3680,3312,3312,3312,3312,3312,3011,2760,2760,2760,2760,3680,3680,2760,2760,2760,2760,2760,2760,2760,2760,2760,2760,2760,2760,2760,2760,2760,2760,2760,2760,2760,2760,2760,2760,2760,2760,2760,2760,2760,2760,2760,2760,2760,2760,2760,2760,2760,2760,2760,2760,2760,2548,2548,2760,2760,2760,2760,2760,2760,2760,2760,2760,2760,2548,2548,2548,2548,2548,2548,2548,2548,2548,2548,2548,2548,2548,2548,2548,2548,2548,2548,2548,2366,2366,2366,2366,2366,2366,2366,2366,2366,2366,2366,2366,2366,2366,2366,2366,2366,2366,2366,2366,2366,2366,2366,2366,2366,2366,2366,2366,2366,2208,2208,2208,2208,2208,2208,2208,2070,2070,2070,2070,2208,2208,2208,2208,2208,2208,2208,2208,2208,2208,2208,2208,2070,2070,2070,2070,2070,2208,2208,2208,2208,2208,2208,2208,2208,2208,2208,2366,2366,2366,2366,2366,2070,2070,2070,2070,2070,2070,2070,2070,2070,2070,2070,2070
720,720,720,705,705,705,705,705,705,705,705,720,720,720,720,720,720,720,720,720,720,720,720,720,720,720,736,736,736,736,736,736,736,736,736,736,736,736,736,736,736,736,736,736,736,736,736,753,753,753,753,753,753,753,753,753,753,753,753,789,789,789,789,771,771,771,771,771,771,771,789,789,789,789,789,789,789,789,789,789,789,789,789,789,789,789,789,789,789,789,789,789,789,789,789,789,789,789,789,789,808,808,808,808,808,808,808,808,808,808,808,808,808,808,808,808,808,808,808,828,850,850,828,828,828,828,828,850,850,850,850,850,850,850,850,850,850,850,850,850,872,872,850,850,872,872,872,872,872,872,872,872,872,872,872,872,872,872,896,896,896,896,896,896,896,896,896,896,896,896,896,896,896,896,896,896,896,920,920,920,920,920,920,920,920,920,920,920,920,920,920,920,896,920,0,0,0,0,896,896,896,896,0,0,896,896,0,0,0,0,0,0,0,0,0,1274,1274,1274,1274,1274,1274,896,896,896,872,771,771,771,771,771,771,771,771,771,771,771,771,771,771,771,771,771,771,771,771,771,771,771,771,771,771,771,771,771,771,771,771,771,789,789,771,771,771,753,771,771,771,771,771,771,771,771,771,771,771,771,771,771,771,771,771,771,771,771,771,753,753,753,753,753,753,753,771,771,771,789,789,789,789,789,789,789,808,808,808,808,896,0,0,0,1004,1004,872,872,872,872,872,872,872,872,872,872,872,872,872,872,872,872,872,872,3011,3312,0,0,0,0,0,0,0,0,0,0,0,0,0,0,3312,872,872,872,872,872,896,896,896,920,1035,0,0,0,0,0,0,0,0,0,0,1506,1506,1506,1506,1506,0,0,0,0,0,0,0,0,0,0,0,0,0,0,1143,1325,0,0,0,0,0,0,0,0,0,1440,1143,1143,1143,1143,1143,771,771,771,1143,1440,1440,0,0,0,0,0,1440,1143,1440,0,0,0,0,0,0,0,0,0,0,0,0,0,0,0,0,0,1506,1506,1506,1506,1506,1506,1506,1506,1506,1506,1506,1506,1506,1506,1506,1506,1578,1578,1578,1506,1506,1506,1506,1506,1506,1506,2548,2760,0,0,0,0,0,5520,0,0,0,0,0,0,3312,3312,3312,0,3312,2760,2760,2760,2760,2760,2760,2760,2760,2760,2548,2548,2548,2760,2760,2760,2760,2760,2760,2760,2760,2760,2760,2760,2760,2760,2760,2760,2760,2760,2548,2548,2548,2548,2548,2548,2548,2548,2548,2548,2548,2548,2548,2548,2548,2548,2548,2548,2548,2548,2548,2760,2760,2760,2760,2760,2760,2760,2548,2548,2548,2548,2548,2548,2548,2548,2548,2548,2548,2548,2548,2548,2548,2548,2548,2548,2548,2548,2548,2366,2548,2366,2366,2366,2366,2366,2366,2366,2366,2366,2366,2366,2366,2366,2366,2366,2366,2366,2366,2366,2366,2366,2366,2366,2366,2366,2366,2366,2366,2208,2366,2366,2366,2208,2070,2070,2070,2070,2208,2208,2208,2208,2208,2208,2208,2208,2208,2208,2208,2208,2070,2070,2070,2070,2070,2208,2208,2208,2208,2208,2208,2208,2208,2208,2208,2366,2366,2366,2366,2366,2070,2070,2070,2070,2070,2070,2070,2070,2070,2070,2070,2070
720,720,720,720,720,705,705,705,705,705,705,705,720,720,720,720,720,720,720,720,720,720,720,720,720,736,736,736,736,736,736,736,736,736,736,736,736,736,736,736,736,736,736,736,736,736,753,753,753,753,753,0,753,0,0,753,753,753,789,789,789,789,789,789,789,771,771,771,771,789,789,789,789,789,789,789,789,789,789,789,789,789,789,789,789,789,789,789,789,789,789,789,789,789,789,789,789,789,789,789,808,808,808,808,808,808,808,808,808,808,808,808,808,808,808,808,808,808,920,920,920,920,920,850,850,850,850,850,850,850,850,850,850,850,850,850,850,872,872,872,872,872,872,850,872,872,872,872,872,872,872,872,872,872,872,896,872,896,896,896,896,896,896,896,896,896,896,896,896,896,896,896,896,896,896,920,920,920,920,920,920,920,920,920,920,920,920,920,920,920,947,896,947,0,0,0,0,0,896,896,896,896,0,0,0,0,0,0,0,0,0,0,1104,1274,1274,1274,1274,1274,1274,1274,1274,896,896,896,872,771,771,771,771,771,771,771,771,771,771,771,771,771,771,771,771,771,771,771,771,771,771,771,771,771,771,771,771,771,771,771,771,771,789,789,771,753,771,753,771,771,771,771,771,771,771,771,771,771,771,771,771,771,771,771,771,771,771,771,771,771,753,753,753,753,753,753,771,771,771,789,789,789,789,789,789,808,808,808,808,808,0,0,0,0,896,896,872,872,872,872,872,872,872,872,872,872,872,872,872,872,872,872,872,3011,3312,3680,0,0,0,0,3312,3312,3312,3312,6624,0,0,0,0,0,872,872,872,872,872,872,896,896,896,920,947,0,0,0,0,0,0,0,0,0,0,1506,1506,1506,1506,1578,0,0,0,0,0,0,0,1656,1656,1656,0,1656,0,1325,1143,1143,1143,1143,0,0,0,0,0,0,0,1656,1143,1143,1143,1143,1143,771,771,771,1143,1656,1656,0,0,0,0,0,1656,1143,1656,0,0,0,0,0,0,0,0,0,0,0,0,0,0,0,0,0,0,1506,1506,1506,1506,1506,1506,1506,1506,1506,1506,1506,1506,1506,1506,1506,1578,1578,1578,1506,1506,1506,1506,1506,1506,1506,2548,2760,0,0,0,2760,2548,2548,3011,0,0,0,0,0,3011,2760,3011,3011,2760,2760,2760,2760,2760,2760,2760,2760,2760,2548,2548,2548,2548,2548,2760,2760,2760,2760,2760,2760,2548,2548,2548,2548,2548,2548,2548,2548,2548,2548,2548,2548,2548,2548,2548,2548,2548,2548,2548,2548,2548,2548,2548,2548,2548,2548,2548,2548,2548,2548,2548,2548,2760,2548,2548,2548,2548,2548,2548,2548,2548,2548,2548,2548,2548,2548,2548,2548,2548,2548,2548,2548,2548,2548,2548,2548,2548,2548,2548,2366,2548,2366,2366,2366,2366,2366,2366,2366,2366,2366,2366,2366,2366,2366,2366,2366,2366,2366,2366,2366,2366,2366,2366,2366,2366,2366,2366,2366,2366,2366,2366,2366,2366,2208,2208,2208,2208,2208,2208,2208,2366,2366,2366,2208,2208,2208,2208,2208,2208,2208,2070,2070,2070,2070,2208,2208,2208,2208,2208,2208,2208,2208,2208,2208,2366,2366,2366,2366,2366,2366,2208,2208,2208,2208,2208,2208,2208,2208,2208,2208,2208,2208
720,720,705,705,705,705,705,705,705,705,705,705,705,705,705,720,720,720,720,720,720,720,720,720,720,736,736,736,736,736,736,736,736,736,736,736,736,736,736,736,736,736,736,736,736,753,753,753,753,753,771,771,771,0,0,0,0,0,0,0,0,0,789,771,771,771,771,771,771,771,789,789,789,789,789,789,789,789,789,789,789,789,789,789,789,789,789,789,789,789,789,808,808,808,808,789,789,789,789,808,808,808,808,808,808,808,808,808,808,808,808,808,808,808,808,808,808,808,920,920,920,920,920,872,850,850,850,850,850,850,850,850,850,850,850,850,850,872,872,872,872,872,872,872,872,872,872,872,872,872,872,872,872,872,872,872,872,872,896,896,896,896,896,896,896,896,896,896,896,896,896,896,896,896,896,920,920,920,920,920,920,920,920,920,920,920,920,920,920,920,920,896,0,0,0,0,0,0,896,896,896,896,896,0,0,0,0,0,0,0,0,1274,808,1104,1274,1274,1274,1274,1274,1274,1274,896,896,872,771,771,771,771,771,771,771,771,771,771,771,771,771,771,771,771,771,771,771,771,771,771,771,771,771,771,771,771,771,771,771,771,771,771,771,771,771,753,753,753,771,771,771,771,771,771,771,771,771,771,771,771,771,771,771,771,771,771,771,771,771,771,753,753,753,753,753,753,771,771,771,789,789,789,789,789,808,808,808,808,0,0,0,0,0,0,1004,896,872,872,872,872,872,872,872,872,872,872,872,872,872,872,872,872,3011,3312,3312,3680,0,0,0,0,0,0,3312,3312,6624,0,0,0,0,0,872,872,872,872,872,872,872,896,920,947,0,0,0,0,0,0,0,0,0,0,1506,1506,1506,1506,1506,1656,0,0,0,0,1656,1656,0,1656,1656,0,1656,1656,0,1656,1143,1143,1143,1380,0,0,0,1656,0,0,1656,1656,1656,1380,1143,1143,1143,1143,1143,1143,1656,1656,0,0,0,0,0,0,0,0,0,0,0,0,0,0,0,0,0,0,0,0,0,0,0,0,0,0,0,2760,1578,1506,1506,1506,1506,1506,1506,1506,1506,1506,1506,1506,1506,1506,1578,1578,1578,1506,1506,1506,1506,1506,1506,1506,2548,2760,0,0,2760,2760,2548,2548,2760,5520,0,0,0,3312,2760,2760,0,0,2760,2760,2760,2760,2760,2760,2760,2760,2760,2548,2548,2548,2548,2548,2760,2760,2760,2760,2760,2760,2548,2548,2548,2548,2548,2548,2548,2548,2548,2548,2548,2548,2548,2548,2548,2548,2548,2548,2548,2548,2548,2548,2548,2548,2548,2548,2548,2548,2548,2548,2548,2548,2760,2548,2548,2548,2548,2548,2548,2548,2548,2548,2548,2548,2548,2548,2548,2548,2548,2548,2548,2548,2548,2548,2548,2548,2548,2548,2548,2366,2548,2548,2366,2366,2366,2366,2366,2366,2366,2366,2366,2366,2366,2366,2366,2366,2366,2366,2366,2366,2366,2366,2366,2366,2366,2366,2366,2366,2366,2366,2366,2366,2366,2208,2208,2208,2208,2208,2208,2208,2366,2366,2366,2208,2208,2208,2208,2208,2208,2208,2070,2070,2070,2070,2208,2208,2208,2208,2208,2208,2208,2208,2208,2208,2366,2366,2366,2366,2366,2366,2366,2366,2366,2366,2366,2366,2366,2366,2366,2366,2366,2366
720,720,705,705,705,705,705,705,705,705,705,705,705,705,705,720,720,720,720,720,720,720,720,720,720,720,736,736,736,736,736,736,736,736,736,736,736,736,736,736,736,736,736,736,736,753,753,753,771,5520,771,0,771,771,0,0,0,0,0,0,789,771,771,771,771,771,771,771,771,771,789,789,789,789,789,789,789,789,789,789,789,789,789,789,789,789,789,808,808,808,808,808,808,808,808,789,789,789,808,808,808,0,0,0,920,828,828,850,828,850,850,850,850,850,0,0,850,0,0,0,0,0,0,0,920,850,850,850,850,850,850,850,850,850,850,850,850,850,850,850,872,872,850,850,850,850,872,872,872,872,872,872,872,872,872,872,872,872,896,896,896,896,896,896,896,896,896,896,896,896,896,896,896,896,896,920,920,920,920,920,920,920,920,920,920,920,920,920,896,896,920,0,0,0,0,0,0,0,0,0,0,0,0,0,0,0,0,0,0,0,0,0,789,789,789,1227,1274,1274,1274,1274,1274,1274,896,872,771,771,771,771,771,771,771,771,771,771,771,771,771,771,771,771,771,771,771,771,771,771,771,771,771,771,771,771,771,771,771,771,771,771,771,771,771,753,753,753,753,753,771,771,771,771,771,771,771,771,771,771,753,753,753,771,771,771,771,771,771,771,753,753,753,753,753,753,771,771,771,771,789,789,789,808,808,808,808,808,0,0,0,0,0,0,0,896,872,872,872,872,872,872,872,872,872,872,872,872,872,872,872,872,872,872,3312,3312,3312,3312,0,0,3312,0,3680,3312,0,0,0,0,0,6624,872,850,850,850,850,872,896,896,947,0,0,0,0,0,0,0,0,0,0,0,1506,1506,1506,1506,1506,1656,0,0,0,0,1656,0,0,0,0,0,0,0,0,1656,1143,1143,1143,1143,1656,0,0,0,0,0,0,1656,1380,1380,1143,1143,1143,1656,1656,1656,1656,1656,0,0,0,0,0,0,0,0,0,0,0,0,0,0,0,0,0,0,0,0,0,0,0,0,0,0,0,0,0,1506,1506,1506,1506,1506,1506,1506,1506,1506,1506,1506,1506,1506,1578,1578,1578,1506,1506,1506,1506,1506,1506,1506,1506,2548,0,0,2760,2760,2548,2548,3011,0,0,0,3011,2760,2760,2760,2760,3011,3011,2760,2760,2760,2760,2760,2760,2760,2760,2760,2548,2548,2548,2760,2760,2760,2760,2760,2760,2760,2760,2760,2760,2760,2760,2760,2760,2760,2548,2548,2548,2548,2548,2548,2548,2548,2548,2548,2548,2548,2548,2548,2548,2548,2548,2548,2548,2548,2548,2548,2760,2760,2760,2760,2760,2760,2548,2548,2548,2548,2548,2548,2548,2548,2548,2548,2548,2548,2548,2548,2548,2548,2548,2548,2548,2548,2548,2548,2548,2366,2548,2548,2366,2366,2366,2366,2366,2366,2366,2366,2366,2366,2366,2366,2366,2366,2366,2366,2366,2366,2366,2366,2366,2366,2366,2366,2366,2366,2366,2366,2366,2366,2366,2366,2366,2208,2208,2208,2208,2366,2366,2366,2366,2366,2208,2208,2208,2208,2208,2208,2208,2208,2208,2208,2208,2208,2208,2366,2366,2208,2208,2208,2208,2208,2366,2366,2366,2366,2366,2366,2366,2366,2366,2366,2366,2366,2366,2366,2366,2366,2366,2366
720,705,705,705,705,705,705,705,705,705,705,705,705,705,705,705,705,705,720,720,720,720,720,720,720,720,736,736,736,736,736,736,736,736,736,736,736,736,736,736,753,753,753,753,753,753,753,753,753,753,753,771,771,771,771,771,0,0,0,771,771,771,771,771,771,771,771,771,771,771,789,789,789,789,789,789,789,789,789,789,789,789,789,789,789,789,789,808,808,808,808,808,808,808,808,789,789,789,808,808,0,0,0,0,0,0,0,0,850,0,0,850,0,0,0,0,0,0,0,0,0,0,0,0,0,872,850,850,850,850,850,850,850,850,850,850,850,850,850,850,872,872,850,850,850,850,872,872,872,872,872,872,872,872,872,872,872,872,896,896,896,896,896,896,896,896,896,896,896,896,896,896,896,896,896,896,920,920,920,920,920,920,920,920,920,920,920,872,872,896,0,0,0,0,0,0,0,0,872,872,896,896,975,0,0,0,0,0,0,975,975,789,789,789,789,789,1227,1274,1274,1274,1274,1274,896,771,771,753,771,771,771,771,771,771,771,753,753,736,736,736,753,736,771,771,771,771,771,771,771,771,771,753,771,771,771,771,771,771,771,771,771,753,753,753,736,753,753,753,753,753,753,753,736,736,753,753,753,736,753,753,753,753,753,771,771,753,753,753,753,753,753,753,753,753,771,771,771,771,789,808,808,808,808,808,808,808,0,0,0,0,0,0,0,896,872,872,872,872,872,872,872,872,872,872,872,872,872,872,872,872,872,872,872,872,872,3312,0,3312,3312,3312,3680,3312,0,0,0,0,0,872,850,850,850,850,850,872,896,896,947,0,0,0,0,0,0,0,0,0,0,1506,1506,1440,1506,1506,1440,1506,1506,1380,0,0,0,0,0,0,0,0,0,0,1656,1143,1143,1143,1143,1143,1143,1380,1380,1380,1656,1656,1380,1380,1380,1143,1143,1143,1143,1656,1656,1656,1656,1656,1656,1656,0,0,0,0,0,0,0,0,0,0,0,0,0,0,0,0,0,0,0,0,0,0,0,0,0,0,0,3011,1506,1506,1506,1506,1506,1506,1506,1506,1506,1506,1506,1506,1578,1578,1578,1506,1506,1506,1506,1506,1506,1506,1506,2548,0,0,0,0,0,0,0,0,0,0,3312,3011,2760,2760,3011,3011,3011,3011,2760,2760,2760,2760,2760,2760,2760,2760,2760,2760,2760,2760,2760,2760,2760,2760,2760,2760,2760,2760,2760,2760,2760,2760,2760,2760,2760,2760,2760,2760,2760,2760,2760,2760,2548,2760,2760,2760,2760,2760,2548,2760,2548,2548,2548,2548,2548,2760,2760,2760,2760,2760,2760,2760,2760,2760,2760,2548,2548,2548,2548,2548,2760,2760,2548,2548,2548,2548,2548,2548,2548,2548,2548,2548,2548,2548,2548,2548,2548,2548,2548,2366,2548,2366,2366,2366,2366,2366,2366,2366,2366,2366,2366,2366,2366,2366,2366,2366,2366,2366,2366,2366,2366,2366,2366,2366,2366,2366,2366,2366,2366,2366,2366,2208,2208,2208,2208,2366,2366,2366,2366,2366,2208,2208,2208,2208,2208,2208,2208,2208,2208,2208,2208,2208,2208,2366,2208,2208,2208,2208,2208,2208,2366,2366,2366,2366,2548,2548,0,0,0,0,0,0,0,0,0,0,0,0
705,705,705,705,705,705,705,705,705,705,705,705,705,705,705,705,705,705,705,705,705,705,720,720,720,720,720,720,736,736,736,736,736,736,736,736,736,736,753,753,753,753,753,753,753,771,771,1325,5520,5520,1325,0,0,0,0,0,0,0,0,0,789,771,771,771,771,771,771,771,5520,789,789,789,789,789,789,789,789,789,789,789,789,789,789,789,789,789,789,789,789,789,789,808,808,808,808,789,789,789,808,0,0,0,0,0,0,0,0,0,0,0,0,0,0,0,0,0,0,0,0,0,0,0,0,0,0,0,850,850,850,850,850,850,850,850,850,850,850,850,872,872,872,872,872,850,850,872,872,872,872,872,872,872,872,872,872,872,872,896,896,896,896,896,896,896,896,896,896,896,896,896,896,896,896,896,896,920,920,920,920,920,920,920,920,920,920,896,872,872,872,896,0,0,0,0,0,0,0,0,872,872,896,896,975,975,0,0,0,0,0,975,975,808,789,789,789,789,789,1274,1274,1274,1274,1325,896,771,753,753,753,753,753,753,753,753,736,736,736,736,736,736,736,736,736,736,736,736,736,736,736,736,736,736,753,753,753,771,771,771,771,771,771,736,736,736,736,736,736,736,736,736,736,736,736,736,736,736,736,736,736,736,753,753,753,753,753,753,753,736,736,736,736,736,753,753,771,771,771,771,789,808,808,808,808,808,808,0,0,0,0,0,0,0,896,896,872,872,872,872,872,872,872,872,872,872,872,872,872,872,872,872,872,872,872,872,872,2070,0,0,0,3680,4732,3680,0,0,0,0,6624,872,850,850,850,850,850,872,872,947,0,0,0,0,0,0,0,1325,1380,1380,1440,1440,1440,1440,1440,1506,1506,1506,0,0,0,1656,1656,0,0,0,0,0,0,0,0,0,1656,1143,1143,1656,0,0,0,1656,1656,1656,1440,1440,1440,1440,1440,0,0,0,0,0,1656,1656,1656,1656,1656,0,1656,1656,1656,0,0,0,0,0,0,0,0,0,0,0,0,0,0,0,0,0,0,0,0,0,3011,1506,1506,1506,1506,1506,1506,1506,1506,1506,1506,1506,1506,1506,1506,1506,1506,1506,1506,1506,1506,1506,1506,1506,1506,1578,0,0,0,0,0,0,0,0,0,0,3312,3312,2760,2760,3011,3011,3011,3011,2760,2760,2760,2760,2760,2760,2760,2760,2760,2760,2760,2760,2760,2760,2760,2760,2760,2760,2760,2760,2760,2760,2760,2760,2760,2760,2760,2760,2760,2760,2760,2760,2760,2760,2548,2760,2760,2760,2760,2760,2548,2760,2548,2548,2548,2548,2548,2760,2760,2760,2760,2760,2760,2760,2760,2760,2760,2760,2548,2760,2760,2548,2760,2760,2548,2548,2548,2548,2548,2548,2548,2548,2548,2548,2548,2548,2548,2548,2548,2548,2548,2548,2548,2366,2366,2366,2366,2366,2366,2366,2366,2366,2366,2366,2366,2366,2366,2366,2366,2366,2366,2366,2366,2366,2366,2366,2366,2366,2366,2366,2366,2366,2366,2208,2208,2208,2208,2366,2366,2366,2366,2208,2208,2208,2208,2208,2208,2208,2208,2208,2208,2208,2208,2208,2208,2366,2208,2208,2208,2208,2208,2208,2366,2366,2366,2548,0,0,0,0,0,0,0,0,0,0,0,0,0,0
705,705,705,705,705,705,705,705,705,705,705,705,705,705,705,705,705,705,705,705,705,705,720,720,720,720,720,720,736,736,736,736,736,736,736,736,753,753,753,0,0,0,0,771,771,771,771,1325,0,0,1325,1325,771,0,0,0,0,0,0,0,0,771,771,771,771,771,771,771,771,789,789,789,789,789,789,789,789,789,789,789,789,789,789,789,789,789,789,789,789,789,789,808,808,808,808,789,789,789,808,0,0,0,0,0,0,0,0,0,0,0,0,0,0,0,0,0,0,0,0,0,0,0,0,0,872,872,850,850,850,850,850,850,850,850,850,850,850,872,872,872,872,872,872,850,872,872,872,872,872,872,872,872,872,872,872,872,872,872,896,896,896,896,896,896,896,896,896,896,896,896,896,896,896,896,896,896,896,920,920,920,920,920,920,920,920,896,872,872,872,0,0,0,0,0,0,0,0,0,0,0,0,975,975,0,0,0,0,975,975,975,975,975,0,789,789,789,789,1227,1274,1274,1274,1274,771,736,736,753,753,753,753,753,753,736,736,736,736,736,736,736,736,736,736,736,720,720,736,736,736,736,736,736,736,736,753,753,771,771,771,771,736,736,736,736,736,736,736,736,736,736,736,736,736,736,736,736,736,736,736,736,736,736,753,720,736,736,736,736,736,736,736,736,753,753,771,771,771,771,771,789,808,808,808,808,808,808,0,0,0,0,0,0,896,896,896,872,872,872,872,872,872,872,872,872,872,872,872,872,872,872,872,872,872,872,872,872,0,0,0,0,0,0,0,0,0,0,6624,872,872,850,850,850,850,872,872,0,0,0,0,0,0,0,1325,1325,1325,1380,1440,1440,1440,1440,1440,1506,1506,1506,1506,0,0,1506,0,0,0,0,0,0,0,0,0,0,0,0,0,0,0,0,0,0,0,1656,1440,1440,1440,1440,1440,0,0,0,0,0,0,0,0,0,0,0,0,0,0,0,0,0,0,0,0,0,0,0,0,0,0,0,0,0,0,0,0,0,0,0,3011,1506,1506,1506,1506,1506,1506,1506,1506,1506,1506,1506,1506,1506,1506,1506,1506,1506,1506,1506,1506,1506,1506,1506,1506,1506,0,0,0,0,0,0,0,0,0,0,3312,3312,3011,3011,3011,3011,3011,3011,2760,2760,2760,2760,2760,2760,2760,2760,2760,2760,2760,2760,2760,2760,2760,2760,2760,2760,2760,2760,2760,2760,2760,2760,2760,2760,2760,2760,2760,2760,2760,2760,3011,2760,2760,2760,2760,2760,2760,2760,2760,2760,2760,2760,2760,2760,2760,2760,2760,2760,2760,2760,2760,2760,2760,2760,2760,2760,2760,2760,2760,2760,2760,2760,2760,2548,2548,2548,2548,2548,2548,2548,2548,2548,2548,2548,2548,2548,2548,2548,2548,2548,2548,2366,2366,2366,2366,2366,2366,2366,2366,2366,2366,2366,2366,2366,2366,2366,2366,2366,2366,2366,2366,2366,2366,2366,2366,2366,2366,2366,2366,2366,2366,2208,2208,2208,2208,2366,2366,2366,2366,2208,2208,2208,2208,2208,2208,2208,2208,2208,2208,2208,2208,2208,2208,2366,2366,2208,2208,2208,2208,2208,2366,2366,2366,2548,0,0,0,0,0,0,0,0,0,0,0,0,0,0
705,705,705,705,705,705,705,705,705,705,705,705,705,705,705,705,705,705,705,705,705,705,720,720,720,720,720,720,736,736,736,736,736,1744,0,0,0,1744,1744,0,0,0,0,0,0,0,0,0,0,0,0,0,0,0,0,0,0,0,0,771,771,771,771,771,771,771,771,771,771,789,789,789,789,789,789,789,789,789,789,789,789,789,789,789,789,789,789,789,789,789,808,808,808,808,808,808,808,808,808,0,0,0,0,0,0,0,0,0,0,0,0,0,0,0,0,0,0,0,0,0,0,0,0,0,872,872,850,850,850,850,850,850,850,850,850,872,872,872,872,872,872,872,872,872,872,872,872,872,872,872,872,872,872,872,872,872,872,872,896,896,896,896,896,896,896,896,896,896,896,896,896,896,896,896,896,896,896,896,920,920,920,920,920,920,896,872,872,872,0,0,0,0,0,0,0,0,0,0,0,0,0,0,0,0,0,975,975,975,975,975,975,0,0,0,0,789,789,789,771,1274,1274,947,736,736,736,736,753,753,753,753,736,736,736,736,736,736,736,736,736,736,720,720,720,720,720,736,736,736,736,736,736,736,736,753,736,736,736,736,736,736,736,736,736,736,736,736,736,736,736,736,736,736,736,736,736,736,736,720,736,736,720,720,720,720,736,736,736,736,736,753,753,753,771,771,771,771,771,771,789,808,808,808,808,808,0,0,0,0,0,896,896,896,872,872,872,872,872,872,872,872,872,872,872,872,872,872,872,872,872,872,872,872,872,872,2070,0,0,0,0,0,0,0,0,0,872,872,872,872,872,872,872,872,896,896,0,0,0,0,0,1274,1274,1274,1274,1380,1440,1506,1506,1440,1440,1506,1506,1506,1506,1578,0,1506,0,0,0,0,0,0,0,0,0,0,0,1506,1506,1656,0,0,0,0,0,0,0,0,0,0,0,0,0,0,0,1506,1578,1506,1506,1578,1656,0,1656,1578,0,0,0,0,0,0,0,0,0,0,0,0,0,0,0,0,0,0,0,0,1578,1506,1506,1506,1506,1506,1506,1506,1506,1506,1506,1506,1506,1506,1506,1506,1506,1506,1506,1506,1506,1506,1506,1506,1506,1506,1506,1506,2760,0,0,0,0,0,3011,3312,0,0,3312,3312,2760,2760,2760,3011,3011,3011,2760,2760,2760,2760,2760,2760,2760,2760,2760,2760,2760,2760,2760,2760,2760,2760,2760,2760,2760,2760,2760,2760,2760,2760,2760,2760,2760,2760,2760,2760,2760,2760,2760,2760,2760,2760,2760,2760,2760,2760,2760,2760,2760,2548,2548,2548,2548,2760,2760,2760,2760,2760,2760,2760,2760,2760,2760,2760,2760,2760,2760,2760,2760,2760,2760,2548,2548,2548,2548,2548,2548,2548,2548,2548,2548,2548,2548,2548,2548,2548,2548,2548,2548,2366,2366,2366,2366,2366,2366,2366,2366,2366,2366,2366,2366,2366,2366,2366,2366,2366,2366,2366,2366,2366,2366,2366,2366,2366,2366,2366,2366,2366,2366,2208,2208,2208,2208,2208,2366,2366,2366,2208,2208,2208,2208,2208,2208,2208,2208,2208,2208,2208,2208,2208,2208,2208,2208,2208,2208,2208,2208,2208,2366,2366,2366,2366,0,0,0,0,0,0,0,0,0,0,0,0,0,0
705,705,705,705,705,705,690,690,705,705,705,705,705,705,705,705,705,705,705,705,720,720,720,720,720,720,720,720,736,1656,1744,0,0,0,0,0,0,0,0,0,0,0,0,0,0,0,0,0,0,0,0,0,0,0,0,789,789,789,789,771,771,771,771,771,771,771,771,771,789,789,789,789,789,789,789,789,789,789,789,789,789,789,789,789,789,789,789,789,789,789,789,808,808,808,808,789,789,808,808,0,0,0,0,0,0,0,0,0,0,0,0,0,0,0,0,0,0,0,0,0,0,872,0,0,872,0,872,872,872,850,850,850,850,872,872,872,872,872,872,872,872,872,872,872,872,872,872,872,872,872,872,872,872,872,872,872,872,896,896,896,896,896,896,896,896,896,896,896,896,896,896,896,896,896,896,896,896,896,920,920,920,920,920,896,872,872,872,1183,0,0,0,0,0,0,0,0,0,0,0,0,0,0,0,0,1004,975,975,975,975,975,1004,1004,0,0,0,0,789,771,771,771,753,753,753,736,736,753,753,753,753,753,753,736,736,736,736,736,736,736,736,736,720,720,720,720,720,736,736,736,736,736,736,736,736,753,736,753,753,736,736,736,736,736,736,736,736,736,736,736,736,736,736,736,736,736,736,736,736,720,720,720,705,705,705,720,720,736,736,736,753,753,771,771,771,771,771,771,771,771,789,808,808,808,808,808,0,0,896,896,896,896,896,896,896,872,872,872,872,872,872,872,872,872,872,872,872,872,872,872,872,872,872,872,872,872,872,0,0,0,4732,4732,0,0,0,872,872,872,872,872,872,872,872,872,896,896,0,0,0,0,0,0,1274,1274,1325,1380,1440,1440,1440,1440,1440,1506,1506,1506,1506,1506,1506,1506,1506,1506,1506,1506,0,0,0,0,0,0,1506,1506,1506,1656,0,0,0,1656,1506,1506,1440,1440,0,0,0,0,0,0,0,0,0,1578,1506,1578,1656,1656,1840,1840,0,0,0,0,0,0,0,0,0,0,0,0,0,0,0,0,0,0,0,1578,1506,1506,1506,1506,1506,1506,1506,1506,1506,1506,1506,1506,1506,1506,1506,1506,1506,1506,1506,1506,1506,1506,1506,1506,1506,1506,1506,1506,2760,0,0,0,0,0,3011,3312,0,0,3312,3312,2760,2760,2760,3011,3011,3011,2760,2760,2760,2760,2760,2760,2760,2760,2760,2760,2760,2760,2760,2760,2760,2760,2760,2760,2760,2760,2760,2760,2760,2760,2760,2760,2760,2760,2760,2760,2760,2548,2548,2548,2548,2548,2760,2760,2760,2760,2760,2760,2548,2548,2548,2548,2548,2760,2760,2760,2760,2760,2760,2760,2760,2760,2760,2760,2760,2760,2760,2760,2760,2760,2548,2548,2548,2548,2548,2548,2548,2548,2548,2548,2548,2548,2548,2548,2548,2548,2366,2366,2366,2366,2366,2366,2366,2366,2366,2366,2366,2366,2366,2366,2366,2366,2366,2366,2366,2366,2366,2366,2366,2366,2366,2366,2366,2366,2366,2366,2366,2366,2366,2208,2070,2070,2208,2208,2366,2366,2366,2208,2208,2208,2208,2208,2208,2208,2208,2208,2208,2208,2208,2208,2208,2208,2208,2208,2208,2208,2208,2208,2366,2366,2366,2366,2366,2548,0,0,0,0,0,0,0,0,0,0,0,0
705,705,690,690,690,690,690,690,690,705,705,705,705,705,705,705,705,705,705,720,720,720,720,2208,2208,2208,2208,2208,1744,1744,0,0,0,0,0,0,0,0,0,0,0,0,0,0,0,0,0,0,0,0,0,0,0,0,0,0,789,789,771,771,771,771,771,771,771,771,771,771,771,789,789,789,789,789,789,789,789,789,789,789,789,789,789,789,789,789,789,789,789,789,789,808,808,808,808,808,808,808,808,808,0,0,0,0,0,0,0,0,0,0,0,0,0,0,0,0,0,0,0,0,0,0,0,0,0,0,0,0,0,0,0,872,872,872,872,872,872,872,872,872,872,872,872,872,872,872,872,872,872,872,872,872,872,872,872,872,872,872,896,896,896,896,896,896,896,896,896,896,896,896,896,896,896,920,920,920,920,920,920,920,920,920,920,872,872,872,872,872,0,0,0,0,0,0,0,0,0,0,0,0,0,0,0,0,1004,1004,1004,975,975,1004,1004,0,0,0,0,0,771,771,753,753,753,753,753,736,736,753,753,753,753,753,736,736,736,736,736,736,736,736,736,736,720,720,720,720,720,736,736,736,736,736,736,736,736,753,736,753,753,736,736,736,736,736,736,736,736,736,736,736,736,736,736,736,736,736,736,736,736,720,736,736,705,705,705,720,736,736,736,736,753,771,771,771,771,771,771,771,771,771,789,808,808,789,808,771,789,0,896,896,896,896,896,896,896,896,872,872,872,872,872,872,872,872,872,872,872,872,872,872,872,872,872,872,872,872,872,3312,3312,3312,4732,4732,4732,4732,872,872,872,872,872,872,872,872,872,872,896,896,0,0,0,0,0,1274,1274,1274,1325,1380,1440,1440,1440,1440,1440,1506,1506,1506,1506,1506,1506,1506,1506,1506,2070,2070,0,0,0,0,0,0,0,0,0,0,0,0,0,1656,1506,1506,1506,0,0,0,0,0,0,0,0,0,0,0,0,0,0,0,0,0,0,0,0,0,0,0,0,0,0,0,0,0,2208,0,0,0,0,0,0,1578,1506,1506,1506,1506,1506,1506,1506,1506,1506,1506,1506,1506,1506,1506,1506,1506,1506,1506,1506,1506,1506,1506,1506,1506,1506,1506,1506,1506,1506,2760,2760,0,0,0,0,0,0,0,0,0,0,3011,3011,0,0,3011,2760,2760,2760,2760,2760,2760,2760,2760,2760,2760,2760,2760,2760,2760,2760,2760,2760,2760,2760,2760,2760,2760,2760,2760,2760,2760,2760,2760,2760,2548,2548,2548,2548,2548,2548,2548,2760,2760,2760,2760,2760,2760,2548,2548,2548,2548,2548,2760,2760,2760,2760,2760,2760,2760,2760,2760,2760,2760,2760,2760,2760,2760,2760,2548,2548,2548,2548,2548,2548,2548,2548,2548,2548,2548,2548,2548,2548,2548,2548,2548,2366,2366,2366,2366,2366,2366,2366,2366,2366,2366,2366,2366,2366,2366,2366,2366,2366,2366,2366,2366,2366,2366,2366,2366,2366,2366,2366,2366,2366,2366,2366,2366,2366,2208,2070,2070,2208,2208,2366,2366,2366,2366,2208,2208,2208,2208,2208,2208,2208,2208,2208,2208,2208,2208,2208,2366,2366,2208,2366,2366,2366,2366,2366,2366,2366,2366,2366,2366,2366,2366,0,0,0,0,0,0,16560,2366,2366,2366
720,720,690,690,690,690,690,690,690,705,705,705,705,720,720,720,720,720,720,720,720,720,720,2208,720,1656,1656,1656,1656,1656,1744,0,0,0,0,0,0,0,0,0,0,0,753,753,753,0,0,0,0,0,0,0,0,0,0,0,789,789,771,771,771,771,771,771,771,771,771,771,771,771,771,789,789,789,789,789,789,789,789,789,789,789,789,789,789,789,789,808,789,808,808,808,808,808,808,808,808,808,808,0,0,0,0,0,0,0,0,0,0,0,0,0,0,0,0,0,0,0,0,0,0,0,0,0,872,0,0,872,872,0,872,872,872,872,872,872,872,872,872,872,872,872,872,872,872,872,872,872,872,872,872,872,872,872,872,872,872,872,896,896,896,896,896,896,896,896,896,896,896,896,896,896,896,920,920,920,920,920,920,920,920,920,896,872,872,872,1183,0,0,0,0,0,0,0,0,0,0,0,0,0,0,0,0,0,1004,1004,1004,975,975,1004,0,0,0,0,0,0,771,771,753,753,753,753,753,753,753,753,753,753,753,753,753,736,736,736,736,736,736,736,736,736,736,736,720,736,736,736,736,736,736,736,736,736,753,753,753,0,0,0,736,736,736,736,736,736,736,736,736,736,736,736,736,736,736,736,736,736,736,736,736,736,705,720,720,736,736,736,736,753,753,771,771,771,771,771,771,771,771,771,771,789,789,789,789,771,771,0,896,896,896,896,896,896,896,896,872,872,872,872,872,872,872,872,872,872,872,872,872,872,872,872,872,872,872,872,872,872,896,3011,3312,3312,3011,1069,872,872,872,872,872,850,872,872,872,872,896,896,975,0,0,0,0,0,1274,1325,1380,1440,1440,1440,1440,1440,1506,1506,1506,1506,1506,1506,1506,1506,2070,2070,2070,2070,2070,0,0,0,0,0,0,0,0,0,0,0,0,1656,1506,1656,0,0,0,0,0,0,0,0,0,0,0,0,0,0,0,0,0,0,0,0,0,0,0,0,0,0,0,0,0,0,0,0,0,0,0,0,0,0,1578,1506,1506,1506,1506,1506,1506,1506,1506,1506,1506,1506,1506,1506,1506,1506,1506,1506,1506,1506,1506,1506,1506,1506,1506,1506,1506,1506,1506,1506,1578,1578,0,0,0,0,0,0,0,0,0,3011,3011,0,3011,2760,2760,2760,2760,2760,2760,2760,2760,2760,2760,2760,2760,2760,2760,2760,2760,2760,2760,2760,2760,2760,2760,2760,2760,2760,2760,2760,2760,2760,2760,2760,2760,2548,2548,2548,2548,2760,2760,2760,2760,2760,2760,2760,2548,2548,2548,2548,2548,2760,2760,2760,2760,2760,2760,2760,2760,2760,2760,2760,2760,2760,2760,2760,2760,2548,2548,2548,2548,2548,2548,2548,2548,2548,2548,2548,2548,2548,2548,2548,2548,2548,2366,2366,2366,2366,2366,2366,2366,2366,2366,2366,2366,2366,2366,2366,2366,2366,2366,2366,2366,2366,2366,2366,2366,2366,2208,2366,2366,2366,2366,2366,2366,2366,2366,2366,2208,2208,2208,2366,2366,2366,2366,2366,2366,2208,2208,2208,2208,2208,2208,2208,2208,2208,2208,2366,2366,2366,2366,2366,2366,2366,2366,2366,2366,2366,2366,2366,2366,2366,2366,2366,2366,33119,33119,33119,33119,2366,2366,2366,2366,2366
690,690,690,690,690,690,690,690,690,690,705,705,705,720,720,720,0,0,720,720,2208,2208,0,0,0,0,0,0,0,0,0,0,0,0,0,0,0,0,0,0,0,0,753,753,753,771,0,0,0,0,0,0,0,0,0,0,789,789,771,771,771,771,771,771,771,771,771,771,771,771,771,771,789,789,789,789,789,789,789,789,789,789,789,789,789,789,789,789,789,789,789,808,808,808,808,808,789,808,808,0,0,0,0,0,0,0,0,0,0,0,0,0,0,0,0,0,0,0,0,0,0,0,0,0,0,0,0,0,0,0,0,872,872,872,872,872,872,872,872,872,872,872,872,872,872,872,872,872,872,872,872,872,872,872,872,872,872,872,896,896,896,896,896,896,896,896,896,896,896,896,896,896,896,920,920,920,920,920,920,920,920,896,872,872,872,872,0,0,0,0,0,0,0,0,0,0,0,0,0,0,0,0,0,0,975,1004,1004,1004,975,1004,0,0,0,0,0,0,0,771,771,753,753,753,753,753,753,753,753,753,753,753,753,736,736,736,736,736,736,736,736,736,736,736,736,736,736,736,736,736,736,736,736,736,736,753,753,753,789,736,736,736,736,736,736,736,736,736,736,736,736,736,736,736,736,736,736,736,736,736,736,736,736,736,736,736,736,736,753,753,753,753,753,771,771,771,771,771,771,771,771,789,789,808,0,808,0,0,0,896,896,896,896,896,896,896,896,872,872,872,872,872,872,872,872,872,872,872,872,872,872,872,872,872,872,872,872,872,872,872,1069,872,872,872,872,872,872,872,872,872,872,872,872,872,896,947,975,1035,1035,1143,1183,1274,0,1325,1440,1440,1440,1440,1506,1506,1506,1506,1506,1506,1506,1506,1506,1506,2070,2070,0,2070,0,0,0,0,0,0,0,0,0,0,0,0,1506,1506,1506,1440,1440,0,0,0,0,0,0,0,0,0,0,0,0,0,0,0,0,0,0,0,0,0,0,0,0,0,0,0,2208,2208,2208,0,0,0,0,0,0,0,0,1506,1506,1506,1506,1506,1506,1506,1506,1506,1506,1506,1506,1506,1506,1506,1506,1506,1506,1506,1506,1506,1506,1506,1506,1506,1506,1506,1506,1506,1506,1578,0,0,0,0,0,0,0,0,0,0,0,0,2760,2548,2760,2760,2760,2760,2760,2760,2760,2760,2760,2548,2760,2760,2760,2760,2760,2760,2760,2760,2760,2760,2760,2760,2548,2760,2760,2760,2760,2760,2548,2548,2548,2548,2548,2548,2548,2760,2760,2760,0,2760,2760,2548,2548,2548,2548,2548,2548,2760,2760,0,0,0,2760,2760,2760,2760,0,0,2760,2760,2760,2760,2548,2548,2548,2548,2548,2548,2548,2548,2548,2548,2548,2548,2548,2548,2548,2548,2548,2548,2366,2548,2366,2366,2366,2366,2366,2366,2366,2366,2366,2366,2366,2366,2366,2366,2366,2366,2366,2366,2366,2366,2366,2208,2208,2208,2366,2366,2366,2366,2366,2366,2366,2366,2208,2208,2208,2366,2366,2366,2366,2366,2366,2366,2366,2366,2208,2366,2366,2366,2366,2366,2366,2366,2366,2366,2366,2366,2366,2366,2366,2366,2366,2366,2366,2366,2366,2366,2366,2366,2366,0,0,0,0,16560,2366,2366,2366,2366
690,690,690,690,690,690,690,690,690,705,705,705,705,705,720,720,720,5520,720,720,0,0,0,0,0,0,0,0,0,0,0,0,0,0,0,0,0,0,0,0,0,753,753,753,753,753,0,0,0,0,0,0,0,0,789,789,771,771,771,771,771,771,771,771,771,771,771,771,771,771,771,771,789,789,789,789,789,789,789,789,789,789,789,789,789,789,789,789,789,789,789,789,789,789,789,789,789,789,808,0,0,0,0,0,0,0,0,0,0,0,0,0,0,0,0,0,0,0,0,0,0,0,0,0,0,0,0,0,0,0,0,0,0,0,872,872,872,872,872,872,872,872,872,872,872,872,872,872,872,872,872,872,872,872,872,872,872,872,872,896,896,896,896,896,896,896,896,896,896,896,896,896,896,920,920,920,920,920,920,920,920,920,872,872,872,0,0,0,0,0,0,0,0,0,0,0,0,0,0,0,0,0,0,1004,975,975,975,1004,975,1004,0,0,0,0,0,0,0,0,1656,771,753,753,753,753,753,753,753,753,736,736,753,736,736,736,736,736,736,736,736,736,736,736,736,736,753,753,753,736,736,736,753,753,753,753,0,0,0,0,789,736,736,736,736,736,736,736,736,736,736,736,736,736,736,736,736,736,736,736,736,736,736,736,736,736,736,736,736,753,753,753,753,771,771,771,771,771,771,771,789,808,789,808,808,808,0,0,0,896,896,896,896,896,896,896,896,872,872,872,872,872,872,872,872,872,872,872,872,872,872,872,872,872,872,872,872,872,872,872,1069,872,872,872,872,872,872,872,872,872,872,872,872,896,896,975,1004,0,0,0,0,0,0,0,0,0,1506,1506,1506,1506,1506,1506,1506,1506,1506,1578,1578,2070,0,0,0,0,0,0,0,0,0,0,0,0,0,0,0,0,1506,1380,1440,1440,1440,1440,1440,0,0,0,0,0,0,0,0,0,0,0,0,0,0,0,0,0,0,0,0,0,0,0,0,0,0,0,0,0,0,0,0,0,0,0,0,0,0,0,1506,1506,1506,1506,1506,1506,1506,1506,1506,1506,1506,1506,1506,1506,1506,1506,1506,1506,1506,1506,1506,1506,1506,1506,1506,1506,1506,1578,1578,0,0,0,0,0,0,0,0,0,0,0,2548,2548,2548,2760,2760,2760,2760,2760,2760,2760,2760,2548,2760,2760,2760,2760,2760,2760,2760,2760,2760,2760,2760,2760,2548,3312,3312,2760,3312,3312,2548,2548,2548,2548,2548,2548,2548,3011,0,0,0,0,0,2548,2548,2548,2548,2548,2548,3011,0,0,0,0,0,0,0,0,0,0,3011,2548,3011,2548,2548,2548,2548,2548,2548,2548,2548,2548,2548,2548,2548,2548,2548,2548,2548,2366,2548,2366,2366,2366,2366,2366,2366,2366,2366,2366,2366,2366,2366,2366,2366,2366,2366,2366,2366,2366,2366,2366,2366,2366,2366,2366,2366,2366,2366,2366,2366,2366,2366,2366,2366,2366,2208,2208,2208,2366,2366,2366,2366,2366,2366,2366,2366,2366,2208,2366,2366,2366,2366,2366,2366,2366,2366,2366,2366,2366,2366,2366,2366,2366,2366,2366,2366,2366,2366,2366,2366,2366,2366,2366,2366,2366,2366,2366,2366,2366,2366,2366
690,690,690,690,690,690,690,690,690,705,705,705,705,0,5520,0,0,0,0,0,0,0,0,0,0,0,0,0,0,0,0,0,0,0,0,0,0,0,0,0,0,753,753,753,753,753,1004,0,0,0,0,0,0,0,0,0,808,789,789,789,789,771,771,771,771,771,771,771,771,771,771,789,789,789,789,789,789,789,789,789,789,789,789,789,789,789,789,789,789,789,789,789,789,789,808,789,789,789,0,0,0,0,0,0,0,0,0,0,0,0,0,0,0,0,0,0,0,0,0,0,0,0,0,0,0,0,0,0,0,0,0,2070,872,0,872,872,872,872,872,872,872,872,872,872,872,872,872,872,872,872,872,872,872,872,872,872,872,872,872,896,896,896,896,896,896,896,896,896,896,896,896,896,896,896,896,920,920,920,920,920,920,872,872,872,872,0,0,0,0,0,0,0,0,0,0,0,0,0,0,0,0,0,975,975,975,975,975,975,975,975,0,0,0,0,0,0,0,0,0,975,975,753,753,753,753,736,736,736,736,736,736,736,736,736,736,736,736,736,736,736,736,736,736,736,736,736,736,736,736,736,736,736,753,753,753,0,0,736,736,736,736,736,736,736,736,736,736,736,736,736,736,736,736,736,736,736,736,736,736,753,753,753,753,753,753,753,753,753,753,753,771,771,771,771,771,771,771,771,789,789,789,789,808,808,0,0,0,0,896,896,896,896,896,896,896,872,872,872,872,872,872,872,872,872,872,872,872,872,872,872,872,872,872,872,872,896,872,2760,3011,2760,872,872,872,872,872,872,872,872,872,872,872,896,896,975,1004,0,1104,1143,1183,1227,1274,1325,1440,1440,1440,1506,1506,1506,1506,1506,1506,1506,1578,0,0,0,0,0,0,0,0,0,0,0,0,0,0,0,0,0,0,0,0,1380,1440,1440,1440,1440,0,0,0,0,0,0,0,0,0,0,0,0,0,0,0,0,0,0,0,0,0,0,0,0,0,0,0,0,0,0,0,0,0,0,0,0,0,0,0,0,0,0,0,1506,1440,1440,1506,1506,1506,1506,1506,1506,1506,1506,1506,1506,1506,1506,1506,1506,1506,1506,1506,1506,1506,1506,1506,1506,1578,0,0,0,0,0,0,0,0,0,0,2548,2548,2548,2548,2548,2760,2760,2760,3011,3011,0,3312,0,3312,3312,3011,2760,2760,2760,2760,2760,2760,2760,3312,3312,3312,0,0,0,0,0,0,0,3011,2548,3011,3011,3011,3312,0,0,0,0,4732,3312,2548,2548,2548,2548,2760,0,0,0,0,0,0,0,0,0,0,0,3011,3011,3011,3011,2548,2548,2548,2548,2548,2548,2548,2548,2548,2548,2548,2548,2548,2548,2548,2366,2548,2366,2366,2366,2366,2366,2366,2366,2366,2366,2366,2366,2366,2366,2366,2366,2366,2366,2366,2366,2366,2366,2366,2366,2366,2366,2366,2366,2366,2366,2366,2366,2366,2366,2366,2366,2208,2208,2208,2366,2366,2366,2366,2366,2366,2366,2366,2366,2208,2366,2366,2366,2366,2366,2366,2366,2366,2366,2366,2366,2366,2366,2366,2366,2366,2366,2366,2366,2366,2366,2366,2366,2366,2366,2366,2366,2366,2366,2366,2366,2366,2366
676,676,690,690,690,690,690,690,690,705,705,705,720,0,0,0,0,0,0,0,0,0,0,0,0,0,0,0,0,0,0,0,0,0,0,0,0,0,0,0,0,771,771,753,753,771,771,808,0,0,0,0,0,0,789,789,789,789,789,789,789,771,771,771,771,771,771,771,771,771,771,771,789,789,789,789,789,789,789,789,789,789,789,789,789,789,789,789,789,789,789,789,789,789,789,789,789,789,0,0,0,0,0,0,0,0,0,0,0,0,0,0,0,0,0,0,0,0,0,0,0,0,0,0,0,0,0,0,0,0,872,872,872,872,872,872,872,872,872,872,872,872,872,872,872,872,872,872,872,872,872,872,872,872,872,872,872,872,872,872,896,896,896,896,896,896,896,896,896,896,896,896,896,896,896,896,920,920,920,920,872,872,872,872,872,0,0,0,0,0,0,0,0,0,0,0,0,0,0,0,0,0,975,975,975,975,975,975,975,975,1004,0,0,0,0,0,0,0,0,0,1004,975,753,753,753,736,736,736,736,736,736,736,736,736,736,736,736,736,736,736,736,736,736,736,753,753,753,753,736,736,753,753,0,0,0,0,0,789,789,0,0,0,0,0,0,0,753,753,736,736,736,736,736,753,753,753,753,753,753,753,753,753,0,753,753,753,753,753,753,753,753,771,771,771,771,771,771,771,789,789,789,789,0,0,0,0,0,896,896,896,896,896,896,896,872,872,872,872,872,872,872,872,872,872,872,872,872,872,872,872,872,872,872,872,2070,3312,3312,3312,3312,3011,2760,1069,872,872,872,872,872,872,872,872,872,896,896,975,1035,0,0,0,1183,1227,1274,1325,1440,1440,1440,1506,1506,1506,1506,1506,1506,1506,1578,0,0,0,0,0,0,0,0,0,0,0,0,0,0,0,0,0,0,0,0,0,0,1440,1440,1440,1440,1440,1440,0,0,0,0,0,0,0,0,0,0,0,0,0,0,0,0,0,0,0,0,0,0,0,0,0,0,0,0,0,0,0,0,0,0,0,0,0,1506,1440,1506,1440,1440,1440,1440,1440,1440,1506,1506,1506,1506,1506,1506,1506,1506,1506,1506,1506,1506,1506,1506,1506,1506,1506,1506,1578,0,0,0,0,0,0,0,0,0,0,0,2548,2548,2548,2548,2548,2760,2760,2760,3011,3011,0,0,0,0,0,3011,3011,3011,3011,3011,3011,3011,3011,3312,3011,3011,0,0,3312,0,0,0,0,3011,2548,3011,3011,3011,3011,0,4732,0,4732,3011,2548,2548,2548,2548,2548,2548,3011,0,3312,3011,3011,3011,3011,3011,0,0,4732,3011,3011,3011,3011,3011,2760,2548,2548,2548,2548,2548,2548,2548,2548,2548,2548,2548,2548,2548,2548,2548,2548,2366,2548,2366,2366,2366,2366,2366,2366,2366,2366,2366,2366,2366,2366,2366,2366,2366,2366,2366,2366,2366,2366,2366,2366,2366,2366,2366,2366,2366,2366,2366,2366,2366,2366,2208,2208,2208,2366,2366,2366,2366,2366,2366,2366,2366,2366,2208,2366,2366,2366,2366,2366,2366,2366,2366,2366,2366,2366,2366,2366,2366,2366,2366,2366,2366,2366,2366,2366,2366,2366,2366,2366,2366,2366,2366,2366,2366,2366,2366,2366
676,676,690,690,690,690,690,690,690,705,705,705,0,0,0,0,0,0,0,0,0,0,0,0,0,0,0,0,0,0,0,0,0,0,0,0,0,0,0,0,0,0,771,771,771,771,1004,0,0,0,0,0,0,872,771,808,808,808,808,808,771,771,771,771,771,771,771,771,771,771,771,771,789,789,771,771,789,789,789,789,789,789,789,789,771,789,789,789,789,789,789,789,789,789,789,789,789,789,0,0,0,0,0,0,0,0,0,0,0,0,0,0,0,0,0,0,0,0,0,0,0,0,0,0,0,0,0,0,0,0,872,872,872,872,872,872,872,872,872,872,872,872,872,872,872,872,872,872,872,872,872,872,872,872,872,872,872,872,872,896,896,896,896,896,896,896,896,896,896,896,896,896,896,896,896,896,896,920,920,896,872,872,872,872,872,0,0,0,0,0,0,0,0,0,0,0,0,0,0,0,975,975,975,975,975,975,975,975,975,975,975,975,975,1744,1744,0,0,0,0,1656,1004,975,975,753,753,736,736,736,736,736,736,736,736,736,736,736,736,736,736,736,736,736,736,736,753,753,0,0,0,0,0,0,0,0,0,0,0,789,0,0,0,0,0,0,0,0,0,753,736,736,736,753,0,0,753,753,753,753,0,0,0,0,0,0,0,0,0,771,789,789,771,771,771,771,771,771,771,771,789,789,789,789,808,808,0,0,0,0,896,896,896,896,896,896,872,872,872,872,872,872,872,872,872,872,872,872,872,872,872,872,872,872,872,872,0,0,3312,3312,3312,3312,2760,872,872,872,872,872,872,872,872,872,872,896,896,975,0,0,0,0,1227,1227,1274,1274,1440,1440,1440,1506,1506,1506,1506,1506,1506,1506,1506,1578,1578,1578,0,0,0,0,0,0,0,0,0,0,0,0,0,0,0,0,1506,1506,1440,1440,1380,1440,1440,1380,1440,1440,1440,1578,0,0,0,0,0,0,0,0,0,0,0,0,0,0,0,0,0,0,0,0,0,0,0,0,0,0,0,0,0,0,0,0,0,0,1440,1440,1440,1440,1440,1440,1440,1440,1440,1506,1506,1506,1506,1506,1506,1506,1506,1506,1506,1506,1506,1506,1506,1506,1506,1506,1506,1578,0,0,0,0,0,0,0,0,0,0,0,0,0,2548,2548,2760,2760,2760,2760,3011,3011,0,0,0,0,0,3011,3011,3011,3011,3011,3011,3011,3011,3312,3011,3011,0,0,0,0,0,0,0,3011,3011,3011,3011,3011,3011,0,0,0,0,0,0,2548,2548,2548,2548,2760,3011,3011,3011,3011,3011,3011,3011,3011,4732,4732,3011,3011,3011,3011,3011,3011,3011,3011,2548,2548,2548,2548,2548,2548,2548,2548,2548,2548,2548,2548,2548,2548,2548,2366,2548,2366,2366,2366,2366,2366,2366,2366,2366,2366,2366,2366,2366,2366,2366,2366,2366,2366,2366,2366,2366,2366,2366,2366,2366,2366,2366,2366,2366,2366,2366,2366,2208,2208,2208,2208,2366,2366,2366,2366,2366,2208,2208,2208,2208,2208,2208,2208,2208,2366,2366,2366,2366,2366,2366,2366,2366,2366,2366,2366,2366,2366,2366,2366,2366,2366,2366,2366,2366,2366,2366,2366,2366,2366,2366,2366,2366,2366,2366
676,676,690,690,690,690,2366,2366,2366,0,2366,0,0,0,0,0,0,0,0,0,0,0,0,0,0,0,0,0,0,0,0,0,0,0,0,0,0,0,0,0,0,0,0,872,0,0,0,0,0,0,0,0,0,0,808,0,0,0,808,808,789,771,771,771,771,771,771,771,789,789,789,771,789,789,771,771,789,789,789,789,789,789,789,789,771,789,789,789,789,789,789,789,789,789,789,789,789,789,789,0,0,0,0,0,0,0,0,0,0,0,0,0,0,0,0,0,0,0,0,0,0,0,0,0,0,0,0,0,872,872,872,872,872,872,872,872,872,872,872,872,872,872,872,872,872,872,872,872,872,872,872,872,872,872,872,872,872,872,872,872,872,872,896,896,896,896,896,896,896,896,896,896,896,896,896,896,896,896,896,872,872,872,872,872,872,0,0,0,0,0,0,0,0,0,0,0,0,975,975,975,975,975,975,975,975,975,975,975,975,975,975,975,975,1004,1004,1004,1004,1004,1004,1004,1004,1004,1004,1004,753,736,736,736,736,736,736,736,736,736,736,736,736,736,720,720,720,736,720,736,753,0,0,0,0,0,0,0,0,0,0,0,0,0,0,0,0,0,0,0,0,0,0,0,0,0,0,0,0,0,0,0,0,0,0,0,0,0,0,0,0,0,0,0,0,0,789,771,771,771,771,771,771,771,789,789,771,789,789,789,789,808,0,896,896,896,896,896,896,896,872,872,872,872,872,872,872,872,872,872,872,872,872,872,872,872,872,872,872,872,0,0,0,0,0,3312,3011,2760,872,872,872,872,872,872,872,872,872,896,896,0,0,0,0,0,1183,1227,1227,1274,1440,1440,1440,1440,1506,1506,1506,1506,1506,1506,1506,1506,1506,1506,1578,0,0,0,0,0,0,0,0,0,1578,1578,1506,1506,1506,1506,1506,1506,1440,1440,1440,1440,1440,1380,1380,1440,1440,1440,1440,1744,0,0,0,0,0,0,0,0,0,0,0,0,0,0,0,0,0,0,0,0,0,0,0,0,0,0,0,0,0,0,0,0,1440,1440,1440,1440,1440,1440,1440,1440,1440,1440,1506,1506,1506,1506,1506,1506,1506,1506,1440,1440,1506,1506,1506,1506,1506,1506,1506,1578,1578,1578,0,0,0,0,0,0,0,0,0,0,0,0,2760,2760,2760,2760,3011,3011,0,0,0,0,0,0,3312,3011,3011,3011,3011,3011,3011,3011,3312,3312,3312,0,0,0,0,0,0,0,0,3011,3312,3011,3011,3011,3312,3312,0,0,0,0,0,0,0,0,3011,0,3312,3011,3011,3011,3011,3312,3312,0,4732,3011,3011,3011,3011,3011,3011,3011,3011,2760,2548,2548,2548,2548,2548,2548,2548,2548,2548,2548,2548,2548,2548,2548,2548,2548,2366,2366,2366,2366,2366,2366,2366,2366,2366,2366,2366,2366,2366,2366,2366,2366,2366,2366,2366,2366,2208,2208,2208,2208,2366,2366,2366,2366,2366,2366,2208,2070,2070,2070,2208,2366,2366,2366,2366,2366,2208,2208,2208,2208,2208,2208,2208,2208,2208,2208,2366,2366,2366,2366,2366,2366,2366,2366,2366,2366,2366,2366,2366,2366,2366,2366,2366,2366,2366,2366,2366,2366,2366,2366,2366,2366,2366,2366
690,690,690,690,690,690,2548,2548,2548,0,0,0,0,0,0,0,0,0,0,0,0,0,0,0,0,0,0,0,0,0,0,0,0,0,0,0,0,0,0,0,0,0,0,872,0,0,0,0,0,0,808,808,872,872,808,0,0,0,0,0,808,771,771,771,771,771,771,771,789,789,789,789,789,789,771,771,789,789,789,789,789,789,789,789,771,789,789,789,789,789,789,808,808,789,789,789,789,789,789,0,0,0,0,0,0,0,0,0,0,0,0,0,0,2070,2070,1949,2070,872,872,872,872,872,872,872,872,872,872,872,872,872,850,872,872,872,872,872,872,872,872,872,872,872,872,872,872,872,872,872,872,872,872,872,872,872,872,872,872,872,872,872,872,896,896,896,896,896,896,896,896,896,896,896,896,896,896,896,896,896,872,872,872,872,872,872,872,872,0,0,0,0,0,0,0,0,0,0,0,975,975,975,975,975,975,975,975,975,975,975,975,975,975,975,975,1004,1004,975,1004,1004,1004,975,1004,1004,1004,1004,1004,975,736,736,736,736,736,736,736,736,736,720,720,720,720,720,720,720,720,720,736,736,736,753,736,0,0,0,0,0,0,0,0,0,0,0,0,0,0,0,0,0,0,0,0,0,0,0,0,0,0,0,0,0,0,0,0,0,0,0,0,0,0,0,0,0,789,771,771,771,771,771,771,771,789,771,771,789,789,771,789,808,896,896,896,896,896,896,896,896,872,872,872,872,872,872,872,872,872,872,872,872,872,872,872,872,872,872,872,872,0,0,0,0,0,3312,3011,872,872,872,872,872,872,872,872,872,872,896,896,0,0,0,0,1143,1143,1227,1227,1227,1325,1380,1440,1440,1440,1440,1506,1506,1506,1506,1506,1506,1506,1506,1506,1506,0,0,0,0,0,0,0,1578,1506,1506,1506,1506,1506,1506,1506,1506,1440,1440,1440,1440,1440,1440,1440,1440,1440,1440,1440,1578,0,0,0,0,0,1744,1578,1578,0,0,0,0,0,0,0,0,0,0,0,0,0,0,0,0,0,0,0,0,0,0,0,1506,1440,1440,1440,1440,1440,1440,1440,1440,1440,1440,1506,1506,1506,1506,1506,1506,1506,1440,1440,1440,1506,1506,1506,1506,1506,1506,1506,1578,1578,1578,0,0,0,0,0,0,0,0,0,0,0,0,0,0,0,2760,3011,3011,3011,0,0,0,0,0,3312,3011,3011,3011,3011,2760,2760,3011,3312,3312,0,0,0,0,0,0,0,0,0,0,0,3011,3312,3312,0,0,0,0,0,0,0,2760,2760,0,2760,0,0,0,3312,3312,3312,4732,0,0,0,0,0,0,3312,3312,3312,3312,3011,2760,2548,2548,2548,2548,2548,2548,2548,2548,2548,2548,2548,2548,2548,2548,2548,2548,2366,2366,2366,2366,2366,2366,2366,2366,2366,2366,2366,2366,2366,2366,2366,2366,2366,2366,2366,2366,2208,2208,2070,2208,2208,2366,2366,2366,2366,2366,2070,2070,2070,2070,2208,2366,2366,2366,2208,2208,2070,2070,2070,2070,2070,2070,2070,2070,2070,2208,2208,2366,2366,2366,2366,2366,2366,2366,2366,2366,2366,2366,2548,2366,2366,2366,2070,2070,2070,2070,2070,2070,2070,2070,2070,2070,2070,2070
975,975,0,0,0,0,0,0,0,0,0,0,0,0,0,0,0,0,0,0,0,0,0,0,0,0,0,0,0,0,0,0,0,0,0,0,0,0,0,872,771,771,771,771,771,771,771,771,771,771,771,771,771,771,771,771,771,771,771,771,771,771,771,771,771,771,771,771,771,771,771,771,771,771,771,771,771,771,789,789,789,789,771,771,771,771,771,789,789,789,789,808,808,808,808,789,789,789,789,0,0,0,0,0,0,0,0,0,872,872,872,872,872,850,850,850,850,850,850,850,850,850,850,850,850,850,850,850,850,850,850,850,850,850,850,850,850,872,872,872,872,872,872,872,872,872,872,872,872,872,872,872,872,872,872,872,872,872,872,896,896,896,896,896,896,896,896,896,896,896,896,896,896,896,920,920,920,896,872,872,872,872,872,872,872,872,0,0,0,0,0,0,0,0,0,0,0,1004,1004,975,975,975,975,975,975,975,975,975,975,975,975,975,1004,1004,1004,1004,1004,1004,1004,1004,1004,1004,1004,1004,1004,1004,1004,736,736,736,736,736,736,736,736,720,720,720,720,720,720,720,720,720,720,720,720,720,720,720,0,0,0,0,0,0,0,0,0,0,0,0,0,0,0,0,0,0,0,0,0,0,0,0,0,0,0,0,0,0,0,0,0,736,753,753,0,0,0,0,789,771,771,771,771,771,771,771,789,789,771,0,0,789,789,808,828,896,896,896,896,896,896,896,872,872,872,872,872,872,872,872,872,872,872,872,872,872,872,872,872,872,872,2070,0,0,0,0,0,3312,3312,872,872,872,872,872,872,872,872,872,872,896,896,0,0,0,0,1143,1143,1227,1227,1227,1325,1380,1440,1440,1440,1440,1506,1506,1506,1506,1506,1506,1506,1506,1506,1506,1506,0,0,0,0,0,0,1506,1506,1506,1506,1506,1506,1440,1440,1440,1440,1440,1440,1440,1380,1380,1380,1380,1380,1440,1440,1440,0,0,0,0,1440,1440,1440,1440,1440,1440,0,0,0,0,0,0,0,0,0,0,0,0,0,0,0,0,0,0,0,0,33119,1440,1440,1440,1440,1440,1440,1440,1440,1440,1440,1440,1440,1506,1506,1506,1506,1506,1440,1440,1440,1440,1506,1506,1506,1506,1506,1506,1506,1506,1578,1578,1578,0,0,0,0,0,0,0,0,0,0,0,0,0,0,0,3011,3011,3011,3011,3312,0,0,3312,3011,3011,3011,3011,3011,2760,2760,3011,3011,3312,0,0,0,0,0,3312,0,0,0,3312,0,3011,3011,3011,3011,3312,0,0,0,0,0,0,2548,2760,2760,3011,3312,0,3312,3312,3011,3312,3312,0,3312,0,0,0,3312,3312,3312,3011,3011,2760,2548,2548,2548,2548,2548,2548,2548,2548,2548,2366,2548,2548,2548,2548,2548,2548,2548,2366,2366,2366,2366,2366,2366,2366,2366,2366,2366,2366,2366,2366,2366,2366,2366,2366,2366,2366,2208,2070,2070,2208,2208,2366,2366,2366,2366,2366,2070,2070,2070,2070,2070,2366,2366,2366,2366,2070,2070,2070,2070,2070,2070,2070,2070,2070,2070,2070,2366,2366,2366,2366,2366,2366,2366,2366,2366,2366,2366,2366,2366,2366,2366,2366,2070,2070,2070,2070,2070,2070,2070,2070,2070,2070,2070,2070
0,0,0,0,0,0,0,0,0,0,0,0,0,0,0,0,0,0,0,0,0,0,0,0,0,0,0,0,0,0,0,0,0,0,0,0,0,0,0,0,771,771,771,771,771,771,771,771,771,771,771,771,771,771,771,771,0,0,0,0,771,771,771,771,771,771,771,771,771,771,771,771,771,771,771,771,771,789,789,789,789,789,789,771,771,771,789,789,789,789,789,789,789,789,789,789,789,789,789,0,0,0,0,0,0,850,850,850,850,850,850,850,850,850,850,850,850,850,850,850,850,850,850,850,850,850,850,850,850,850,850,850,850,850,850,850,850,850,850,872,872,872,872,872,872,872,872,872,872,872,872,872,872,872,872,872,872,872,872,896,872,896,896,896,896,896,896,896,896,896,920,920,920,920,920,920,920,896,872,872,872,872,872,872,872,0,0,0,0,0,0,0,0,0,0,0,0,1004,1004,1004,975,975,975,975,975,975,1004,1004,975,1004,1004,1004,1004,1004,1004,1004,1004,1004,1004,1004,1004,1004,1004,1004,1004,1004,1004,1004,736,736,736,736,736,720,720,720,720,720,720,720,720,720,720,720,720,720,720,720,720,720,720,0,0,0,0,0,789,789,0,0,0,0,0,0,0,0,0,0,0,0,0,0,0,0,705,0,771,771,0,0,0,771,720,720,720,720,0,0,0,0,0,789,789,771,771,771,771,771,771,789,771,0,0,771,789,808,828,896,896,896,896,896,896,896,872,872,872,872,872,872,872,872,872,872,872,872,872,872,872,872,872,872,872,0,0,0,0,0,0,3312,3312,872,872,872,872,872,872,872,872,872,872,896,0,0,0,0,0,1143,1183,1183,1227,1227,1274,1380,1440,1440,1440,1440,1506,1506,1506,1506,1506,1506,1506,1506,1506,1506,1506,0,0,0,0,0,1506,1506,1506,1506,1506,1506,1506,1440,1440,1440,1440,1440,1380,1440,1380,1380,1380,1380,1380,1440,1440,1440,0,0,0,0,1440,1440,1440,1440,1440,1440,1440,0,0,0,0,0,0,0,0,0,0,0,0,0,0,0,0,0,0,0,1440,1440,1440,1440,1440,1440,1440,1440,1440,1440,1440,1440,1506,1506,1506,1506,1506,1506,1506,1440,1440,1440,1506,1506,1506,1506,1506,1506,1506,1506,1578,1578,1578,1578,0,0,0,0,0,0,0,0,0,0,0,0,0,0,3011,2760,2760,3011,3011,3011,3312,3011,3011,3011,3011,2760,3011,2760,2760,3011,3011,3011,3312,0,0,3312,3312,3312,3312,3312,0,0,0,3312,3312,3312,3312,3312,0,0,0,0,0,0,2548,2548,2548,2760,3011,0,0,0,0,0,3312,0,3011,3312,3312,0,3312,3312,3011,3011,3011,2548,2548,2548,2548,2548,2548,2548,2548,2548,2548,2366,2548,2548,2548,2548,2548,2548,2548,2366,2366,2366,2366,2366,2366,2366,2366,2366,2366,2366,2366,2366,2366,2366,2548,2366,2366,2366,2208,2070,2070,2208,2208,2366,2366,2366,2366,2366,2070,2070,2070,2070,2070,2208,2208,2208,2070,2070,2070,2070,2070,2070,2070,2070,2070,2070,2070,2070,2208,2366,2366,2366,2366,2366,2366,2366,2366,2366,2366,2366,2366,2366,2366,2208,2070,2070,2070,2070,2070,2070,2070,2070,2070,2070,2070,2070
0,0,0,0,0,0,0,0,0,0,0,0,0,0,0,0,0,0,0,0,0,0,0,0,0,0,0,0,0,0,0,0,0,0,0,0,0,0,0,0,771,771,771,771,771,771,771,771,771,771,771,771,771,771,771,771,0,0,0,0,0,771,771,771,771,771,771,771,771,771,771,771,771,771,771,771,771,789,789,789,789,789,789,771,771,771,789,789,789,789,789,789,789,789,789,789,789,789,789,808,0,0,0,0,0,850,850,850,828,828,828,828,828,828,850,850,850,850,850,850,850,850,850,850,850,850,850,850,850,850,850,850,850,850,850,850,850,850,850,872,872,872,872,872,872,872,872,872,872,872,872,872,872,872,872,872,872,872,872,872,872,872,896,896,896,896,896,896,896,896,920,920,920,920,920,920,920,872,872,872,872,872,872,872,872,0,0,0,0,0,0,0,0,0,0,0,0,1004,1004,1004,975,975,975,1004,1004,1004,1004,1004,975,1004,1004,1004,1004,1004,1004,1004,1004,1004,1004,1004,1004,1004,1004,1004,1004,1004,1004,1004,1004,1004,736,736,736,720,720,720,720,720,720,720,720,720,720,720,720,720,720,720,720,720,720,720,720,0,720,705,705,705,705,705,705,705,0,705,0,0,0,690,705,0,705,0,0,705,705,705,771,771,0,0,0,771,720,720,705,720,0,0,0,0,0,771,771,771,771,771,771,771,771,789,771,0,0,0,0,828,828,896,896,896,896,896,896,896,872,872,872,872,872,872,872,872,872,872,872,872,872,872,872,872,872,872,872,0,0,0,0,0,0,3312,3312,872,872,872,872,872,872,872,872,872,872,896,0,0,0,0,0,1143,1143,1183,1183,1227,1227,1380,1440,1440,1440,1440,1506,1506,1506,1506,1506,1506,1506,1506,1506,1506,1506,0,0,0,0,0,0,1506,1506,1506,1506,1506,1506,1506,1440,1440,1440,1440,1380,1440,1380,1380,1380,1380,1380,1380,1440,1440,0,0,0,0,1440,1440,1440,1440,1440,1440,1440,0,0,0,0,0,0,0,0,0,0,0,0,0,0,0,0,0,0,0,1440,1440,1440,1440,1440,1440,1440,1440,1440,1440,1440,1440,1440,1506,1578,1506,1506,1506,1440,1440,1440,1440,1440,1506,1506,1506,1506,1506,1506,1506,1506,1506,1578,1578,0,0,0,0,0,0,0,0,0,0,0,0,0,0,3011,3011,3011,3011,3011,3011,3312,3011,3011,3011,3011,3011,3011,3011,3011,3011,3011,3011,3312,0,3312,3312,3312,3011,3011,3312,3312,3312,3312,3011,3312,3011,3011,3011,0,0,0,0,0,0,2548,2548,2760,3011,3011,0,0,0,0,0,3312,0,3011,3312,3312,0,3312,3312,3011,3011,3011,2548,2548,2548,2548,2548,2548,2548,2548,2548,2548,2366,2548,2548,2548,2548,2548,2548,2366,2366,2366,2366,2366,2366,2366,2366,2366,2366,2366,2366,2366,2366,2548,2548,2548,2366,2366,2366,2208,2208,2070,2208,2208,2366,2366,2366,2366,2366,2208,2070,2070,2070,2070,2208,2208,2208,2208,2208,2070,2070,2070,2070,2070,2070,2070,2070,2070,2208,2208,2366,2366,2366,2366,2366,2366,2366,2366,2366,2366,2366,2366,2366,2548,2548,2208,2208,2208,2208,2208,2208,2208,2208,2208,2208,2208,2208
0,0,0,0,0,0,0,0,0,0,0,0,0,0,0,0,0,0,0,0,0,0,0,0,0,0,0,0,0,0,0,0,0,0,771,0,0,0,0,0,771,771,771,771,771,771,771,771,753,753,753,753,771,771,771,771,771,771,771,771,771,771,771,771,771,771,771,771,771,771,771,771,771,771,771,771,771,771,789,789,789,789,771,771,771,771,771,789,789,789,789,789,789,789,789,789,789,789,789,808,0,0,0,0,0,850,850,0,850,828,828,828,828,850,850,850,850,850,850,850,850,850,850,850,850,850,850,850,850,850,850,850,850,850,850,850,850,850,850,872,872,850,850,850,850,850,872,872,872,872,872,872,872,872,872,872,872,872,872,872,872,872,872,896,896,920,920,920,920,920,920,920,920,920,920,920,896,872,872,872,872,872,872,872,872,0,0,0,0,0,0,0,0,0,0,0,0,1004,1004,1004,975,975,975,975,975,975,1004,1004,975,1004,1004,1004,1004,1004,1004,1004,1004,1004,1004,1004,1004,1004,1004,1004,1004,1004,1004,1004,1004,1004,1004,1004,1004,736,720,720,720,720,720,720,720,720,720,720,720,720,720,720,705,705,705,705,705,705,705,705,705,705,705,705,705,705,705,705,705,771,771,690,705,771,705,771,0,771,705,771,771,771,0,0,0,771,720,720,705,753,771,0,0,0,0,771,771,771,771,771,771,771,789,789,0,0,0,0,0,0,896,896,896,896,896,896,896,896,872,872,872,872,872,872,872,872,872,872,872,872,872,872,872,872,872,872,872,0,0,0,0,0,0,3312,3312,872,872,872,872,872,872,872,872,872,872,896,0,0,0,0,0,1143,1143,1183,1183,1227,1227,1380,1440,1440,1440,1440,1506,1506,1506,1506,1506,1506,1506,1506,1506,1506,1506,0,0,0,0,0,1506,1506,1506,1506,1440,1440,1440,1440,1440,1440,1440,1440,1440,1440,1380,1380,1380,1380,1380,1380,1440,0,0,0,0,0,1440,1440,1440,1440,1440,1440,0,0,0,0,0,0,0,0,0,0,0,0,0,0,0,0,0,0,0,0,1440,1440,1440,1440,1440,1440,1440,1440,1440,1440,1440,1440,1440,1506,1506,1506,1506,1440,1440,1440,1440,1440,1440,1440,1506,1506,1506,1506,1506,1506,1506,1506,1506,1578,0,0,0,0,0,0,0,0,0,2760,2760,3011,0,3011,3011,3011,3011,3011,3011,3011,3011,3011,3011,3011,3011,3011,3011,3011,3011,3011,3011,3011,3011,0,3011,3011,3011,3011,3011,3011,3011,3011,3011,3011,3011,3011,3011,3011,3011,3011,0,0,2760,2548,2366,2366,2548,2760,3011,3011,3011,3011,3011,3011,3011,3011,3011,3011,3011,3011,3011,3011,3011,3011,2760,2548,2548,2548,2548,2548,2548,2548,2548,2548,2548,2366,2366,2366,2548,2548,2366,2548,2366,2366,2366,2366,2366,2366,2366,2366,2366,2366,2366,2366,2366,2366,2548,2548,2366,2366,2366,2366,2208,2208,2208,2208,2208,2366,2366,2366,2366,2366,2366,2208,2070,2070,2208,2366,2366,2366,2208,2208,2208,2208,2208,2208,2208,2070,2070,2070,2208,2208,2366,2366,2366,2366,2366,2366,2366,2366,2366,2366,2366,2366,2366,2548,0,0,0,0,0,0,33119,0,0,0,0,0,0,2548
0,0,690,690,690,690,16560,16560,16560,0,0,0,0,0,0,0,0,0,0,0,0,0,0,0,0,0,0,0,0,0,0,0,0,0,0,0,0,0,0,0,0,1183,2208,2208,2208,2208,2208,771,771,753,753,771,771,771,771,771,771,771,771,771,771,771,771,771,771,771,771,771,771,771,771,771,771,771,771,771,771,771,771,771,789,771,771,771,771,771,771,789,789,789,789,789,808,808,789,789,789,789,789,808,850,0,0,0,0,0,0,0,850,828,828,828,828,828,850,850,850,850,850,850,850,850,850,850,850,850,850,850,850,850,850,850,850,850,850,850,850,850,850,850,850,850,850,850,850,850,850,872,872,872,872,872,872,872,872,872,872,872,872,872,872,872,872,896,896,896,920,920,920,920,920,920,920,920,920,920,872,872,872,872,872,872,872,872,872,0,0,0,0,0,0,0,0,0,0,0,0,1004,1004,975,975,975,975,975,975,975,975,975,975,1004,1004,1004,1004,1004,1004,1004,1004,1004,1004,1004,1004,1004,1004,1004,1004,1004,1004,1004,1004,1004,1004,1004,1004,0,0,720,720,720,720,720,720,720,720,720,720,720,720,720,720,705,705,705,705,705,705,705,705,705,705,705,705,705,705,705,705,720,720,690,720,720,720,771,0,736,720,771,0,771,0,0,771,720,720,720,720,753,771,771,0,0,0,771,771,771,771,771,771,771,789,789,0,0,0,0,0,828,896,896,0,896,896,896,896,896,896,872,872,872,872,872,872,872,872,872,872,872,872,872,872,872,872,872,872,2070,0,0,0,0,0,3312,872,872,872,872,872,872,872,872,872,872,896,896,0,0,0,0,0,1143,1143,1183,1183,1227,1274,1380,1440,1440,1440,1440,1506,1506,1506,1506,1506,1506,1506,1506,0,1506,1506,1506,0,0,0,0,0,1506,1506,1506,1506,1506,0,0,0,0,0,1440,1440,1440,1440,1380,1380,1380,1380,1440,0,0,0,0,0,0,0,1440,0,0,0,0,0,0,0,1380,1380,0,0,0,0,0,0,0,0,0,0,0,0,0,0,0,1440,1440,1440,1440,1440,1440,1440,1440,1440,1440,1440,1440,1440,1506,1506,1506,1506,1440,1440,1440,1440,1440,1440,1440,1440,1506,1440,1440,1506,1506,1506,1506,1506,1506,1578,0,0,0,0,0,0,0,0,0,2760,2760,3011,2760,3011,3011,3011,3011,3011,3011,3011,3011,3011,3011,3011,3011,3011,3011,3011,3011,3011,3011,3011,3011,3011,3011,3011,3011,3011,3011,3011,3011,3011,3011,3011,3011,3011,3011,3011,3011,3011,3011,2548,2366,2366,2366,2548,2760,3011,3011,3011,3011,3011,3011,3011,3011,3011,3011,3011,3011,3011,3011,3011,2760,2760,2548,2548,2548,2548,2548,2548,2548,2548,2548,2366,2366,2366,2366,2366,2366,2366,2366,2366,2366,2366,2366,2366,2366,2366,2366,2366,2366,2366,2366,2366,2366,2366,2366,2366,2366,2366,2366,2208,2208,2208,2208,2366,2366,2366,2366,2366,2366,2366,2366,2548,2548,2548,2548,2548,2366,2366,2366,2208,2208,2208,2208,2208,2208,2548,2548,2548,2548,2366,2366,2366,2366,2366,2366,2366,2366,2366,2366,2366,2366,2366,2548,0,0,0,0,0,0,0,0,0,0,0,0,0,0
0,690,690,690,690,690,690,690,690,705,705,705,705,705,720,0,720,720,720,16560,0,0,0,0,0,0,0,0,0,0,0,0,0,0,0,0,0,0,0,0,0,1183,2208,2208,2208,2208,753,753,753,753,753,753,771,771,771,771,771,771,771,771,771,771,771,771,771,771,771,771,771,771,771,771,771,771,771,771,771,771,771,789,789,789,771,771,771,771,789,789,789,789,789,808,808,808,808,789,789,789,789,808,828,0,0,0,0,0,0,0,0,828,828,828,828,828,850,850,850,872,872,850,872,872,850,850,850,850,850,850,850,850,850,850,850,850,850,850,850,872,872,872,872,850,850,850,850,850,872,872,872,872,872,872,872,872,872,872,872,872,872,872,872,872,872,872,896,896,896,920,920,920,920,920,920,920,920,896,872,872,872,872,872,872,872,872,872,0,0,0,0,0,0,0,0,0,0,0,0,1004,1004,975,975,975,975,975,975,975,975,975,975,975,1004,975,1004,1004,1004,1004,1004,1004,1004,1004,1004,1004,1004,1004,1004,1004,1004,1004,1004,1004,1004,1004,0,0,0,0,0,0,720,720,720,720,720,720,720,720,720,720,705,705,705,705,705,705,705,705,705,705,705,705,705,705,705,705,720,720,720,720,720,720,720,771,0,736,720,771,771,771,771,771,771,720,720,720,736,771,771,771,771,771,771,771,771,771,771,771,771,789,789,789,0,0,771,771,771,828,828,896,896,896,896,896,896,896,896,896,872,872,872,872,872,872,872,872,872,872,872,872,872,872,872,872,872,2070,0,0,0,0,0,3312,3312,872,872,872,896,896,896,872,872,872,896,0,0,0,0,0,0,1143,1143,1183,1183,1227,1227,1325,1440,1440,1440,1440,1506,1506,1506,1506,1506,1506,1506,0,0,0,1506,1506,1506,663,1506,0,0,1506,1506,1506,1506,1506,0,0,0,0,0,0,0,0,1440,1440,1440,1440,1440,0,0,0,0,0,0,0,0,0,0,0,0,0,0,0,0,0,0,0,0,0,0,0,0,0,0,0,0,0,0,0,0,0,1440,1440,1440,1440,1440,1440,1440,1440,1440,1440,1440,1440,1440,1506,1506,1506,1440,1440,1440,1440,1440,1440,1440,1440,1440,1440,1440,1440,1440,1440,1506,1506,1506,1506,1506,0,0,0,0,0,0,0,0,0,2760,2760,3011,2760,3011,3011,2760,3011,3011,3011,3011,3011,3011,3011,3011,3011,3011,3011,3011,3011,3011,2760,2760,2760,3011,3011,3011,3011,3011,3011,3011,3011,3011,3011,3312,3011,3011,3011,3011,3011,3011,2548,2366,2366,2366,2366,2548,2760,2760,3011,3011,3011,3011,3011,2760,2760,2760,2760,2760,2760,2760,2760,2760,2760,2548,2548,2548,2548,2548,2548,2548,2548,2548,2548,2366,2366,2366,2366,2366,2366,2366,2366,2366,2366,2366,2366,2366,2366,2366,2366,2366,2366,2366,2366,2366,2366,2366,2366,2366,2366,2366,2366,2208,2208,2208,2208,2208,2366,2366,2366,2366,2366,2366,2366,2548,2548,2548,2366,2548,2366,2366,2366,2366,2208,2208,2366,2548,2548,0,2548,2548,2548,2548,2548,2548,2548,2548,2548,2548,2548,2366,2366,2366,2366,2548,2548,2760,0,0,0,0,0,0,0,0,0,0,0,0,0
0,690,690,690,690,690,690,690,690,690,690,690,705,705,705,0,720,720,720,0,0,0,0,0,0,0,0,0,0,2070,0,0,0,0,0,0,0,0,0,0,0,0,0,33119,2208,2208,2208,2208,771,771,753,771,771,771,771,771,771,771,771,771,771,771,771,771,771,771,771,771,771,771,771,771,771,771,771,771,771,771,789,789,789,789,789,789,789,789,789,789,789,808,808,808,808,808,808,808,789,789,808,808,808,828,0,0,0,0,0,0,850,828,828,828,828,828,828,850,850,850,850,850,850,850,850,850,850,850,850,850,850,850,850,850,850,850,850,850,850,872,872,872,872,872,850,850,850,850,872,872,872,872,872,872,872,872,872,872,872,872,872,872,872,872,896,896,896,896,896,896,896,920,920,920,920,920,920,896,872,872,872,872,872,872,872,872,872,0,0,0,0,0,0,0,0,0,0,0,0,1004,975,975,975,975,975,975,975,975,975,975,975,975,1004,975,1004,1004,1004,1004,1004,1004,1004,1004,1004,1004,1004,1004,1004,1004,1004,1004,1004,1004,1004,1035,0,0,0,0,0,0,720,720,720,720,720,720,720,720,720,720,705,705,705,705,705,705,705,705,705,705,705,705,705,705,705,705,720,720,720,720,720,720,736,771,0,771,771,771,771,771,771,771,771,720,736,736,753,753,753,753,753,771,771,771,771,771,771,771,789,789,789,789,0,0,753,771,771,789,896,896,0,896,896,896,896,896,896,896,872,872,872,872,872,872,872,872,872,872,872,872,872,872,872,872,872,2070,0,0,0,0,0,0,0,896,896,0,0,0,0,872,872,0,0,0,0,0,0,0,1143,1143,1143,1143,1183,1227,1227,1274,1380,1440,1440,1440,1506,1506,1506,1506,1506,1506,1440,0,0,1440,663,663,663,663,663,663,650,650,650,650,650,650,0,0,0,0,0,0,0,0,0,0,0,1440,0,0,0,0,0,0,0,0,0,0,0,0,0,0,0,0,0,0,0,0,0,0,0,0,0,0,0,0,0,0,0,0,0,0,1440,1440,1440,1440,1440,1440,1440,1440,1440,1440,1440,1440,1440,1440,1440,1440,1440,1440,1440,1440,1440,1440,1440,1440,1440,1440,1440,1440,1440,1440,1440,1440,1440,1440,1506,0,0,0,0,0,0,0,0,0,0,0,0,3011,0,0,3011,3011,3011,3011,0,0,0,0,3011,3011,3011,3011,3011,3011,3011,3011,3011,3011,3011,3011,3011,3011,3011,3011,3011,3011,0,3312,3312,3011,3011,3011,3011,3011,3011,2760,2366,2366,2366,2366,2366,2760,3011,3011,3011,3011,3011,3011,2760,2760,2548,2548,2548,2548,2760,2760,2760,2548,2548,2548,2548,2548,2548,2548,2548,2548,2548,2548,2366,2366,2366,2366,2366,2366,2366,2366,2366,2366,2366,2366,2366,2366,2366,2366,2366,2366,2366,2366,2366,2366,2366,2366,2366,2366,2366,2366,2366,2366,2366,2208,2366,2366,2366,2366,2366,2366,2366,2366,2548,2548,2548,2366,2548,2366,2366,2366,2366,2366,2366,2366,2548,2548,0,2548,2548,2548,2548,2548,2548,2548,2366,2548,2548,2548,2366,2366,2366,2548,2548,2548,2548,0,0,0,0,0,0,0,0,0,0,0,0,0
0,0,690,690,690,690,690,690,690,0,690,690,705,705,705,0,0,720,0,0,0,0,0,0,0,0,0,0,0,753,2070,0,0,2070,736,736,0,0,0,0,0,0,0,0,2208,2208,2208,753,753,753,753,753,771,771,771,771,771,771,771,771,771,771,771,771,771,771,771,771,771,771,771,771,771,771,771,771,771,771,789,789,789,789,789,789,789,789,789,789,789,808,808,808,808,808,808,808,808,808,808,808,828,828,828,828,828,828,828,850,828,828,828,828,828,828,828,828,828,828,828,850,850,850,828,828,828,850,850,850,850,850,850,850,850,850,850,850,850,850,872,872,872,872,850,872,850,872,872,872,872,896,872,872,872,872,872,872,872,872,872,896,896,896,896,896,896,896,896,896,896,920,920,920,920,920,920,872,872,872,872,872,872,872,872,872,872,872,975,975,0,0,0,0,0,0,0,0,0,0,0,0,975,975,975,975,975,975,975,975,975,1004,1004,1004,1004,1004,1004,1004,1004,1004,1004,1004,1004,1004,1004,1004,1004,1004,1004,1004,1004,1004,1004,1004,1035,0,0,0,0,0,720,720,720,720,720,720,720,705,705,705,705,705,705,705,705,705,705,705,705,705,705,705,705,705,705,705,705,720,720,720,720,720,720,720,736,720,736,753,753,771,771,771,771,771,771,753,753,753,753,753,753,771,771,771,771,771,771,771,789,789,789,789,0,771,753,771,771,828,896,896,896,896,896,896,896,896,896,896,872,872,872,872,872,872,872,872,872,872,872,872,872,872,872,872,872,2070,2760,0,0,0,0,0,0,0,896,0,0,0,0,0,0,0,0,0,0,0,0,0,1143,1143,1143,1143,1143,1183,1227,1227,1274,1325,1440,1440,1440,1440,1506,1506,1440,650,650,650,650,637,637,637,637,637,637,637,637,637,637,637,637,637,637,650,789,0,0,0,0,0,0,0,0,0,0,0,0,0,0,0,0,0,0,0,0,0,0,0,0,0,0,0,0,0,0,0,0,0,0,0,0,0,0,0,0,0,0,1440,1440,1440,1440,1440,1440,1440,1440,1440,1440,1440,1440,1440,1440,1440,1440,1440,1440,1440,1440,1440,1440,1440,1440,1440,1440,1440,1440,1440,1440,1440,1440,1440,1440,1440,1440,1506,0,0,0,0,0,0,0,0,0,0,0,0,0,0,0,0,3011,0,0,0,0,0,0,3011,3011,3011,3011,3011,3011,2760,2760,3011,3011,3312,3312,3312,3011,0,0,0,0,0,0,3312,3312,3312,3312,3011,3011,2366,2366,2366,2366,2366,2366,2366,3011,3011,3011,0,3011,3011,2760,2548,2548,2366,2366,2366,2366,2548,2548,2366,2366,2366,2366,2366,2366,2548,2548,2548,2366,2366,2366,2366,2366,2366,2366,2366,2366,2366,2366,2366,2366,2366,2366,2366,2366,2366,2366,2366,2366,2366,2366,2366,2366,2366,2366,2366,2366,2366,2366,2366,2366,2366,2366,2366,2366,2366,2366,2366,2366,2366,2366,2548,2366,2366,2366,2366,2366,2366,2366,2366,2366,2366,2366,2366,2548,2548,2548,2548,2548,2548,2366,2366,2366,2366,2548,2366,2366,2366,2366,2366,2548,2548,2548,2548,2548,0,0,0,0,0,0,0,0,0,33119,2548
0,690,690,690,690,690,690,690,690,0,690,690,705,705,705,720,720,720,0,0,0,0,0,0,0,0,0,0,0,0,0,0,0,0,0,0,0,0,0,0,0,0,0,16560,2208,2208,2208,2208,16560,0,753,771,771,771,771,0,0,0,0,0,0,0,771,0,771,771,771,771,771,771,771,0,0,0,828,828,808,808,808,808,808,828,808,808,808,808,808,808,808,808,808,808,808,808,808,808,808,808,808,828,828,828,828,828,828,828,828,828,828,828,828,828,828,828,828,828,828,828,828,828,828,850,828,828,828,828,850,850,850,850,850,850,850,850,850,850,850,872,872,872,872,872,872,872,872,872,872,896,896,896,872,872,872,872,872,896,872,872,896,896,896,896,896,896,896,896,896,896,896,920,920,920,920,920,920,872,872,872,872,872,872,872,872,872,872,872,872,975,0,0,0,0,0,975,0,0,0,0,0,0,0,0,975,975,975,1004,1004,1004,1004,1004,1004,1004,1004,1004,1004,1004,1004,1004,1004,1004,1004,1004,1004,1004,1035,1035,1035,1035,1035,1035,1004,1035,1035,0,0,0,0,0,0,0,0,720,720,720,720,705,705,705,705,705,705,705,705,705,705,705,705,705,705,705,705,705,705,705,705,705,705,705,705,720,720,720,720,720,720,720,720,720,720,720,720,720,720,720,736,753,753,753,753,771,771,771,771,771,789,789,789,789,789,789,0,771,753,771,771,850,896,896,896,896,896,896,896,896,896,896,872,872,872,872,872,872,872,872,872,872,872,872,872,872,872,872,2070,2208,2760,4732,0,0,0,0,0,0,0,0,0,0,0,0,0,0,0,0,0,0,0,1069,1069,1035,1069,1143,1143,1143,1227,1227,1274,1274,1440,1440,1440,572,572,572,572,552,572,650,572,572,572,562,562,663,650,650,650,650,650,650,650,650,896,0,0,0,0,0,0,0,0,0,0,0,0,0,0,0,0,0,0,0,0,0,0,0,0,0,0,0,0,0,0,0,0,0,0,0,0,0,0,0,0,0,0,1440,1440,1440,1440,1440,1440,1440,1440,1440,1440,1440,1440,1440,1440,1440,1440,1440,1440,1440,1440,1440,1440,1440,1440,1440,1440,1440,1440,1440,1440,1440,1440,1440,1440,1440,1440,1440,1440,1440,0,0,0,0,0,0,0,0,0,0,0,0,0,0,0,0,0,0,0,0,0,0,0,0,0,0,0,0,0,2760,2760,3312,3312,0,0,0,0,0,0,0,0,0,0,3312,3312,3312,3312,3011,3312,2366,2366,2366,2366,2366,2366,2366,3011,0,0,0,0,0,2548,2548,2548,2366,2366,2366,2366,2366,2548,2366,2366,2366,2366,2366,2366,2366,2366,2366,2366,2366,2366,2366,2366,2366,2366,2366,2366,2366,2366,2366,2366,2366,2366,2366,2366,2366,2366,2366,2366,2366,2366,2366,2366,2366,2366,2366,2366,2366,2366,2366,2366,2366,2366,2366,2366,2366,2366,2366,2366,2366,2366,2366,2366,2366,2366,2366,2366,2366,2366,2366,2366,2366,2366,2366,2548,2548,2548,2548,2548,2366,2366,2366,2366,2366,2366,2366,2366,2366,2366,2366,2548,2548,2548,2548,2760,0,0,0,0,0,0,0,0,0,0,0
720,690,690,690,690,690,690,690,690,0,690,705,705,705,705,720,0,0,0,0,0,0,0,0,0,0,0,0,0,753,753,0,0,736,736,736,0,0,0,0,0,0,0,753,753,753,753,16560,0,0,0,0,0,0,0,0,0,0,0,0,0,0,771,0,0,808,789,789,789,789,789,0,0,808,808,808,808,808,808,808,808,828,808,808,808,808,808,808,808,808,808,808,808,808,808,808,808,808,808,808,828,828,828,828,828,828,828,828,828,828,828,828,828,828,828,828,828,828,828,850,850,850,828,828,828,828,850,850,850,850,850,850,850,850,850,850,872,872,872,872,872,872,872,872,872,872,872,872,896,896,872,872,872,872,872,872,872,872,896,896,896,896,896,896,896,896,896,896,896,896,920,896,896,896,872,872,872,872,872,872,872,872,872,872,872,872,872,872,0,0,0,0,0,0,0,0,0,0,0,0,0,0,0,0,1004,1004,1004,1004,1004,1004,1004,1004,1004,1004,1004,1035,1035,1035,1035,1035,1035,1035,1035,1035,1035,1035,1035,1035,1035,1035,1035,1035,1035,0,0,0,0,0,0,0,0,0,720,720,705,705,705,705,705,705,705,705,705,705,705,705,705,705,705,705,705,705,705,705,705,705,705,705,705,705,720,720,720,720,720,720,720,720,720,720,720,720,720,720,720,736,753,753,753,753,753,771,771,771,771,789,789,789,0,0,0,0,0,872,872,872,872,896,896,896,896,896,896,896,896,872,872,872,872,872,872,872,872,872,872,872,872,872,872,872,872,2208,2208,2208,0,0,0,0,0,0,0,0,0,0,0,0,0,0,0,0,0,0,0,0,0,0,1143,1069,1143,1143,1143,1143,1227,582,1274,1440,1440,582,582,572,572,572,572,552,572,650,572,572,562,562,562,562,562,650,650,650,650,650,650,650,896,0,0,0,0,0,0,0,0,0,0,0,0,0,0,0,0,0,0,0,0,0,0,0,0,0,0,0,0,0,0,0,0,0,0,0,0,0,1440,1440,1440,0,0,1440,1440,1440,1440,1440,1440,1440,1440,1440,1440,1440,1440,1440,1440,1440,1440,1440,1440,1440,1440,1440,1440,1440,1440,1440,1440,1440,1440,1440,1440,1440,1440,1440,1440,1440,1440,1440,1440,1440,1506,0,0,0,0,0,0,0,0,0,0,0,0,0,0,0,2366,0,0,0,0,0,0,0,0,0,0,0,0,0,0,0,0,0,0,0,0,0,0,0,0,0,0,0,4140,3312,3312,3011,0,2366,2366,2366,2366,2366,2366,2366,3011,0,0,0,0,0,2548,2548,2366,2366,2366,2366,2366,2548,2548,2366,2366,2366,2366,2366,2366,2366,2366,2366,2366,2366,2548,2548,2548,2548,2548,2366,2366,2366,2548,2366,2366,2366,2366,2366,2366,2366,2366,2366,2366,2366,2366,2366,2366,2366,2366,2366,2366,2366,2366,2366,2366,2208,2366,2366,2366,2366,2366,2366,2366,2366,2366,2366,2366,2366,2366,2366,2366,2366,2366,2366,2366,2366,2208,2208,2366,2208,2366,2366,2366,2366,2366,2366,2366,2366,2366,2366,2366,2366,2366,2366,2366,2548,2548,2548,2366,2366,2366,2366,2366,2366,2366,2366,2366,2366,2366,2366
690,690,690,690,690,690,690,690,690,0,690,690,705,705,690,705,0,0,0,0,0,0,0,0,0,0,0,0,0,0,0,0,0,0,0,0,0,0,0,0,0,0,0,0,16560,0,0,0,0,0,0,0,0,0,0,0,0,0,0,0,0,0,0,0,0,0,0,0,828,0,0,0,0,0,828,828,808,808,808,808,808,0,828,808,808,808,808,808,808,808,808,808,808,808,808,808,808,808,808,828,828,828,828,828,828,828,828,828,828,828,828,828,828,828,828,828,828,828,828,850,850,850,828,828,828,850,850,850,850,850,850,850,850,850,850,850,872,872,872,872,872,872,872,872,872,872,872,872,872,872,872,872,872,872,872,872,872,872,872,896,896,896,896,896,896,896,896,896,896,896,896,896,896,896,872,872,872,872,872,872,872,872,872,872,872,872,872,872,0,0,0,0,0,0,0,0,0,0,0,0,0,0,0,0,0,0,0,0,0,0,0,1035,1004,1004,1035,1035,1035,1035,1035,0,1035,1035,1035,1035,1035,1035,1035,1035,1035,1035,1035,1035,1035,0,0,0,0,0,0,0,0,0,0,720,720,705,705,705,705,705,705,705,705,705,705,705,705,705,705,705,705,705,705,705,705,705,705,705,705,720,720,720,720,720,720,720,736,736,736,736,736,736,736,736,753,753,753,753,753,771,771,771,771,771,771,789,789,789,0,0,0,0,0,0,0,896,896,896,896,896,896,896,896,896,896,896,872,872,872,872,872,872,872,872,872,872,872,872,872,872,2208,0,2208,0,0,0,0,0,0,0,0,0,0,0,0,0,0,0,0,0,0,0,0,0,0,0,0,1143,0,1143,582,582,572,552,552,0,582,582,582,572,572,572,572,552,572,0,562,562,552,552,552,562,562,582,0,1440,1380,1440,1380,1380,1380,0,0,0,0,0,0,0,1440,1440,1440,0,0,0,0,0,0,0,0,0,0,0,0,1440,1440,1440,1440,1440,0,0,0,0,0,0,0,0,0,1440,1440,1440,1440,1440,0,1440,1440,1440,1440,1440,1440,1440,1440,1440,1440,1440,1440,1440,1440,1440,1440,1440,1440,1440,1440,1440,1440,1440,1440,1440,1440,1440,1440,1440,1440,1440,1440,1440,1440,1440,1440,1440,1440,1440,1506,0,0,0,0,0,0,0,0,0,0,0,0,0,0,0,0,0,0,0,0,0,0,3011,3011,0,0,0,0,0,0,0,0,0,0,0,0,0,0,0,0,0,0,0,3312,3312,3312,3680,0,0,0,0,2548,2366,2760,0,0,0,0,0,0,0,3312,2548,2548,2548,2548,3011,3011,3011,3011,3011,2548,2548,2548,2548,2548,2548,2548,2548,2548,2548,2548,3312,0,3011,2760,2760,2760,2760,2760,2760,2760,2760,2548,2366,2366,2366,2366,2366,2366,2366,2366,2366,2366,2366,2366,2366,2366,2366,2366,2366,2366,2366,2366,2366,2366,2366,2366,2366,2366,2366,2366,2366,2366,2366,2366,2366,2366,2366,2208,2208,2208,2208,2208,2208,2208,2208,2208,2366,2366,2366,2366,2366,2366,2366,2366,2366,2366,2366,2366,2366,2366,2366,2548,2548,2366,2366,2366,2366,2366,2366,2366,2366,2366,2366,2366,2366
676,676,690,690,690,690,690,690,690,0,690,690,705,690,690,705,0,0,0,0,0,0,0,0,0,0,0,0,0,0,0,0,0,0,0,0,0,0,0,0,0,0,0,0,0,0,0,0,0,0,0,0,0,0,0,0,0,0,0,0,0,0,771,0,771,789,789,789,789,789,789,789,789,789,789,789,789,789,789,789,789,808,789,789,789,789,789,789,789,808,808,808,808,808,808,808,808,808,808,828,828,828,828,828,828,828,828,828,828,828,828,828,828,828,828,828,828,828,872,872,872,872,850,850,850,850,850,850,850,850,850,850,850,850,850,850,872,872,872,872,872,872,872,872,872,872,872,872,872,872,872,872,872,872,872,872,872,872,872,872,872,872,872,872,872,896,896,896,896,896,896,896,872,872,872,872,872,872,872,872,872,872,872,872,872,872,872,947,0,0,0,0,0,0,0,0,0,0,0,0,975,0,0,0,0,0,1004,0,0,0,1004,1004,1004,1004,1035,1035,1035,1035,1035,1035,1035,1035,1035,1035,1035,1035,1035,1035,1035,1035,1035,0,0,0,0,0,0,0,0,0,0,0,0,0,0,720,705,720,0,0,720,720,720,705,720,720,705,705,705,705,705,705,705,705,705,705,705,705,720,720,720,720,720,720,720,720,736,736,736,736,736,736,736,736,753,771,771,771,771,771,771,771,771,771,771,789,789,789,0,0,0,0,0,0,0,872,872,872,872,896,896,896,896,896,896,896,896,872,872,872,872,872,872,872,872,872,872,872,0,0,0,0,0,0,0,0,0,0,0,0,0,0,0,0,789,0,0,0,0,0,0,0,0,0,0,0,0,0,0,0,0,0,0,650,0,0,0,0,0,0,0,0,0,0,0,0,0,0,0,562,562,0,582,0,0,0,1440,1440,1440,1440,1440,1440,1440,1440,1440,0,1440,1440,1440,1440,1440,1440,1440,0,0,0,0,0,0,0,0,0,1440,1440,1440,1440,1440,1440,1440,1440,1440,0,0,0,0,0,1440,1440,1440,1440,1440,1440,0,1440,1440,1440,1440,1440,1440,1440,1440,1440,1440,1440,1440,1440,1440,1440,1440,1440,1440,1506,1440,1440,1440,1440,1440,1440,1440,1440,1440,1440,1440,1440,1440,1440,1440,1440,1440,1440,1440,1440,1506,0,0,0,0,0,0,2366,2366,0,0,0,0,0,0,0,0,0,0,0,0,0,0,0,0,0,0,0,0,0,0,0,0,0,0,0,0,0,0,0,0,0,0,0,3312,3312,3680,3680,0,0,0,0,0,3011,3011,3011,0,0,0,0,0,0,0,0,0,0,0,0,3011,3011,3011,3011,3011,3312,0,0,2548,2548,2548,2548,2548,3011,3011,0,0,3011,3011,3011,3011,3011,3011,3011,3011,2760,2760,2760,2760,2760,2548,2548,2366,2366,2366,2548,2760,2760,2548,2366,2366,2366,2366,2366,2366,2366,2366,2366,2366,2366,2366,2366,2366,2366,2366,2548,2366,2366,2366,2366,2366,2366,2366,2208,2208,2208,2208,2208,2208,2208,2208,2366,2548,2366,2366,2366,2366,2366,2366,2366,2366,2366,2366,2366,2366,2548,2548,2760,3011,3011,3011,3011,3011,3011,3011,3011,3011,3011,3011,2366
676,676,676,690,690,690,690,690,690,690,690,690,690,690,690,690,705,690,0,0,0,0,0,0,0,0,0,0,0,0,0,0,0,0,0,0,0,0,0,0,0,0,0,0,0,0,0,0,0,0,0,0,0,0,771,0,0,0,0,0,0,771,771,771,771,789,789,789,789,789,789,789,789,789,789,789,789,789,789,789,789,789,789,789,789,789,789,789,789,789,789,808,789,808,789,789,789,789,789,828,828,828,828,828,828,828,828,828,828,828,828,828,828,828,828,828,828,828,850,872,872,872,850,850,850,850,850,850,850,850,850,850,850,850,850,850,872,872,872,872,872,872,872,872,872,872,872,872,872,872,872,872,872,872,872,872,872,872,872,872,872,872,872,872,872,872,872,872,896,896,896,896,872,872,872,872,872,872,872,872,872,872,872,872,872,872,896,0,0,0,0,0,0,0,0,0,0,0,0,0,0,0,0,0,0,0,0,0,0,0,0,0,1004,1004,1035,1035,1035,0,0,0,0,1035,1035,1035,1035,1035,1035,1035,1035,0,0,0,0,0,0,0,0,0,0,0,0,0,0,0,0,0,720,0,0,0,0,0,0,0,0,0,0,0,0,3312,0,3312,0,3312,736,736,736,720,736,720,720,720,720,720,720,736,736,736,736,736,720,720,720,720,736,771,771,771,771,771,771,771,789,789,789,789,808,808,828,828,828,828,0,0,872,872,872,872,872,896,896,0,0,0,0,0,0,0,0,0,0,0,0,0,0,0,0,0,0,0,0,0,0,0,0,0,0,0,0,0,0,0,0,0,582,0,582,582,582,0,0,0,0,0,0,0,0,0,0,0,0,0,0,0,0,0,0,0,0,0,0,0,0,0,0,0,0,0,0,0,0,0,0,0,0,0,1506,1440,1440,1440,1440,1440,1440,1440,1440,1440,1440,1440,1440,1440,1440,1440,1440,1440,1440,1440,1440,0,0,0,1440,1440,1440,1440,1440,1440,1440,1440,1440,1440,1440,1440,0,0,0,1440,1440,1440,1440,1440,1440,1440,0,1440,1440,1440,1440,1440,1440,1440,1440,1440,1440,1440,1440,1440,1440,1440,1440,1440,1440,1440,1440,1440,1440,1440,1440,1440,1440,1440,1440,1440,1440,1440,1440,1440,1440,1440,1440,1440,1440,1440,1506,0,0,0,0,0,0,2366,2366,2366,0,0,0,0,0,0,0,0,0,0,0,0,0,0,0,0,0,0,0,0,0,0,0,0,0,0,0,0,0,0,0,0,0,0,0,3312,0,3312,0,0,0,0,0,0,0,0,0,0,0,0,0,0,0,0,0,0,0,0,0,3312,3312,3312,0,0,0,0,0,0,0,2760,2760,3011,3312,0,0,3312,3011,3011,3011,3011,3011,3011,3011,2760,2760,2760,2760,2760,2760,2760,2760,2760,2760,2760,2760,2760,2760,2760,2760,2366,2366,2366,2366,2366,2366,2366,2366,2366,2366,2366,2760,2760,3011,3011,2760,2548,3011,2548,2366,2366,2366,2208,2208,2208,2208,2208,2208,2208,2366,2760,2760,2548,2366,2366,2366,2366,2366,2366,2366,2366,2366,2366,2548,2548,2760,3011,4140,4140,4140,0,0,0,3011,0,3011,3011,3011,3011
676,676,690,690,690,690,690,690,690,690,690,690,690,690,690,690,705,705,0,0,0,0,0,0,0,0,0,0,0,0,0,3011,0,0,0,0,0,0,0,0,0,0,0,3011,3011,3011,0,0,0,0,0,771,771,771,771,771,0,0,0,0,771,771,771,771,771,789,789,789,789,789,789,789,789,789,789,789,789,789,789,789,789,789,789,789,789,789,789,789,789,789,789,789,789,789,789,789,789,789,789,808,828,828,828,828,828,828,828,828,828,828,828,828,828,828,828,828,828,828,850,850,872,872,850,850,850,850,850,850,850,850,850,850,850,850,850,872,872,872,872,872,872,872,850,872,872,872,872,872,872,872,872,872,872,872,872,872,872,872,872,872,872,872,872,872,872,872,872,872,896,896,896,896,872,872,872,872,872,872,872,872,872,872,872,872,872,872,0,0,0,0,0,0,0,0,0,0,0,0,0,0,0,0,0,0,0,0,0,0,0,0,1004,0,1004,1004,1035,1035,1035,0,0,0,0,1035,1035,1035,1035,1035,1035,1035,1035,0,0,0,0,0,0,0,0,0,0,0,0,0,0,0,0,0,0,0,0,0,0,0,0,0,0,0,0,0,0,0,0,0,0,0,0,0,0,736,736,736,736,736,736,736,736,736,736,736,736,736,736,736,736,753,753,771,771,771,771,771,771,771,771,771,771,771,789,789,828,828,828,828,828,828,872,872,0,0,0,0,0,0,0,0,0,0,0,0,0,0,0,0,0,0,0,0,0,0,0,0,0,0,0,0,0,0,0,0,0,0,0,0,0,0,0,0,0,582,592,592,592,0,0,0,0,0,0,0,0,0,0,0,0,0,0,0,0,0,0,0,0,0,0,0,0,0,0,0,0,0,0,0,0,0,0,1440,1440,1440,1440,1440,1440,1440,1440,1440,1440,1440,1440,1440,1440,1440,1440,1440,1440,1440,1440,1440,1440,1440,1440,1440,1440,1440,1440,1440,1440,1440,1440,1440,1440,1440,1440,1440,0,1440,1440,1440,1440,1440,1440,1440,1440,1440,1440,1440,1440,1440,1440,1440,1440,1440,1440,1440,1440,1440,1440,1440,1440,1440,1440,1440,1440,1506,1440,1440,1440,1440,1440,1440,1440,1440,1440,1440,1440,1440,1440,1440,1440,1440,1440,1440,1440,1440,1506,1578,0,0,0,0,0,1506,1506,1506,2760,0,0,0,0,0,0,0,0,0,0,0,0,0,0,0,0,0,0,0,0,0,0,0,0,0,0,0,0,0,0,0,0,0,0,0,0,0,0,0,0,0,0,0,3011,3011,3011,0,3011,3011,3011,3312,2760,2760,0,0,0,0,3011,3011,3011,3011,0,0,0,0,0,0,3011,2760,2760,3011,3011,3312,3011,3011,3011,2760,2760,2760,2760,2760,2760,2760,2760,2760,2760,2760,2760,2760,2760,2760,2760,2760,2760,2760,2760,2760,2760,2760,2760,2548,2548,2548,2366,2366,2366,2366,2366,2760,3011,3011,3011,3011,3011,0,0,0,0,3011,2366,2366,2366,2366,2208,2208,2760,2760,2760,2760,2760,2548,2366,2366,2366,2366,2366,2366,2366,2366,2366,2366,2548,2548,2548,2760,3011,3011,3011,3011,3011,3011,2760,3011,2760,2760,2760,2548
690,690,690,690,690,690,690,690,690,690,690,690,690,690,690,690,705,705,0,0,0,0,0,0,0,0,0,0,0,0,0,0,3011,0,0,0,0,0,0,0,0,0,0,0,0,0,0,0,0,0,0,0,0,0,771,0,0,0,0,0,0,0,771,789,789,789,789,789,789,828,828,789,789,789,789,789,789,789,789,789,789,789,789,789,789,789,789,789,789,789,789,789,789,789,808,808,789,808,808,828,828,828,828,828,828,828,828,828,828,828,828,828,828,828,850,850,828,850,872,872,872,872,872,850,872,850,850,850,850,850,850,850,850,850,850,850,872,872,872,872,872,872,850,850,872,872,872,872,872,872,872,872,872,872,872,872,872,872,872,872,872,872,872,872,872,872,872,872,896,896,896,896,872,872,872,872,872,872,872,872,872,872,872,872,872,0,0,0,0,0,0,0,0,0,0,0,0,0,0,0,0,0,0,0,0,0,0,0,0,1004,1004,1004,1004,1004,1004,1035,1035,1035,1035,1035,1035,1035,1035,1035,1035,1035,1035,1035,1035,0,0,0,0,0,0,0,0,0,0,0,0,0,0,0,0,0,0,0,0,0,0,0,0,0,0,0,0,0,0,0,0,0,0,0,0,0,0,0,0,0,736,736,736,736,736,736,736,736,771,736,753,771,771,771,771,771,771,771,771,771,771,771,808,808,808,808,828,828,828,828,828,828,828,828,850,850,850,0,0,0,0,0,0,0,0,0,0,0,0,0,0,0,0,0,0,0,0,0,0,0,0,0,0,0,0,0,0,0,0,0,0,0,0,0,0,0,0,0,0,0,0,0,0,0,0,0,0,0,0,0,0,0,0,0,0,676,690,0,0,0,0,0,0,0,0,0,0,0,0,0,0,0,0,0,0,1440,1440,1440,1440,1440,1440,1440,1440,1440,1440,1440,1440,1440,1440,1440,1440,1440,1440,1440,1440,1440,1440,1440,1440,1440,1440,1440,1440,1440,1440,1440,1440,1440,1440,1440,1440,1440,1440,1440,1440,1440,1440,1440,1440,1440,1440,1440,1440,1440,1440,1440,1440,1440,1440,1440,1440,1440,1440,1440,1440,1440,1440,1440,1440,1440,1440,1506,1440,1440,1440,1440,1440,1440,1440,1440,1440,1440,1440,1440,1440,1440,1440,1440,1440,1440,1440,1440,1440,1506,0,0,0,1440,1440,1440,1440,1440,1506,2760,0,0,0,0,0,0,0,0,0,0,0,0,0,0,0,0,0,0,0,0,0,0,0,0,0,0,0,0,0,0,0,0,0,0,0,0,0,0,0,0,0,0,3011,3011,0,0,3011,3312,3312,0,3011,0,0,0,0,0,0,3011,3011,3011,3011,3011,0,0,2760,2760,2760,2548,2760,2760,3011,3011,3011,3011,3011,2760,2760,2760,2760,2760,2760,2760,2760,2760,2760,2760,2760,2760,2760,2760,2760,2760,2760,2760,2760,2760,2760,2760,2760,2760,2760,2760,2548,2548,2760,2760,2760,0,0,0,0,0,0,0,0,0,0,3011,3011,2366,2760,2760,2760,2760,3011,0,3011,3011,3011,2548,2366,2366,2366,2366,2366,2366,2366,2366,2366,2548,2548,2548,2548,2760,3011,3011,3011,3011,3011,3011,2760,3011,2760,2760,2760,2548
690,690,690,690,690,690,690,690,690,690,690,690,690,690,690,690,705,720,0,0,0,0,0,0,0,3312,3011,3011,3011,3011,3011,3011,3011,3011,0,0,0,0,0,0,0,0,0,0,0,0,0,0,0,0,0,3011,0,771,771,0,0,0,0,0,0,0,771,789,789,789,789,789,0,0,0,0,0,1840,789,789,789,789,789,789,789,789,789,789,789,789,789,789,789,789,789,808,789,789,808,808,789,808,808,828,828,828,0,0,0,0,0,0,850,828,828,850,850,850,850,850,0,872,0,872,872,872,872,872,872,872,872,872,850,850,850,850,850,850,872,872,872,872,872,872,872,872,872,872,872,872,872,872,872,872,872,872,872,872,872,872,872,872,872,872,872,872,872,872,872,872,896,896,896,896,896,896,872,872,872,872,872,872,872,872,872,872,872,872,0,0,0,0,0,0,0,0,0,0,0,0,0,0,0,0,0,0,0,0,0,1004,1004,1004,1004,1004,1004,1004,1004,1004,1004,1004,1004,1035,1035,1035,1035,1035,1035,1035,1035,1035,1035,1035,1035,1069,0,0,0,0,0,0,0,0,0,0,0,0,0,0,0,0,0,0,0,0,0,0,0,0,0,0,0,0,0,0,0,0,0,0,0,0,0,0,0,0,0,0,1143,1143,0,0,0,0,0,850,850,850,850,771,789,850,850,789,789,850,789,789,808,808,808,808,828,828,828,828,828,828,828,828,850,850,850,896,896,1035,1035,1035,1035,0,0,0,0,0,0,0,0,0,0,0,0,896,896,0,0,0,0,0,0,0,0,0,0,0,0,0,0,0,0,0,0,0,0,0,0,0,0,0,0,0,0,0,0,0,0,0,0,0,0,0,0,690,690,0,0,0,0,0,0,0,0,0,0,0,0,0,0,0,0,0,1440,1440,1440,1440,1440,1440,1440,1440,1440,1440,1440,1440,1440,1440,1440,1440,1440,1440,1440,1440,1440,1440,1440,1440,1440,1440,1440,1440,1440,1440,1440,1440,1440,1440,1440,1440,1440,1440,1440,1440,1440,1440,1440,1440,1440,1440,1440,1440,1440,1440,1440,1440,1440,1440,1440,1440,1440,1440,1440,1440,1440,1440,1440,1440,1440,1440,1440,1440,1440,1440,1440,1440,1440,1440,1440,1440,1440,1440,1440,1440,1440,1440,1440,1440,1440,1440,1440,1440,1440,1440,1506,1440,1440,1440,1440,1440,1440,1440,1506,2760,0,0,0,0,0,0,0,0,0,0,0,0,0,0,0,0,0,0,0,0,0,0,0,0,0,0,0,0,0,0,0,0,0,0,0,0,0,0,0,3011,3011,2760,2760,3011,0,0,3011,3011,3011,3011,2760,2760,0,0,0,0,0,3011,2760,2760,2760,2760,3011,2760,2548,2548,2548,2548,2548,2760,2760,3011,3011,3011,2760,2760,2760,2760,2760,2760,2760,2760,2760,2760,2760,2760,2760,2760,2760,2760,2760,2760,2760,2760,2760,2760,2760,2760,2760,2760,2760,2760,2548,2548,2760,3011,3011,0,0,0,0,0,0,0,0,0,0,0,0,0,0,0,0,0,0,0,0,0,0,3011,0,3011,2548,2548,2548,2548,2548,2548,2548,2548,2760,2760,2548,2760,3011,3011,3011,3011,3011,3011,2760,3011,2760,2760,2760,2760
690,690,690,690,690,690,690,690,690,690,690,690,690,690,690,690,705,720,0,0,0,0,0,0,0,3312,3011,753,736,736,736,753,736,753,753,3011,0,0,0,0,0,0,0,0,0,0,0,0,0,0,0,0,0,0,771,0,0,0,0,0,0,0,771,789,789,789,0,0,0,0,0,0,0,0,0,789,789,789,789,789,789,789,789,789,789,789,789,789,789,789,808,808,808,808,808,808,789,808,808,0,0,0,0,0,0,0,0,0,0,850,850,850,850,850,0,0,0,0,0,872,872,872,872,872,872,872,872,850,850,850,850,850,850,850,850,872,872,872,872,872,872,872,872,872,872,872,872,872,872,872,872,872,872,872,872,872,872,872,872,872,872,872,872,872,872,896,896,896,896,896,896,896,872,872,872,872,872,872,872,872,872,872,0,0,0,0,0,0,0,0,0,0,0,0,0,0,0,0,0,0,0,0,0,0,0,1035,1004,1004,1004,1004,1004,1004,1004,1004,1004,1004,1004,1035,1035,1035,1035,1035,1035,1035,1035,1035,1035,1035,1035,0,0,0,0,0,0,0,0,0,0,1069,1035,1035,1035,1035,1035,1035,1035,1035,1069,1069,0,0,0,0,0,0,0,0,0,0,0,0,0,0,0,0,0,0,0,0,0,0,0,0,0,0,0,0,0,0,850,850,850,771,771,850,850,850,850,850,850,850,850,850,850,850,850,850,850,850,850,850,850,850,850,896,0,0,0,1035,1035,896,896,896,896,896,896,0,896,896,896,872,872,872,872,872,872,896,0,0,0,0,0,0,0,0,0,0,0,0,0,0,0,0,0,0,0,0,0,0,0,0,0,0,0,0,0,0,0,0,0,0,0,0,0,1440,1440,1440,0,0,0,0,0,0,0,0,0,0,0,0,0,0,1506,1440,1440,1440,1440,1440,1440,1440,1440,1440,1440,1440,1440,1440,1440,1440,1440,1440,1440,1440,1440,1440,1440,1440,1440,1440,1440,1440,1440,1440,1440,1440,1440,1440,1440,1440,1440,1440,1440,1440,1440,1440,1440,1440,1440,1440,1440,1440,1440,1440,1440,1440,1440,1440,1440,1440,1440,1440,1440,1440,1440,1440,1440,1440,1440,1440,1440,1440,1440,1440,1440,1440,1440,1440,1440,1440,1440,1440,1440,1440,1440,1440,1440,1440,1440,1440,1440,1440,1440,1440,1440,1440,1440,1440,1440,1440,1440,1440,1440,1440,1506,2760,0,0,0,0,0,0,0,0,0,0,0,0,0,0,0,0,0,0,0,0,0,0,0,0,0,0,0,0,0,0,0,0,0,0,0,0,0,0,0,0,0,0,0,0,0,0,0,0,0,0,2760,2760,2760,0,0,0,3011,2760,2760,2760,2760,2760,2760,2548,2548,2548,2548,2548,2548,2760,2760,2760,2760,2760,2760,2760,2760,2760,2760,2760,2760,2760,2760,2760,2760,2760,2760,2760,2760,2760,2760,2760,2760,2760,2760,2760,2760,2760,2760,2548,2548,2548,2366,2366,2548,2548,2548,3011,0,0,0,0,0,0,0,0,0,0,0,2366,2366,2760,2760,2760,0,0,0,2760,2760,2366,2366,2366,2366,2366,2548,2366,2366,2366,2366,2548,2548,2548,2548,2548,2548,2548,2548,2548,2548,2548,2548,2548,2548,2548,2548,2548
690,690,690,690,690,690,690,690,690,690,690,690,690,690,690,705,705,720,720,0,0,0,0,0,0,3011,753,753,736,736,736,753,736,736,736,753,753,3011,3011,3011,3011,3011,3011,3011,0,0,0,0,0,0,0,0,0,0,771,0,0,0,0,0,0,0,789,789,789,789,0,0,0,0,0,0,0,0,0,1840,789,789,789,789,789,789,789,789,789,789,789,789,789,789,789,808,808,789,808,789,789,808,808,828,0,0,0,0,0,0,0,0,0,0,0,0,850,0,0,0,0,0,0,0,0,872,0,0,0,0,0,872,872,850,850,850,850,850,872,872,872,872,872,872,872,872,872,872,872,872,872,872,872,872,872,872,872,872,872,872,872,872,872,872,872,872,872,872,896,896,896,896,896,896,896,872,872,872,872,872,872,872,872,872,872,872,0,0,0,0,0,0,0,0,0,0,0,0,0,0,0,0,1004,0,0,0,0,0,1004,1004,1004,1004,1004,1004,1004,1004,1004,1004,1004,1004,1004,1004,1004,1004,1004,1004,1004,1035,1035,1035,1035,1035,1035,1035,1069,1069,1069,1069,0,0,0,0,1104,1069,1069,1035,1035,1035,1035,1069,1069,1069,1069,1069,0,0,1069,1069,0,0,0,0,0,0,0,0,0,0,0,0,0,0,0,0,0,0,0,0,0,0,0,0,0,0,0,1035,850,850,0,0,0,0,0,0,0,0,0,1069,0,1069,1069,1069,0,896,896,896,896,896,896,0,0,0,0,1035,1035,896,896,896,896,896,896,896,896,872,872,872,872,872,872,872,872,872,896,3680,0,0,0,0,0,0,0,0,0,0,0,0,0,0,0,0,0,0,0,0,0,0,0,0,0,0,0,0,0,0,0,0,0,0,1440,1440,1440,1440,0,0,0,0,0,0,0,1440,1440,1440,0,0,1506,1440,1440,1440,1440,1440,1440,1440,1440,1440,1440,1440,1440,1440,1440,1440,1440,1440,1380,1380,1380,1380,1380,1380,1380,1380,1380,1380,1380,1380,1380,1380,1380,1380,1380,1380,1380,1380,1380,1380,1380,1380,1380,1380,1380,1380,1380,1380,1380,1440,1440,1440,1380,1380,1380,1380,1440,1440,1440,1440,1440,1440,1440,1440,1440,1440,1440,1440,1440,1440,1440,1440,1440,1440,1440,1440,1440,1440,1440,1440,1440,1440,1440,1440,1440,1440,1440,1440,1440,1440,1440,1440,1440,1440,1440,1440,1440,1440,1440,1440,1440,1440,1440,1506,2760,2760,2760,0,0,0,0,0,0,0,0,0,0,0,0,0,0,0,0,0,0,0,0,0,0,0,0,0,0,0,0,0,0,0,0,0,0,0,0,0,0,0,0,0,0,0,0,0,0,2760,2760,2760,2760,0,0,0,0,3011,2760,3011,2760,2760,2548,2548,2548,2548,2548,2548,2548,2760,2760,0,2760,2760,2760,2760,2760,2760,2548,2548,2548,2548,2548,2548,2548,2760,2760,2760,2760,2760,2760,2760,2760,2760,2760,2760,2760,2760,2548,2366,2366,2366,2366,2548,2548,2548,2548,2760,3011,0,0,0,0,0,0,0,0,2366,2366,2208,2366,2760,0,0,0,0,2366,2366,2366,2366,2366,2366,2366,2366,2366,2366,2366,2366,2366,2366,2548,2548,2548,2548,2548,2208,2208,2208,2208,2208,2208,2208,2208,2208,2208,2208
690,690,690,690,690,690,690,690,690,690,690,690,690,690,690,690,705,705,720,0,0,0,0,0,0,0,736,736,736,736,736,736,736,736,736,736,736,0,0,0,0,753,753,1274,0,0,0,0,0,1274,0,771,771,771,771,0,0,0,0,0,0,0,789,789,789,789,789,0,0,0,0,0,0,0,0,0,0,789,789,789,789,789,789,789,789,789,789,789,808,808,808,808,808,808,808,789,789,808,808,850,0,0,0,0,0,0,0,0,0,0,0,0,0,0,0,0,0,0,0,0,0,0,0,0,0,0,0,872,872,850,850,850,850,850,850,872,872,872,872,872,872,872,872,872,872,872,872,872,872,872,872,872,872,872,872,872,872,872,872,872,872,872,872,872,896,896,896,896,896,896,872,872,872,872,872,872,872,872,872,872,872,872,0,0,0,0,0,0,0,0,0,0,0,0,1004,1004,1004,1004,1004,1004,1004,0,1035,1004,1004,1004,1004,1004,1004,1004,1004,1004,1004,1004,1004,1004,1004,1004,1004,1004,1004,1035,1035,1035,1035,1035,1035,1035,1035,1069,0,0,0,0,0,0,1104,1104,1104,1104,1069,1104,1104,1069,1069,1069,1069,1069,1069,1104,1104,1104,1104,1069,1104,1104,0,0,0,0,0,0,0,0,1143,1143,1143,1143,0,0,0,0,0,0,0,0,0,0,0,0,0,1143,1143,0,0,0,0,0,0,0,0,0,0,1143,0,1143,1143,1143,1143,1143,1143,1143,1143,1143,1143,1183,1143,1143,1143,1069,1069,1069,1035,1069,1035,896,896,896,872,872,872,872,872,872,872,872,872,872,896,3680,0,0,0,0,0,0,0,0,0,33119,0,0,0,0,0,0,0,0,0,0,0,0,0,0,0,0,0,0,0,0,0,0,0,1440,1440,1440,1440,1440,1506,0,0,0,0,0,0,1440,1440,0,0,1440,1440,1440,1440,1440,1440,1440,1440,1440,1440,1440,1440,1440,1440,1440,1440,1440,1440,1440,1380,1380,1380,1380,1380,1380,1380,1380,1380,1380,1380,1380,1380,1380,1380,1380,1380,1380,1380,1380,1380,1380,1380,1380,1380,1380,1380,1380,1380,1380,1380,1440,1440,1440,1380,1380,1380,1380,1440,1440,1440,1440,1440,1440,1440,1440,1440,1440,1440,1440,1440,1440,1440,1440,1440,1440,1440,1440,1440,1440,1440,1440,1440,1440,1440,1440,1440,1440,1440,1440,1440,1440,1440,1440,1440,1440,1440,1440,1440,1440,1440,1440,1440,1440,1440,1440,1440,1440,1440,1440,1440,1506,1506,2366,0,0,0,0,0,0,0,0,0,0,0,0,0,0,0,0,0,0,0,0,0,0,0,0,0,0,0,0,0,0,0,0,0,0,0,0,0,0,0,0,0,0,0,0,0,0,2548,2548,2548,2548,2548,0,2548,2548,2548,2548,2366,2548,2548,2548,2548,2760,0,0,2760,2760,2760,2548,2366,2366,2366,2366,2366,2366,2366,2366,2366,2366,2366,2366,2548,2548,2548,2548,2548,2548,2548,2548,2548,2366,2366,2366,2208,2208,2208,2366,2366,2366,2366,2366,2366,0,0,0,0,0,0,2366,2208,2208,2208,2208,2208,2208,2208,2208,2208,2208,2208,2208,2208,2208,2208,2208,2366,2366,2366,2366,2366,2208,2208,2366,2548,2366,2208,2548,2070,2070,2070,2070,2070,2070,2208,2208,2208,2070,2070,2070
690,690,690,690,690,690,690,690,690,690,690,690,690,690,690,690,705,705,720,0,0,0,0,0,0,0,0,753,753,753,736,753,736,736,736,736,736,753,753,0,753,753,753,789,1274,1274,1274,1274,789,771,771,771,771,771,771,771,789,789,0,0,789,789,789,789,789,789,789,789,789,1274,1274,1274,1274,0,0,0,789,789,789,789,789,789,789,789,789,789,789,789,789,789,789,789,789,789,789,789,789,789,808,850,0,0,0,0,0,0,0,0,0,0,0,0,0,0,0,0,0,0,0,0,0,0,0,0,0,0,0,0,0,0,850,850,850,850,850,872,872,872,872,872,872,872,872,872,872,872,872,872,872,872,872,872,872,872,872,872,872,872,872,872,872,872,896,896,896,896,896,896,896,896,896,872,872,872,872,872,872,872,872,872,872,872,872,0,0,0,0,0,0,1004,1004,1004,1004,975,975,975,975,975,975,975,1004,1004,1004,1004,1004,1004,1004,1004,1004,1004,1004,1004,1004,1004,1004,1004,1004,1004,1004,1004,1004,1035,1035,1035,1035,1035,1035,1035,0,0,0,0,0,0,0,0,0,0,0,0,1104,1104,1380,1104,1069,1069,1069,1069,1069,1104,1104,1104,1104,1069,1104,1104,0,0,0,0,0,0,0,0,0,1143,1143,1143,1143,1143,0,1183,0,0,0,0,0,0,0,0,0,0,0,0,0,0,0,0,0,0,0,0,0,0,0,0,0,0,0,0,0,0,0,0,0,0,0,0,0,1183,1183,1183,1143,1143,1069,896,896,896,872,872,872,872,872,872,872,872,872,872,896,896,16560,16560,16560,0,16560,16560,16560,16560,16560,16560,0,0,0,0,0,0,0,0,0,0,0,0,0,0,0,0,0,0,0,0,0,0,0,1506,1440,1506,1506,1506,0,0,0,0,0,0,0,1440,1440,1440,1440,1440,1440,1440,1440,1440,1440,1440,1440,1440,1440,1440,1440,1440,1440,1440,1380,1380,1380,1440,1380,1380,1380,1380,1380,1380,1380,1380,1380,1380,1380,1380,1380,1380,1380,1380,1380,1380,1380,1380,1380,1380,1380,1380,1380,1380,1380,1380,1380,1380,1380,1380,1380,1440,1380,1380,1380,1380,1440,1440,1440,1440,1440,1440,1440,1440,1440,1440,1440,1440,1440,1440,1440,1440,1440,1440,1440,1440,1440,1440,1440,1440,1440,1440,1440,1440,1440,1440,1440,1440,1440,1440,1440,1440,1440,1440,1440,1440,1380,1380,1380,1440,1440,1440,1440,1440,1440,1440,1440,1440,1440,1440,1440,1506,0,0,0,0,0,0,0,0,0,0,0,0,0,0,0,0,0,2070,2548,0,0,0,0,0,0,0,0,2548,0,2548,0,0,0,0,0,0,0,0,0,0,0,2548,2548,2548,2548,2208,2070,2070,2070,2070,2548,0,2548,2548,2366,2366,2070,2208,2548,0,0,0,0,0,2548,2070,2070,2070,2070,2070,2070,2070,2070,2070,2070,2208,2070,2208,2208,2208,2208,2208,2208,2208,2208,2208,2366,2548,2366,2208,2208,2070,2070,2070,2070,2070,2070,2070,2070,2070,2070,2070,2070,2208,2208,2208,2208,2208,2208,2208,2208,2208,2208,2208,2208,2208,2070,2208,2208,2208,2208,2208,2208,2208,0,0,0,0,0,2208,2208,0,0,0,0,0,2208,2070,2208,2208,2208,2208,0,0,0,2208,2208,2208
690,690,690,690,690,690,690,690,690,690,690,690,690,690,705,705,705,705,705,705,0,0,0,0,0,0,753,753,753,753,736,753,736,736,736,736,736,736,736,753,753,753,753,753,789,1274,1274,0,0,789,771,771,771,771,771,771,789,789,0,0,789,789,789,789,789,789,789,789,789,789,1274,1274,1274,0,0,0,789,789,789,789,789,789,789,789,789,789,789,789,789,789,789,789,789,789,789,789,789,789,789,808,0,0,0,0,0,0,0,0,0,850,0,0,0,0,0,0,0,0,0,0,0,0,0,0,0,0,0,0,0,0,850,850,850,850,850,850,872,872,872,872,872,872,872,872,872,872,872,872,872,896,872,872,872,872,872,872,872,872,872,872,872,872,896,896,896,896,896,896,896,896,872,872,872,872,872,872,872,872,872,872,872,872,872,0,0,0,0,0,1004,1004,1004,975,975,975,975,975,975,975,975,975,975,975,975,975,975,975,975,975,975,1004,1004,1004,1004,1004,1004,1004,1004,1004,1004,1004,1004,1035,1035,1069,0,0,0,0,0,0,0,0,0,0,0,0,0,0,0,0,0,0,0,1380,1104,1104,1069,1104,1104,1143,1143,1143,1104,1104,1104,1104,0,0,0,1143,1143,1143,1143,0,0,0,1143,1143,1143,1143,1143,1143,1143,0,0,1183,0,0,1183,1183,1183,1183,1183,0,0,0,0,0,0,0,0,0,0,0,0,0,0,0,0,0,0,0,0,0,0,0,0,0,0,0,0,0,1183,1183,1143,896,896,896,872,872,872,872,872,872,872,872,872,872,896,896,3680,16560,16560,16560,16560,16560,16560,16560,33119,33119,0,0,0,0,0,0,0,0,0,0,0,0,0,0,0,0,1578,1578,1578,1656,1578,1656,1506,1506,1506,1506,1506,1506,1506,0,0,0,0,1578,1506,1440,1440,1440,1440,1440,1440,1440,1440,1440,1440,1440,1440,1440,1440,1440,1440,1440,1440,1440,1440,1440,1440,1440,1440,1380,1380,1380,1380,1440,1440,1440,1440,1440,1440,1440,1380,1380,1380,1380,1380,1380,1380,1380,1380,1380,1380,1380,1440,0,0,1440,1380,1380,1440,1440,1440,1440,1440,1440,1440,1440,1440,1440,1440,1440,1440,1440,1440,1440,1440,1440,1440,1440,1440,1440,1440,1440,1440,1440,1440,1440,1440,1440,1440,1440,1440,1440,1440,1440,1440,1440,1440,1440,1440,1440,1440,1440,1440,1440,1440,1380,1380,1380,1440,1440,1440,1440,1440,1440,1440,1440,1440,1440,1440,1440,1440,1506,0,0,0,0,0,0,0,0,0,0,0,0,0,0,0,0,2070,2070,2070,0,0,0,0,0,0,0,2208,2208,2208,2208,0,0,0,0,0,0,0,0,0,0,0,0,2208,2208,2208,2208,2070,2070,2070,2070,0,0,0,0,2208,2208,2070,2208,0,0,0,0,0,0,2070,2070,2070,2070,2070,2070,2070,2070,2070,2070,2070,2208,2070,2208,2208,2208,2208,2208,2208,2208,2208,2208,2208,2208,2208,2208,2208,2070,2070,2070,2070,2070,2070,2070,2070,2070,2070,2070,2070,2070,2208,2208,2208,2208,2208,2070,2208,2208,2208,2208,2208,2070,2070,2070,2208,2208,2208,2208,2208,2208,2208,2208,2208,2208,2208,2208,2208,2208,2208,2208,2208,2208,2208,2208,2208,2208,2208,2208,2208,2208,2208,2208,2208,2208
690,690,690,690,690,690,690,690,690,690,690,690,690,690,690,690,705,705,705,705,705,720,0,0,0,0,736,736,736,736,736,753,736,736,736,736,736,736,753,0,0,753,753,753,1274,1274,1274,1274,1274,789,771,771,771,771,771,771,789,789,789,789,789,789,789,789,789,789,789,789,789,789,789,1274,1274,0,0,0,789,789,789,789,789,789,789,789,789,789,789,789,789,789,789,789,789,789,789,789,789,789,808,850,0,0,0,0,0,0,0,0,850,828,850,850,850,0,0,0,0,0,0,0,0,0,0,872,0,0,0,0,0,872,850,850,850,850,850,850,872,872,872,872,872,872,872,872,872,872,872,872,872,896,872,872,872,872,872,872,872,872,872,872,872,872,896,896,896,896,896,896,896,896,896,872,872,872,872,872,872,872,872,872,872,872,872,0,0,0,0,1004,1004,975,975,975,947,947,947,975,975,975,975,975,975,975,975,975,975,975,975,975,975,975,1004,1004,1004,1004,1004,1004,1004,1004,1004,1004,1004,1035,1035,0,0,0,0,0,0,0,0,0,0,0,0,0,0,0,0,0,0,0,0,0,1104,1104,1104,1104,1104,1104,1104,1104,1104,1104,1104,1104,1143,0,1143,1143,1143,1143,1143,1143,1143,1143,1143,1143,1143,1143,1143,1143,1143,0,0,0,0,0,1183,1183,1183,1183,1183,0,0,0,0,0,0,0,0,0,0,0,0,0,0,0,0,0,0,0,0,0,0,0,0,0,0,0,0,0,1183,0,1183,1069,896,896,872,872,872,872,872,872,872,872,872,872,896,896,3680,3680,4732,16560,16560,16560,16560,0,0,0,0,0,0,0,0,0,0,0,0,0,0,0,0,0,1656,1578,1578,1578,1656,1744,1656,1578,1506,1506,1506,1506,1506,1506,1506,1506,1506,1506,1506,1506,1506,1506,1506,1506,1506,1506,1440,1440,1440,1440,1440,1440,1440,1440,1440,1440,1440,1440,1440,1440,1440,1440,1440,1440,1440,1380,1380,1380,1380,1440,1440,1440,1440,1440,1440,1440,1380,1380,1380,1380,1380,1380,1380,1380,1380,1380,1380,1380,0,0,0,0,1440,1440,1440,1380,1440,1440,1440,1380,1380,1380,1380,1440,1440,1440,1440,1440,1440,1440,1440,1380,1380,1380,1380,1440,1440,1440,1440,1440,1440,1440,1440,1440,1440,1440,1440,1440,1440,1440,1440,1440,1440,1440,1440,1440,1440,1440,1440,1440,1440,1440,1380,1380,1440,1440,1440,1440,1440,1440,1440,1440,1440,1440,1440,1440,1440,1506,1506,0,0,0,0,0,0,0,0,0,0,0,0,0,0,0,2070,2070,2070,0,0,0,0,0,0,2208,2070,2070,2070,2208,2208,0,0,0,0,0,0,0,0,0,2208,2070,2070,2070,2208,2070,2070,2070,2070,2070,2208,0,0,2366,2208,2070,2070,2208,2208,0,0,0,0,0,2070,2070,2070,2070,2070,2070,2070,2070,2070,2070,2070,2070,2070,2070,2070,2070,2070,2070,2070,2070,2070,2208,2208,2208,2208,2208,2208,2070,2070,2070,2070,2070,2070,2070,2208,2208,2070,2070,2070,2070,2070,2208,2208,2208,2208,2208,2208,2208,2208,2208,2208,2208,2208,2208,2208,2208,2208,2208,2208,11040,0,11040,11040,2366,2366,2208,2208,2208,11040,11040,11040,11040,11040,11040,2208,2208,2208,2208,11040,11040,11040,2208,2208,2208
690,690,690,690,690,690,690,690,690,690,690,690,690,690,690,705,705,705,705,705,705,720,720,720,720,720,736,736,736,736,736,720,720,720,736,736,736,736,736,0,0,753,753,789,0,0,0,0,0,0,789,789,771,771,771,789,0,0,0,0,789,789,789,789,789,789,789,789,789,789,1274,0,0,0,0,0,789,789,789,789,789,789,789,789,789,789,789,789,789,789,789,789,789,789,789,789,789,789,808,808,850,0,0,0,0,0,0,850,850,828,850,850,850,0,0,0,0,0,0,0,0,0,0,850,872,872,850,850,850,850,850,850,850,850,850,850,850,872,872,872,872,872,872,872,872,850,872,872,872,896,872,872,872,872,872,872,872,872,872,872,872,872,896,896,896,896,896,896,896,896,896,872,872,872,872,872,872,0,0,872,872,872,872,0,0,0,0,975,975,975,947,947,947,947,947,947,947,975,975,975,975,975,975,975,975,975,975,975,975,975,975,975,975,1004,1004,975,1004,1004,1004,1004,1004,0,0,0,0,0,0,0,0,0,0,0,0,0,0,0,0,0,0,0,0,0,0,0,1104,1104,1104,1104,1104,1104,1104,1104,1104,1104,1104,1104,1104,1143,1104,1104,1104,1143,1143,1143,1143,1143,1143,1143,1143,1143,1143,1143,1143,0,0,0,0,0,1183,1183,1183,1183,1183,0,0,0,0,0,0,0,0,0,0,0,0,0,0,0,0,0,0,0,0,0,0,0,0,0,0,0,0,0,0,0,0,1104,896,896,872,872,872,872,872,872,872,872,872,872,896,896,2208,16560,16560,0,16560,16560,16560,0,0,0,0,0,0,0,0,0,0,0,0,0,0,0,0,0,1506,1578,1578,1578,1578,1656,1578,1506,1506,1506,1506,1506,1506,1506,1506,1506,1506,1506,1506,1506,1506,1506,1506,1506,1506,1506,1440,1440,1440,1440,1440,1440,1440,1440,1440,1440,1440,1440,1440,1440,1440,1440,1440,1440,1440,1440,1440,1440,1440,1440,1440,1440,1440,1440,1440,1440,1380,1440,1380,1380,1380,1440,1380,1380,1380,1380,1380,1440,0,0,0,0,1440,1440,1440,1440,1440,1440,1440,1380,1380,1440,1380,1440,1440,1440,1440,1440,1440,1440,1440,1380,1380,1380,1380,1440,1440,1440,1440,1440,1440,1440,1440,1440,1440,1440,1440,1440,1440,1440,1440,1440,1440,1440,1440,1440,1440,1440,1440,1440,1380,1380,1380,1380,1380,1440,1440,1440,1440,1440,1440,1440,1440,1440,1440,1440,1440,1506,1506,0,0,0,0,0,0,0,0,0,0,0,0,0,0,0,2070,2070,2070,0,0,0,0,0,0,2070,2070,2070,2070,2070,2366,0,0,2760,0,0,0,0,0,2070,2070,2070,2070,2070,2070,2070,2070,2070,2070,2070,2208,0,0,2366,2070,2070,2070,2070,2070,0,0,0,0,0,2070,2070,2070,2070,2070,2070,2070,2070,2070,2070,2070,2070,2070,2070,2070,2070,2070,2070,2070,2070,2070,2070,2208,2208,2208,2208,2208,2070,2070,2070,2070,2070,2070,2070,2070,2070,2070,2070,2070,2070,2070,2070,2070,2070,2208,2070,2070,2208,2208,2208,0,0,2208,2208,2208,0,0,0,0,0,0,0,0,0,11040,11040,11040,11040,11040,11040,11040,11040,11040,11040,11040,0,0,0,0,0,0,0,0,0
676,676,690,690,690,690,690,690,690,690,690,690,690,690,690,705,705,705,705,705,705,705,720,720,720,720,720,720,720,720,736,720,720,720,720,736,736,736,736,736,736,789,736,0,0,0,0,0,0,0,0,0,0,0,789,0,789,789,789,789,789,789,789,789,789,789,789,789,789,789,789,789,789,789,789,789,789,789,789,789,789,789,789,789,789,789,789,789,789,789,789,789,789,789,789,789,789,808,808,808,828,0,0,0,0,0,920,850,828,828,828,828,828,0,0,0,0,0,0,0,872,0,850,850,850,850,872,872,872,850,850,850,850,850,850,850,850,872,872,872,872,872,872,872,872,872,872,872,872,872,872,872,872,872,872,872,872,872,872,872,872,872,896,896,896,896,896,896,896,920,920,920,872,872,872,872,872,0,0,0,0,872,0,0,0,0,0,975,975,947,947,947,947,947,947,947,947,947,947,975,975,975,975,975,975,975,975,975,975,975,975,975,975,1004,1004,975,1004,1004,1004,1004,1004,0,0,0,0,0,0,0,0,0,0,0,0,0,0,0,0,0,0,0,0,0,0,1380,1143,1143,1104,1104,1104,1143,1143,1143,1104,1143,1104,1143,1143,1143,1143,1143,1143,1143,1143,1143,1143,1143,1143,1143,1143,1143,1143,1143,1143,0,0,0,0,0,1183,1183,1183,1143,1183,0,1183,0,0,0,0,0,0,0,0,0,0,0,0,0,0,0,0,0,0,0,0,0,0,0,0,0,0,0,0,0,1183,1104,896,896,872,872,872,872,872,872,872,872,872,872,872,896,1440,33119,0,0,0,0,0,0,0,0,0,0,0,0,0,0,0,0,0,0,0,1506,1440,1440,1440,1440,1440,1440,1506,1578,1506,1440,1440,1440,1440,1440,1440,1506,1506,1506,1506,1506,1506,1440,1440,1506,1506,1506,1506,1440,1440,1440,1440,1440,1440,1440,1440,1440,1440,1440,1440,1440,1440,1440,1440,1440,1440,1440,1440,1380,1380,1380,1380,1440,1440,1440,1440,1440,1440,1440,1380,1380,1380,1380,1380,1380,1380,1380,1380,1380,1380,1380,1440,1506,0,1440,1440,1440,1440,1380,1380,1440,1380,1380,1380,1380,1380,1380,1380,1380,1380,1380,1380,1380,1380,1380,1380,1380,1380,1380,1440,1440,1440,1440,1440,1440,1440,1440,1440,1380,1380,1380,1440,1440,1440,1440,1440,1440,1440,1440,1440,1440,1440,1440,1380,1380,1380,1380,1380,1380,1440,1440,1440,1440,1440,1440,1440,1440,1440,1440,1506,1506,0,0,0,0,0,0,0,0,0,0,0,0,0,0,0,0,2070,2070,0,0,0,0,0,0,0,2070,2070,2070,2070,2070,2208,2208,2366,2366,0,2548,0,0,0,2070,2070,2070,2070,2070,2070,2070,2070,2070,2070,2070,0,0,0,0,2070,2070,2070,2070,2070,2070,2070,0,2548,2070,2070,2070,2070,2070,2070,2070,2070,2070,2070,2070,2070,2070,2070,2070,2070,2070,2070,2070,2070,2070,2070,2070,2208,2208,2208,2208,2070,2070,2070,2070,2070,2070,2070,2070,2070,2070,2070,2070,2070,2070,2070,2070,2070,2070,2208,2070,2070,2208,2208,2208,0,0,2208,2208,2208,0,0,0,0,0,0,0,0,0,0,0,0,0,11040,11040,11040,11040,11040,11040,11040,0,11040,11040,11040,11040,11040,11040,16560,11040
676,676,676,690,690,690,690,690,690,690,690,690,690,690,690,705,705,705,705,705,705,705,705,720,720,720,720,720,720,720,736,720,720,720,720,720,720,736,736,736,736,736,736,0,0,0,0,0,0,0,0,0,0,0,0,0,0,0,0,0,789,789,789,789,789,789,789,789,789,789,789,789,789,789,789,789,789,789,789,789,789,789,789,789,789,789,789,789,789,789,789,808,789,789,789,789,789,808,808,808,828,828,850,920,0,920,828,828,828,828,828,828,828,850,850,850,850,850,850,850,850,850,850,850,850,850,850,850,850,850,850,850,850,850,850,850,850,850,872,872,872,872,872,872,872,872,872,872,872,872,872,872,872,872,872,872,872,872,872,872,872,872,872,872,896,896,896,896,896,896,947,0,872,872,872,872,872,0,0,0,0,0,0,0,0,0,975,947,947,947,947,947,947,947,947,947,947,947,947,947,975,975,975,975,975,975,975,975,975,975,1004,1004,1004,1004,1004,1004,1035,1035,1004,1004,0,0,0,0,0,0,0,0,0,0,0,0,0,0,0,0,0,0,0,0,0,0,0,0,1143,1143,1104,1104,1104,1104,1104,1104,1104,1104,1104,1104,1143,1143,1143,1143,1143,1143,1143,1143,1143,1143,1143,1143,1143,1143,1143,1143,1143,1183,1227,1227,0,1227,1183,1183,1183,1143,1183,1183,1183,1183,1183,1183,0,0,0,0,0,0,0,0,0,0,0,0,0,0,0,0,1227,1227,1227,1227,1183,1183,1183,1183,1183,0,1183,1104,896,896,872,872,872,872,872,872,872,872,872,872,896,896,896,0,0,0,0,0,0,0,0,0,0,0,0,0,0,0,0,0,0,0,0,1440,1440,1440,1440,1440,1440,1440,1506,1578,1440,1440,1440,1440,1440,1440,1440,1506,1506,1506,1506,1506,1506,1440,1440,1506,1506,1506,1506,1506,1440,1440,1440,1440,1440,1440,1440,1440,1440,1440,1440,1440,1440,1380,1380,1380,1380,1380,1380,1380,1380,1380,1380,1380,1440,1440,1440,1440,1380,1380,1380,1380,1380,1380,1380,1380,1380,1380,1380,1380,1380,1380,1380,1380,1440,1440,1380,1380,1380,1380,1380,1380,1380,1380,1380,1380,1380,1380,1380,1380,1380,1380,1380,1380,1380,1380,1380,1380,1380,1380,1380,1440,1440,1440,1440,1440,1440,1440,1380,1380,1380,1380,1380,1380,1380,1380,1380,1380,1380,1440,1440,1440,1440,1380,1380,1380,1380,1380,1380,1380,1440,1440,1440,1440,1440,1440,1440,1440,1506,1506,0,0,0,0,0,0,0,0,0,0,0,0,0,0,0,0,0,0,0,0,0,0,0,0,0,0,0,2208,2070,2070,2070,2070,2208,2366,2548,2760,0,2760,0,0,0,2070,2070,2070,2070,2070,2070,2070,2070,2070,2070,0,0,0,0,0,2208,2070,2070,2070,2070,2070,2070,2070,2070,2070,2070,2070,2070,2070,2070,2070,2070,2070,2208,2208,2208,2208,2208,2070,2070,2070,2070,2070,2070,2070,2208,2208,2208,0,2208,2208,2208,2070,2070,2070,2070,2070,2070,2208,2208,2208,2070,2070,2070,2070,2070,2208,2070,2070,2070,2070,2070,2070,2208,2208,0,0,0,0,0,0,0,0,0,0,0,0,0,0,11040,11040,11040,11040,11040,11040,2208,2208,2208,2208,2208,2208,2208,2208,2208,2208,2208,2208,2208,2208
676,676,676,690,690,690,690,690,690,690,690,690,690,690,690,705,705,705,705,705,705,705,720,720,720,720,720,720,720,720,720,720,720,720,720,720,720,720,736,736,736,736,0,0,0,0,0,0,0,0,0,0,0,0,789,0,789,789,789,789,789,789,789,789,789,789,789,789,789,789,789,789,789,789,789,789,789,789,789,789,789,789,789,789,789,789,789,789,789,789,789,789,789,789,789,789,789,808,808,828,828,828,850,0,0,850,828,828,828,828,828,850,850,850,850,850,850,850,850,850,850,850,850,850,850,850,850,850,850,850,850,850,850,850,850,850,850,872,872,872,872,872,872,872,872,872,872,872,872,872,872,872,872,872,872,872,872,872,872,872,872,872,872,872,872,872,872,872,896,947,0,0,0,872,872,872,0,0,0,0,0,0,0,0,0,0,947,947,947,947,947,947,947,947,947,947,947,947,947,947,947,975,975,975,975,975,975,975,975,1004,1004,1004,1004,1004,1004,1004,1035,1035,1004,1004,1035,1035,1035,0,1035,1035,1035,1069,0,0,0,0,0,0,0,0,0,0,0,0,0,0,1143,1143,1104,1104,1104,1104,1104,1104,1104,1104,1104,1104,1104,1104,1143,1143,1143,1143,1143,1143,1143,1143,1143,1143,1143,1143,1143,1143,1143,1183,1183,1183,1227,1227,0,1227,1183,1183,1183,1183,1183,1183,1183,0,0,0,0,0,0,0,0,0,0,0,0,0,0,0,0,0,0,0,0,0,1227,1183,1183,1183,1183,1183,0,0,1183,1104,896,896,872,872,872,872,872,872,872,872,872,872,896,896,896,4140,0,0,0,0,0,0,0,0,0,0,0,0,0,0,0,0,0,0,0,1440,1440,1440,1440,1440,1440,1440,1578,0,1440,1440,1440,1440,1440,1440,1440,1506,1506,1506,1506,1506,1506,1440,1440,1506,1506,1506,1506,1440,1440,1440,1440,1440,1440,1440,1440,1440,1440,1440,1440,1440,1380,1380,1380,1380,1380,1380,1380,1380,1380,1380,1380,1380,1380,1380,1380,1380,1380,1380,1380,1380,1380,1380,1380,1380,1380,1380,1380,1380,1380,1380,1380,1380,1380,1380,1380,1380,1380,1380,1380,1380,1380,1380,1380,1380,1380,1380,1380,1380,1380,1380,1380,1380,1380,1380,1380,1380,1380,1380,1380,1380,1440,1440,1440,1440,1440,1380,1380,1380,1380,1380,1380,1380,1380,1380,1380,1380,1380,1380,1440,1440,1440,1380,1380,1380,1380,1380,1380,1440,1440,1440,1440,1440,1440,1440,1440,1440,1506,0,0,0,0,0,0,0,0,0,0,0,0,0,0,0,0,0,0,0,0,0,0,0,0,0,0,0,0,2208,2208,2070,2070,2070,2208,2208,0,0,0,0,0,0,2366,2208,2208,2208,2070,2070,2070,2070,2070,2070,2070,2208,0,0,0,0,2208,2070,2070,2070,2070,2070,2070,2070,2070,2070,2070,2208,2070,2070,2070,2070,2070,2208,2208,2208,2208,2208,2208,2070,2070,2070,2070,2070,2070,2070,2208,2208,2208,0,0,2208,2208,2208,2070,2070,2070,2070,2070,2208,2208,2208,2208,2070,2070,2070,2070,0,2070,2070,2070,2070,2070,2070,2208,0,0,0,0,0,0,0,0,0,0,0,0,0,0,0,0,0,0,0,0,0,11040,11040,11040,11040,11040,0,11040,11040,11040,11040,11040,11040,16560,11040
676,676,676,690,690,690,690,690,690,690,690,690,690,690,690,705,705,705,705,705,705,705,705,720,720,720,720,720,720,720,720,720,720,720,720,720,720,720,720,720,720,720,736,0,0,0,0,0,0,0,0,0,0,0,0,0,789,789,789,789,789,789,789,789,789,789,789,789,789,789,789,789,789,789,789,789,789,789,789,789,789,789,789,789,789,789,789,789,789,789,789,789,789,789,789,789,789,808,808,828,828,828,828,828,828,828,828,828,828,828,828,828,828,828,828,850,828,850,850,850,850,850,850,850,850,850,850,850,850,850,850,850,850,850,850,850,850,850,850,850,872,850,850,850,850,872,872,872,872,872,872,872,872,872,872,872,872,872,872,872,872,872,872,872,872,872,872,872,896,947,947,0,872,872,872,872,872,920,0,0,0,0,0,0,0,947,947,947,947,947,947,947,947,947,947,947,947,947,947,947,947,975,975,1004,1004,1004,1004,1004,1004,1004,1004,1004,1004,1035,1035,1035,1035,1035,1035,0,0,0,0,0,1035,1035,1035,0,0,0,0,0,0,0,0,0,1227,1227,1143,1143,1227,0,0,0,1143,1143,1104,1104,1104,1143,1143,1143,1143,1143,1104,1143,1143,1183,1143,1143,1183,1183,1143,1143,1143,1143,1143,1143,1143,1143,1183,1183,1183,1183,1183,1183,1227,1183,1183,1183,1183,1183,1183,1183,1183,1183,1183,1183,0,0,0,0,0,0,0,0,0,0,0,1227,1227,1227,1227,1227,1183,1227,1183,1143,1143,1183,1183,1183,1183,1183,1143,896,896,896,872,872,872,872,872,872,872,872,872,872,872,896,896,2548,33119,0,0,0,0,0,0,0,0,0,0,0,0,0,0,0,0,0,0,0,1440,1440,1440,1440,1440,1578,0,1578,1578,1440,1440,1440,1440,1440,1440,1506,1506,1506,1506,1506,1506,1440,1506,1506,1506,1506,1506,1440,1440,1440,1440,1440,1440,1440,1440,1440,1440,1440,1440,1440,1380,1380,1380,1380,1380,1440,1380,1380,1380,1380,1380,1380,1380,1380,1380,1380,1380,1380,1380,1380,1380,1380,1380,1380,1380,1380,1380,1380,1380,1380,1380,1380,1380,1380,1380,1380,1380,1380,1380,1380,1380,1380,1380,1380,1380,1380,1380,1380,1380,1380,1380,1380,1380,1380,1380,1380,1380,1380,1380,1380,1380,1440,1440,1440,1380,1380,1380,1380,1380,1380,1380,1380,1380,1380,1380,1380,1380,1380,1440,1440,1440,1380,1380,1380,1380,1380,1380,1440,1440,1440,1440,1440,1440,1440,1440,1506,1506,0,0,0,0,0,0,0,0,0,0,0,0,0,0,0,0,0,0,0,0,0,0,0,0,0,0,0,0,2208,2208,2208,2208,2208,2208,2208,0,0,0,0,0,0,2366,2208,2208,2208,2208,2208,2208,2208,2070,2208,2208,2208,0,0,0,2366,2208,2208,2208,2208,2208,2208,2208,0,0,0,0,0,0,2208,2208,2208,2208,2208,2208,2208,2208,2208,2208,2208,2208,2208,2208,2208,2208,2208,2208,2208,0,0,0,0,2208,2208,2208,2208,2208,2208,2208,2208,2208,2208,2208,2208,2208,2208,2208,2208,2208,2208,2208,2070,2208,2208,2208,2208,0,0,2208,2208,2208,2208,2208,0,0,0,0,0,0,0,0,0,0,0,0,0,2208,2208,2208,2208,2208,2208,2208,2208,2208,2208,2208,2208,2208,2208
676,676,676,690,690,690,690,690,690,690,690,690,705,705,705,705,705,705,705,705,705,705,705,705,720,720,720,720,720,720,720,720,720,720,720,720,720,720,720,736,736,0,0,0,0,0,0,0,0,0,0,0,0,0,789,789,789,789,789,789,789,789,789,789,789,789,789,789,789,789,789,789,789,789,789,789,789,789,789,789,789,789,789,789,789,789,789,789,789,789,789,789,789,808,808,808,808,808,828,828,828,828,828,828,828,828,828,828,828,828,828,850,850,850,828,850,828,828,850,850,850,850,850,850,850,850,850,850,850,850,850,850,850,850,850,850,850,850,850,850,850,850,850,850,850,872,872,872,872,896,872,872,872,872,872,872,872,872,872,872,872,872,872,872,872,872,872,872,947,0,0,0,0,896,872,872,896,920,0,920,920,920,0,0,947,0,947,947,947,947,947,947,947,947,947,947,947,947,947,947,975,1004,1004,1004,1004,1004,1004,1004,1004,1004,1004,1004,1004,1004,1004,1004,1004,1004,1004,1004,1035,1035,1035,1035,1035,1035,1035,1035,0,0,0,0,0,0,0,0,1227,0,1143,1104,1143,1143,1143,1143,1143,1104,1104,1104,1104,1143,1143,1143,1104,1104,1104,1143,1143,1143,1143,1143,1183,1183,1143,1143,1143,1143,1143,1143,1143,1143,1143,1143,1143,1143,1143,1143,1143,1143,1143,1143,1143,1143,1143,1143,1143,1143,1143,1143,1183,1183,1183,1143,1143,1143,1143,1143,1143,1143,1143,1183,1143,1183,1143,1143,1143,1143,1143,1143,1143,1143,1143,1143,1143,1143,1104,896,896,896,872,872,872,872,872,872,872,872,872,872,872,896,896,2548,33119,0,0,0,0,0,0,0,0,0,0,0,0,0,0,0,0,0,0,0,0,0,1440,1440,1440,1578,0,1578,1578,1440,1440,1440,1440,1440,1440,1506,1506,1506,1506,1506,1440,1440,1440,1506,1440,1506,1506,1440,1440,1440,1440,1440,1440,1440,1440,1440,1440,1440,1440,1440,1380,1380,1380,1380,1380,1440,1380,1380,1380,1380,1380,1380,1380,1380,1380,1380,1380,1380,1380,1380,1380,1380,1380,1380,1380,1380,1380,1380,1380,1380,1380,1380,1380,1380,1380,1380,1380,1380,1380,1380,1380,1380,1380,1380,1380,1380,1380,1380,1380,1380,1380,1380,1380,1380,1380,1380,1380,1380,1380,1380,1380,1440,1440,1440,1380,1380,1380,1380,1380,1380,1380,1380,1380,1380,1380,1380,1380,1380,1380,1380,1380,1380,1380,1380,1380,1380,1440,1440,1440,1440,1440,1440,1440,1440,1440,1506,1506,0,0,0,0,0,0,0,0,0,0,0,0,0,0,0,0,0,0,0,0,0,0,0,0,0,0,0,0,2208,2208,2208,2208,2208,2208,2366,0,0,0,0,0,0,0,2366,2208,2208,2208,2208,2208,2208,2208,2208,2208,2208,2548,2548,2548,2366,2208,2208,2208,2208,2208,2548,2548,2548,0,0,0,0,0,2548,2548,2548,2548,2548,2548,2548,2548,2208,2208,2208,2208,2208,2208,2208,2208,2208,2208,2208,2548,2548,2548,2548,2208,2208,2208,2208,2208,2208,2208,2208,2208,2548,2548,2208,2208,2548,0,2548,2548,2548,2208,2208,2208,2208,2208,2208,2548,2548,2548,2208,2208,2208,2208,2548,2548,2548,2548,2548,2548,2548,2548,2548,2548,2548,2548,2548,2208,2208,2208,2208,2208,2208,2208,2208,2208,2208,2208,2208,2208,2208
676,676,690,690,690,690,690,690,690,690,690,690,705,705,705,705,705,705,705,705,705,705,705,720,720,720,720,720,720,720,720,720,720,720,720,720,720,720,720,720,736,0,0,0,0,0,0,0,0,0,0,0,0,771,771,771,789,789,789,789,789,789,789,789,789,789,789,789,789,789,789,789,789,789,789,771,789,789,789,789,789,789,789,789,789,789,789,789,789,789,789,789,808,808,808,808,828,828,828,828,828,828,828,828,828,828,828,828,828,828,828,850,850,850,828,850,828,828,850,850,850,850,850,850,850,850,850,850,850,850,850,850,850,850,850,850,850,850,850,850,850,850,850,850,850,850,872,872,872,872,872,872,872,872,872,872,872,872,872,872,872,872,872,872,872,872,872,872,872,947,0,0,0,872,872,872,896,920,0,920,920,896,0,920,947,975,947,947,947,947,947,947,947,947,947,947,947,947,947,975,975,975,1004,1004,1004,1004,1004,1004,1004,1004,1004,1004,1004,1004,1004,1004,1004,1035,1004,1004,1035,1035,1035,1035,1035,1035,1035,1035,0,0,0,0,0,0,0,0,1104,1104,1104,1104,1104,1104,1104,1104,1104,1104,1104,1104,1104,1104,1104,1104,1104,1104,1104,1104,1104,1104,1104,1104,1143,1104,1104,1104,1104,1104,1104,1104,1104,1104,1104,1104,1104,1104,1104,1183,1183,1143,1143,1183,1183,1183,1183,1104,1104,1104,1104,1183,1183,1183,1183,1104,1104,1104,1104,1104,1104,1104,1104,1104,1104,1104,1104,1104,1104,1143,1104,1104,1104,1104,1104,1104,1104,1104,1104,896,896,896,872,872,872,872,872,872,872,872,896,872,872,896,896,2548,4140,0,0,0,0,0,0,0,0,0,0,0,0,0,0,0,0,0,0,0,0,0,1440,1440,1578,0,0,0,0,1578,1440,1440,1440,1440,1440,1506,1506,1506,1506,1506,0,1440,1506,1506,1506,1506,1506,1506,1440,1440,1440,1440,1440,1440,1440,1440,1440,1440,1440,1440,1440,1440,1440,1440,1440,1440,1440,1440,1440,1440,1440,1440,1440,1440,1440,1440,1440,1440,1380,1380,1380,1380,1380,1380,1380,1380,1380,1380,1380,1380,1380,1380,1380,1380,1380,1380,1380,1380,1380,1380,1380,1380,1380,1380,1380,1380,1380,1380,1380,1380,1380,1380,1380,1380,1380,1380,1380,1380,1380,1380,1380,1380,1380,1380,1380,1380,1380,1380,1380,1380,1380,1380,1380,1380,1380,1380,1380,1380,1440,1440,1440,1380,1380,1380,1380,1380,1440,1440,1440,1440,1440,1440,1440,1440,1506,1506,1506,1506,0,0,0,0,0,0,0,0,0,0,0,0,0,0,0,0,0,0,0,0,0,0,0,0,0,0,0,0,0,2208,2208,2548,2548,2548,2548,2548,2760,0,0,0,0,0,0,0,2548,2208,2208,2208,2208,2208,2548,2548,0,2548,2548,2548,2548,2548,2548,2548,2548,2548,2548,2548,0,0,0,0,0,2760,2548,2548,2548,2548,2548,2548,2548,2548,2548,2548,2548,2548,2548,2548,2548,2548,2548,2548,2548,2548,2548,2548,2548,2548,2548,2548,2548,2548,2548,2548,2548,2548,2548,2548,2548,2548,0,0,0,0,0,2548,0,0,0,0,0,0,0,2548,2548,2548,0,0,0,2548,2548,2548,2366,2548,2548,2548,2548,2548,2548,2548,2548,2548,2548,2548,2548,2548,2548,0,0,0,0,2548,2548,2548
676,676,690,690,690,690,690,690,690,690,690,690,705,705,705,705,705,705,705,705,705,705,705,720,720,720,720,720,720,720,720,720,720,720,720,720,720,720,720,736,736,0,0,0,0,0,0,0,0,0,0,0,0,0,771,789,789,789,789,789,789,789,789,789,789,789,789,789,789,789,789,789,828,0,0,0,789,789,789,789,789,789,789,789,789,808,789,789,789,789,808,808,808,828,828,828,828,828,828,828,828,828,828,828,828,828,828,828,828,828,828,828,828,828,828,828,828,828,828,850,850,850,850,850,850,850,850,850,850,850,850,850,850,850,850,850,850,850,850,850,850,850,850,850,850,850,872,872,872,872,872,872,872,872,872,872,872,872,872,872,872,872,872,872,872,872,872,872,872,0,0,0,0,872,872,872,872,896,0,896,896,896,872,872,947,1004,975,975,975,975,947,947,947,947,947,975,947,975,975,975,975,975,975,1004,975,975,975,1004,975,1004,1004,1004,1004,1004,1004,1004,1004,1004,1004,1004,1004,1004,1004,1004,1035,1035,1035,1035,1035,1104,1104,1104,1104,1104,1104,1104,1104,1104,1104,1104,1104,1104,1104,1104,1104,1104,1104,1104,1104,1104,1104,1104,1104,1104,1104,1104,1104,1104,1104,0,0,1104,1104,1104,1104,1104,1104,1104,1104,1104,1104,1104,1104,1104,1104,1104,1104,1104,1104,1143,1104,1104,1104,1104,1104,1104,1104,0,0,0,0,1104,1104,1104,1104,1104,1104,1104,1104,1104,1104,1104,1104,1104,1104,1104,1104,1104,1104,1104,1104,1104,1104,1104,1104,896,896,896,896,872,872,872,872,872,872,872,896,872,872,896,896,3011,0,0,0,0,0,0,0,0,0,0,0,0,0,0,0,0,0,0,0,0,0,0,1506,1506,1506,1578,1578,1578,1578,1506,1506,1440,1440,1440,1506,1506,1506,1506,1506,1506,1506,1440,1506,1506,1506,1506,1506,1506,1440,1440,1440,1440,1440,1440,1440,1440,1440,1440,1440,1440,1440,1440,1440,1440,1440,1440,1440,1440,1440,1440,1440,1440,1440,1440,1440,1440,1440,1440,1440,1440,1380,1380,1380,1380,1380,1380,1380,1380,1380,1380,1380,1380,1380,1380,1380,1380,1380,1380,1380,1380,1380,1380,1380,1380,1380,1380,1380,1380,1380,1380,1380,1380,1380,1380,1380,1380,1380,1380,1380,1380,1380,1380,1380,1380,1380,1380,1380,1380,1380,1380,1380,1380,1380,1380,1380,1380,1380,1380,1380,1380,1380,1380,1380,1380,1380,1380,1440,1440,1440,1440,1440,1440,1440,1440,1506,1506,1506,1506,0,0,0,0,0,0,0,0,0,0,0,0,0,0,0,0,0,0,0,0,2548,2548,2548,2548,0,0,3011,2208,2208,2208,2208,2208,2366,2366,2548,2548,2548,2548,2548,2548,2366,2208,2208,2208,2208,2208,2208,2208,2208,2208,2208,2366,2366,2366,2366,2366,2366,2366,2208,2208,2366,2548,2548,2548,0,0,0,0,0,2548,2548,2548,2548,2548,2548,2548,2548,2208,2366,2366,2548,2366,2366,2366,2366,2366,2366,2366,2548,2548,2548,2548,2548,2548,2548,2208,2208,2366,2366,2366,2548,2548,2548,2548,2548,2548,0,0,0,0,0,0,0,3011,0,0,3011,3011,2548,2208,2208,2208,2366,2548,2548,2548,2548,2548,2548,2548,2548,0,0,0,0,0,0,0,0,0,0,0,0,0,0,0,0,0,0,0
676,676,676,690,690,690,690,690,690,690,690,705,705,705,705,705,705,705,705,705,705,705,705,720,720,720,720,720,720,720,720,720,720,720,720,720,720,720,720,736,736,0,0,0,0,0,0,0,0,0,0,0,0,0,0,0,789,789,789,789,789,789,789,789,789,789,789,789,789,808,808,808,828,0,0,0,0,808,789,789,789,808,808,808,808,808,808,808,808,808,808,808,808,828,828,828,828,828,828,828,828,828,828,828,828,828,828,828,828,828,828,828,828,828,828,828,828,828,828,850,850,850,850,850,850,850,850,850,850,850,850,850,850,850,850,850,850,850,850,850,850,850,850,850,850,850,872,872,872,872,872,872,872,872,872,872,872,872,872,872,872,872,872,872,872,872,872,872,872,872,872,872,872,872,872,872,872,872,896,872,872,872,872,872,920,975,975,975,975,975,947,947,947,947,947,975,975,975,975,975,975,975,975,975,975,975,975,975,975,975,975,975,975,1004,1004,1004,1004,1004,1004,1004,1004,1004,1004,1004,1004,1035,1035,0,0,0,0,0,0,0,0,0,0,0,1104,1104,1104,1104,1104,1104,1104,1104,1104,1104,1104,1104,1104,1104,1104,1104,1104,1104,1104,1104,1104,1104,1104,1104,1104,1104,1104,1104,1104,1104,1104,1104,1104,1104,1104,1104,1104,1104,1104,1104,1104,1143,1104,1104,1104,1104,1104,1104,1104,1104,1143,1104,1104,1104,1104,1069,1069,1069,1104,1069,1104,1104,1104,1104,1104,1104,1104,1104,1104,1104,1104,1104,1104,1104,1104,1104,1104,896,896,896,896,872,872,872,872,872,872,872,896,872,872,896,896,0,0,0,0,0,0,0,0,0,0,0,0,0,0,0,0,0,0,0,0,0,0,1440,1440,1440,1440,1440,1440,1440,1506,1440,1440,1440,1440,1440,1506,1506,1506,1506,1506,1506,1440,1440,1506,1506,1506,1506,1506,1506,1506,1440,1440,1440,1440,1440,1440,1440,1440,1440,1440,1440,1440,1440,1440,1440,1440,1440,1440,1440,1440,1440,1440,1440,1440,1440,1440,1440,1440,1440,1380,1380,1380,1380,1380,1380,1380,1380,1380,1380,1380,1380,1380,1380,1380,1380,1380,1380,1380,1380,1380,1380,1380,1380,1380,1380,1380,1380,1380,1380,1380,1380,1380,1380,1380,1380,1380,1380,1380,1380,1380,1380,1380,1380,1380,1380,1380,1380,1380,1380,1380,1380,1380,1380,1380,1380,1380,1380,1380,1380,1380,1380,1380,1380,1380,1380,1380,1380,1380,1440,1440,1440,1440,1440,1440,1506,1506,1506,1506,1506,1506,0,0,0,0,0,0,0,0,0,2366,2208,0,0,0,0,0,0,0,0,2548,2366,2366,3011,0,0,0,0,2208,2208,2208,2208,2366,2366,2548,2366,2366,2548,2548,2208,2208,2208,2208,2208,2208,2208,2208,2208,2208,2208,2366,2548,2548,2548,2548,2366,2366,2366,2208,2208,2366,2548,2548,2548,0,0,0,0,2548,2548,2548,2548,2548,2548,2548,2548,2548,2208,2208,2208,2548,2366,2366,2366,2366,2548,2548,2548,2548,2548,2548,2548,2548,2548,2548,2208,2208,2548,2548,2548,2548,2548,2548,2548,2548,2548,2548,2548,0,2548,0,0,0,3011,0,0,0,0,2760,2548,2366,2208,2366,2366,2548,2548,2548,2548,2548,2548,2548,0,2548,0,0,0,0,0,0,0,0,0,0,0,0,0,0,0,0,0
676,676,676,690,690,690,690,690,690,690,690,705,705,705,705,705,705,705,705,705,705,705,705,720,720,720,720,720,720,720,720,720,720,720,720,736,736,736,872,0,0,0,0,0,0,0,0,0,0,0,771,771,771,771,771,789,789,789,789,789,789,789,789,789,789,789,789,789,789,789,808,808,828,828,828,0,0,808,808,808,808,808,808,808,828,828,808,808,808,808,808,808,808,828,828,828,828,828,828,828,828,828,828,828,828,828,828,828,828,828,828,828,828,828,828,828,828,828,828,850,850,850,850,850,850,850,850,850,850,850,850,850,850,850,850,850,850,872,872,872,872,872,850,850,850,872,872,872,872,872,872,872,872,872,872,872,872,872,872,872,872,872,872,872,872,872,872,872,872,872,872,872,872,872,872,872,872,896,975,896,872,872,872,872,947,0,0,975,975,975,947,975,947,947,947,975,975,975,975,975,975,975,975,975,975,975,975,975,975,975,975,975,975,975,975,975,1004,1004,1004,1004,1004,1004,1004,1004,1004,1004,1035,1035,1035,1104,0,0,0,0,0,0,0,0,0,1104,1104,1104,1104,1104,1104,1104,1104,1104,1104,1104,1104,1104,1104,1104,1104,1104,1104,1104,1104,1104,1143,1143,1143,1104,1104,1104,1104,1104,1143,1143,0,0,1143,1183,1183,1183,1183,1143,1143,1183,1183,1183,0,1183,1104,0,0,0,0,0,0,0,0,1104,1104,0,0,1104,1104,1104,1104,1104,1104,1104,1104,1143,1104,1183,1183,0,1183,1183,1183,2366,1104,896,896,896,896,872,872,872,872,872,872,872,896,872,872,896,896,0,0,0,0,0,0,0,0,0,0,0,0,0,0,0,0,0,0,0,0,0,0,1440,1440,1440,1440,1440,1440,1440,1440,1440,1440,1440,1440,1440,1506,1506,1506,1506,1506,1440,1440,1440,1440,1506,1506,1506,1506,1506,1506,1440,1440,1440,1440,1440,1440,1440,1440,1440,1440,1440,1440,1440,1440,1440,1440,1440,1440,1440,1440,1440,1440,1440,1440,1440,1440,1440,1440,1440,1380,1380,1380,1380,1380,1380,1380,1380,1380,1380,1380,1380,1380,1380,1380,1380,1380,1380,1380,1380,1380,1380,1380,1380,1380,1380,1380,1380,1380,1380,1380,1380,1380,1380,1380,1380,1380,1380,1380,1380,1380,1380,1380,1380,1380,1380,1380,1380,1380,1380,1380,1380,1380,1380,1380,1380,1380,1380,1380,1380,1380,1380,1380,1380,1380,1380,1380,1380,1380,1380,1440,1440,1440,1440,1506,1506,1506,1506,1506,1506,0,0,0,0,0,0,0,0,0,2548,2208,2208,0,0,0,0,0,0,0,0,2760,0,0,0,0,0,0,0,2208,2208,2208,0,0,2548,2548,2548,2548,2548,2760,2760,2760,2760,2760,2760,2548,2208,2208,2208,2208,2208,2548,2760,2760,2548,2548,2548,2548,2548,2548,2548,2548,2548,2548,2548,2760,2760,0,2760,2760,2548,2548,2548,2548,2548,2760,2548,2760,2548,2548,2548,2760,2548,2548,2548,2548,2548,2548,2548,2548,2548,2760,2760,0,0,2548,2548,2548,2548,2548,2548,2548,2548,0,2548,0,2548,0,0,0,0,0,0,0,0,0,0,0,0,2548,2548,2548,2366,2548,2548,0,0,0,0,0,0,0,0,0,0,0,0,0,0,0,0,0,0,0,0,0,0,0,0,0,0
676,676,676,690,690,690,690,690,690,690,690,690,705,705,705,705,705,705,705,705,705,705,705,720,720,720,720,720,720,720,720,720,720,720,720,736,736,736,736,872,872,0,0,0,0,0,0,0,0,771,771,771,771,0,0,0,789,789,789,789,789,789,789,789,789,789,789,808,808,808,808,828,828,0,0,0,0,0,872,828,828,828,828,828,0,828,0,828,828,808,808,808,808,808,828,828,828,828,828,828,828,828,828,828,828,828,828,828,828,828,828,828,828,828,828,828,828,828,828,850,850,850,850,850,850,850,850,850,850,850,850,850,850,850,850,850,872,872,872,872,872,872,872,872,872,872,872,872,872,872,872,872,872,872,872,872,872,872,872,872,872,872,872,872,872,872,872,872,872,872,872,872,872,872,872,872,872,975,0,975,872,872,872,872,947,0,1004,975,975,975,947,947,947,947,947,975,947,975,947,975,975,975,975,975,975,975,975,975,975,975,975,975,975,975,975,975,975,975,975,975,975,975,1004,1004,1004,1004,1004,1004,1035,1069,1069,1069,1104,1069,1035,1104,1104,1104,0,0,0,0,0,0,0,0,0,0,1104,1104,1104,1143,1104,1104,1104,1104,1104,0,0,0,0,0,0,0,0,1104,0,0,0,0,0,0,0,0,0,0,0,1183,1183,1183,1183,0,0,0,0,0,0,0,0,0,0,0,0,0,0,0,0,1104,1104,1104,1104,1004,1004,1004,1104,1104,1104,1143,1143,1183,1183,1183,0,0,1104,896,896,896,896,872,872,872,872,872,872,872,896,872,872,896,896,0,0,0,0,0,0,0,0,0,0,0,0,0,0,0,0,0,0,0,0,0,0,1440,1440,1440,1440,1506,1506,1506,1506,1440,1440,1440,1440,1506,1506,1506,1506,1506,1506,1506,1506,1440,1506,1506,1506,1506,1506,1506,1506,1440,1440,1440,1440,1440,1440,1440,1440,1440,1440,1440,1440,1440,1440,1440,1440,1440,1440,1440,1440,1440,1440,1440,1440,1440,1440,1440,1440,1440,1380,1380,1380,1380,1380,1380,1380,1380,1380,1380,1380,1380,1380,1380,1380,1380,1380,1380,1380,1380,1380,1380,1380,1380,1380,1380,1380,1380,1380,1380,1380,1380,1380,1380,1380,1380,1380,1380,1380,1380,1380,1380,1380,1380,1380,1380,1380,1380,1380,1380,1380,1380,1380,1380,1380,1380,1380,1380,1380,1380,1380,1380,1380,1380,1380,1380,1380,1380,1380,1380,1380,1380,1440,1440,1506,1506,1506,1506,1506,0,0,0,0,0,0,0,0,2548,2366,2208,2208,2208,2208,2208,0,0,0,0,0,2548,2366,2366,2208,2366,0,3011,2208,2208,2208,2208,2208,2208,2208,2548,2548,2366,2366,2548,2366,2208,2208,2208,2208,2208,2208,2208,2208,2208,2208,2208,2366,2548,2548,2548,2548,2548,2366,2366,2208,2366,2548,2548,2548,2760,2760,2760,2760,2548,2548,2548,2548,2760,2760,2760,2760,2760,2548,2208,2366,2366,2548,2366,2366,2208,2366,2548,2548,2548,2760,0,0,0,0,0,0,2548,2548,2548,2548,2548,0,0,0,0,0,0,0,0,0,0,0,0,0,0,0,0,0,0,0,2548,2366,2366,2548,0,0,0,0,0,0,0,0,0,0,0,0,0,0,0,0,0,0,0,0,0,0,0,0,0,0,0
676,676,676,690,690,690,690,690,690,690,690,690,690,690,705,705,705,705,705,705,705,705,705,720,720,720,720,720,720,720,720,720,0,0,0,0,0,0,0,0,0,0,0,0,0,0,0,0,771,771,0,0,0,0,0,0,0,0,0,808,808,0,789,808,808,808,808,808,808,808,808,808,828,0,0,0,0,872,828,808,808,808,808,808,828,828,808,808,808,808,808,808,808,808,808,808,808,808,828,828,828,828,828,828,828,828,828,828,828,828,828,828,828,828,828,828,828,828,828,850,850,850,850,850,850,850,850,850,850,850,850,850,850,850,850,850,872,872,872,872,872,872,872,872,872,872,872,872,872,872,872,872,872,872,872,872,872,872,872,872,872,872,872,872,872,872,872,872,872,872,872,872,872,872,872,872,872,0,0,872,872,872,872,872,947,1004,1004,975,975,975,975,975,947,947,947,975,975,975,975,975,975,975,975,975,975,975,975,975,975,975,975,975,975,975,975,975,975,975,975,975,975,975,1004,1004,1004,1004,1004,1004,1004,1004,1004,1069,0,1069,1004,1069,0,0,0,0,0,0,0,0,0,0,0,0,0,0,0,0,0,0,0,1069,1069,0,0,0,0,0,0,0,0,0,0,0,0,0,0,0,0,0,0,0,0,0,1183,0,1183,0,0,0,0,0,0,0,0,0,0,0,0,0,0,0,0,1004,1004,975,975,975,975,975,975,1004,1004,1004,1143,1183,1183,2366,0,0,975,896,896,896,896,896,896,872,872,872,872,872,896,872,872,896,896,0,0,0,0,0,0,0,0,0,0,0,0,0,0,0,0,0,0,0,0,0,0,1506,1440,1440,1506,1506,1506,1506,1506,1506,1506,1440,1506,1506,1506,1506,1506,1506,1506,1506,1506,1440,1506,1506,1506,1506,1506,1506,1506,1440,1440,1440,1440,1440,1440,1440,1380,1380,1380,1380,1380,1440,1440,1440,1440,1440,1440,1440,1440,1440,1440,1440,1440,1440,1440,1440,1440,1440,1380,1380,1380,1380,1380,1380,1380,1380,1380,1380,1380,1380,1380,1380,1380,1380,1380,1380,1380,1380,1380,1380,1380,1380,1380,1380,1380,1380,1380,1380,1380,1380,1380,1380,1380,1380,1380,1380,1380,1380,1380,1380,1380,1380,1380,1380,1380,1380,1380,1380,1380,1380,1380,1380,1380,1380,1380,1380,1380,1380,1380,1380,1380,1380,1380,1380,1380,1380,1380,1380,1380,1380,1440,1440,1506,1506,1506,1506,1506,1506,1506,0,0,0,0,0,0,0,2366,2208,2208,2208,2208,2208,2760,0,0,2760,2760,2760,2366,2366,2208,2366,4140,4140,2208,2208,2208,2208,2208,2208,2208,2366,2366,2366,2366,2548,2366,2208,2208,2208,2208,2208,2208,2208,2208,2208,2208,2208,2366,2548,2548,2548,2548,2548,2208,2366,2208,2208,2366,2548,2548,2760,2760,2760,2760,2760,2760,2760,2760,2760,0,0,0,2760,2760,2208,2208,2366,2760,2366,2366,2208,2366,2760,0,0,0,0,0,0,0,0,0,2208,2208,0,2366,0,0,0,0,0,0,0,0,0,0,0,0,0,0,0,0,0,0,3011,2208,2208,2208,2208,2366,0,0,0,0,0,0,0,0,0,0,0,0,0,0,0,0,0,0,0,0,0,0,0,0,0,0,0
676,676,676,690,690,690,690,690,690,690,690,690,690,705,705,705,705,705,705,705,705,720,720,720,720,720,720,720,720,720,720,720,720,720,736,0,0,736,736,736,736,736,736,850,850,736,771,771,771,0,0,0,0,0,0,0,808,808,808,808,808,808,789,808,808,808,808,808,808,808,808,808,808,872,0,0,0,872,808,808,808,808,808,808,808,808,808,808,808,808,808,808,808,808,808,808,808,808,808,808,828,828,828,828,828,828,828,828,828,828,828,828,828,828,828,828,828,850,828,850,850,850,850,850,850,850,850,850,872,850,850,850,850,850,872,872,872,872,872,872,872,872,872,872,872,872,872,872,872,872,872,872,872,872,872,872,872,872,872,872,872,872,872,872,872,872,872,872,872,872,872,872,872,872,872,872,872,872,872,872,872,872,872,872,872,975,975,975,975,975,975,975,947,947,947,947,947,975,975,975,975,975,975,975,975,975,975,975,975,975,975,975,975,975,975,975,975,975,975,975,975,975,1004,1004,1004,1004,1004,1004,1035,1069,1069,1069,1069,1069,1069,1380,1380,1380,0,0,0,0,0,0,0,0,0,0,0,0,0,0,0,0,0,1069,0,0,0,0,0,0,0,0,0,0,0,0,0,0,0,0,0,0,0,0,0,1380,1380,0,1380,0,0,0,0,0,0,0,0,0,0,0,0,0,0,0,0,0,0,0,0,1004,1004,1004,1004,1183,1143,1143,1183,1380,1380,1380,0,2366,1380,896,896,896,896,872,896,872,872,872,872,872,896,872,872,896,896,0,0,0,0,0,0,0,0,0,0,0,0,0,0,0,0,0,0,0,0,0,0,0,1440,1440,1506,1578,1578,1578,1506,1506,1440,1440,1440,1506,1506,1506,1506,1506,1506,1440,1440,1440,1506,1506,1506,1506,1506,1506,1506,1440,1440,1440,1440,1440,1440,1440,1440,1380,1380,1380,1380,1440,1440,1440,1440,1440,1440,1440,1440,1440,1440,1440,1440,1440,1440,1440,1440,1440,1380,1380,1380,1380,1380,1380,1380,1380,1380,1380,1380,1380,1380,1380,1380,1380,1380,1380,1380,1380,1380,1325,1380,1325,1325,1325,1325,1325,1325,1380,1380,1380,1380,1380,1380,1380,1380,1380,1380,1380,1380,1380,1380,1380,1380,1380,1380,1380,1380,1380,1380,1380,1380,1380,1380,1380,1380,1380,1380,1380,1380,1380,1380,1380,1380,1380,1380,1380,1380,1380,1440,1440,1440,1440,1506,1506,1506,1506,1506,1506,1506,1578,0,0,0,0,0,0,0,2208,2208,2208,2208,2208,0,0,2760,2760,2760,2760,2760,3312,3680,0,0,0,4140,2208,2208,2208,2208,2208,2208,2366,2548,2366,2548,2760,2760,2760,2760,2760,2208,2208,2208,2208,2208,2208,2208,2208,2548,3312,2760,2760,2760,2548,2366,2366,2366,2548,2548,2548,2548,2760,3011,2760,2760,2760,2760,2548,2760,2760,2760,0,0,2760,2760,2208,2208,2760,2760,2366,2366,2208,2208,2760,0,0,0,0,0,0,0,0,0,0,0,0,0,0,0,0,0,0,0,0,0,0,0,0,0,0,0,0,0,0,0,2208,2070,2208,2208,2208,0,0,0,0,0,0,0,0,0,0,0,0,0,0,0,0,0,0,0,0,0,0,0,0,0,0,0,0
676,676,690,690,705,705,690,690,690,690,690,690,690,690,705,705,705,705,705,705,705,705,705,705,720,720,705,720,720,720,720,720,0,0,0,0,0,0,0,0,0,0,872,0,0,0,771,771,771,0,0,0,771,771,771,789,789,808,808,808,808,808,789,789,789,789,789,808,789,808,808,808,872,0,0,0,0,0,0,872,808,828,808,808,828,808,808,808,808,808,808,808,808,808,808,808,808,808,808,808,828,828,828,850,850,828,828,828,828,828,828,828,828,828,828,828,828,850,850,850,850,850,850,850,850,850,850,850,872,850,850,850,850,850,850,872,872,872,872,872,872,872,872,872,872,872,872,872,872,872,872,872,872,872,872,872,872,872,872,896,872,872,872,872,872,872,872,872,872,872,872,872,872,872,872,872,872,0,0,872,872,872,872,872,872,947,975,975,975,947,947,947,947,947,947,947,947,975,975,975,975,975,975,975,975,975,975,975,975,975,975,975,975,1004,975,975,975,975,1004,1004,1004,1004,1004,1004,1004,1004,1004,1004,1035,0,1069,1069,1069,1069,1069,1069,1069,1380,0,0,0,0,0,0,0,0,0,0,0,0,0,0,0,0,0,0,0,0,0,0,0,0,0,0,0,0,0,0,0,0,0,0,0,0,0,0,0,1380,1183,1183,1380,0,0,0,0,0,0,0,0,0,0,0,0,0,0,0,0,0,0,0,0,1069,1069,1069,1069,1143,1380,1183,1380,1380,1380,1380,0,2366,1380,896,896,896,896,896,896,872,872,872,872,872,896,872,872,896,896,0,0,0,0,0,0,0,0,0,0,0,0,0,0,0,0,0,0,0,0,0,0,0,1578,1578,1578,1578,1578,1578,1578,1506,1506,1506,1506,1506,1506,1506,1506,1506,1506,1506,1506,1506,1506,1506,1506,1506,1506,1506,1506,1440,1440,1440,1440,1440,1440,1440,1440,1440,1440,1440,1440,1440,1440,1440,1440,1440,1440,1440,1440,1440,1440,1440,1440,1440,1440,1440,1440,1440,1440,1440,1380,1380,1380,1440,1380,1380,1380,1380,1380,1380,1380,1380,1380,1380,1380,1380,1380,1380,1380,1325,1380,1325,1325,1325,1325,1325,1325,1380,1380,1380,1380,1380,1380,1380,1380,1380,1380,1380,1380,1380,1380,1380,1380,1380,1380,1380,1380,1380,1380,1380,1380,1380,1380,1380,1380,1380,1380,1380,1380,1380,1380,1380,1380,1380,1380,1380,1440,1440,1440,1440,1440,1440,1506,1506,1506,1506,1506,1506,1506,1506,0,0,0,0,0,0,2366,2208,2208,2208,2366,2366,0,0,2760,2760,2760,2760,3680,0,0,0,0,0,2208,2070,2070,2070,2070,2208,2208,2548,2548,2548,2548,2760,2760,2760,2760,2760,2208,2208,2548,2208,2208,2548,2208,2208,2548,3312,2760,2548,2548,2548,2366,2548,2548,2548,2548,2548,2548,2760,2760,2760,3011,2760,2760,2760,2760,2760,0,0,0,2760,2760,2208,2366,0,0,2760,2760,2208,2208,0,0,0,0,0,0,0,0,0,0,0,0,0,0,0,0,0,0,0,0,0,0,0,0,0,0,0,0,0,0,0,0,2070,2070,2070,2208,0,0,0,0,0,0,0,0,0,0,0,0,0,0,0,0,0,0,0,0,0,0,0,0,0,0,0,0,0
676,676,690,690,705,705,705,690,690,690,690,690,690,705,705,705,705,705,705,705,705,705,705,705,720,720,705,720,720,720,720,720,736,720,736,736,753,736,753,736,736,736,736,736,753,736,736,753,753,0,0,0,0,771,771,789,808,808,808,808,808,808,789,808,789,808,808,808,808,808,828,0,0,0,0,0,0,0,0,872,872,828,808,808,828,808,808,808,808,808,808,808,808,808,808,808,808,808,808,828,828,850,0,0,0,0,0,828,828,828,828,828,828,828,850,850,850,850,850,850,850,850,850,850,850,850,850,850,850,850,850,850,850,850,850,872,872,872,872,872,872,872,872,872,872,872,872,872,872,872,872,872,872,872,872,872,872,872,872,872,872,872,872,872,872,872,872,872,872,872,872,872,872,872,872,872,0,0,0,872,872,872,872,872,872,947,975,975,975,947,947,947,947,947,947,947,947,947,947,975,975,975,975,975,975,975,975,975,975,975,1004,975,1004,1004,975,975,975,975,1004,1004,1004,1004,1004,1004,1004,1035,0,0,0,0,0,0,1069,1069,1380,0,1380,0,0,0,1069,1069,0,0,1104,0,0,0,1104,0,0,0,0,1069,1069,1069,1104,0,0,0,0,0,0,0,0,0,0,0,0,0,0,0,0,0,0,0,0,0,0,0,0,0,0,0,0,0,0,0,0,0,0,0,0,0,0,1380,0,1380,1380,1380,0,1069,1069,1069,1069,1104,1380,1380,0,1380,1274,1380,0,1380,1380,896,896,896,896,896,896,872,872,896,896,896,896,872,872,896,896,0,0,0,0,0,0,0,0,0,0,0,0,0,0,0,0,0,0,0,0,0,0,0,1578,1506,1578,1578,1578,1578,1578,1506,1506,1506,1506,1506,1506,1506,1506,1506,1506,1506,1506,1506,1506,1506,1506,1506,1506,1506,1506,1506,1440,1440,1440,1440,1440,1440,1440,1440,1440,1440,1440,1440,1440,1440,1440,1440,1440,1440,1440,1440,1440,1440,1440,1440,1440,1440,1440,1440,1380,1380,1380,1380,1380,1380,1380,1325,1380,1325,1325,1325,1325,1325,1380,1380,1380,1380,1380,1380,1325,1325,1325,1325,1325,1325,1325,1325,1325,1325,1380,1380,1380,1380,1380,1380,1380,1380,1380,1380,1380,1380,1380,1380,1380,1380,1380,1380,1380,1380,1380,1380,1325,1380,1325,1325,1325,1380,1380,1380,1440,1440,1440,1440,1440,1440,1440,1440,1440,1440,1440,1440,1440,1440,1506,1506,1506,1506,1506,1506,1506,1506,0,0,0,0,0,0,2366,2208,2208,2208,2208,2208,2760,2366,2366,2760,2760,2366,2760,3011,2208,3011,2208,2208,2070,2070,2070,2070,2070,2208,2208,2366,2366,2366,2548,2548,2760,3011,3011,2208,2208,2208,2208,2208,2208,2208,2070,2070,2208,3312,2760,3312,2548,2548,2366,2366,2366,2548,2548,0,0,0,0,0,0,2760,2760,2366,2760,0,0,0,0,2760,2208,2208,2208,2208,2208,2208,2070,2070,2070,2760,0,0,0,0,0,0,0,0,0,0,0,0,0,0,0,0,0,0,0,0,0,0,0,0,0,0,0,0,0,0,0,0,2070,2070,0,0,0,0,0,0,0,0,0,0,0,0,0,0,0,0,0,0,0,0,0,0,0,0,0,0,0,0,0,0
676,676,690,705,720,720,720,736,720,705,705,705,705,705,705,705,705,705,705,705,705,705,720,720,720,720,720,720,720,720,720,720,736,720,736,736,736,736,0,736,736,736,736,753,753,753,753,753,753,0,771,771,771,771,771,771,808,808,808,808,808,789,789,789,789,789,808,808,808,808,828,0,0,0,0,0,0,0,0,0,808,828,808,828,828,808,808,808,808,808,808,808,808,828,808,808,808,808,828,828,828,828,828,828,828,828,828,828,828,828,828,828,828,828,828,828,850,850,850,850,850,850,850,850,850,850,850,850,850,850,850,850,850,850,850,850,872,872,872,872,872,872,872,872,850,872,872,872,872,872,872,872,872,872,872,872,872,872,872,872,872,872,872,872,872,872,872,872,872,872,872,872,872,872,872,872,0,0,0,872,872,872,872,872,947,0,0,0,0,0,975,975,947,947,947,975,975,975,975,975,975,975,975,975,975,975,975,975,975,975,1004,975,1004,1004,1004,1004,1004,1004,1004,1004,1004,1004,1004,1004,1035,0,0,0,0,0,0,0,0,0,0,0,0,0,0,0,1069,1069,1069,1069,1069,1104,1104,1104,1104,1104,1104,1104,1104,1069,1069,1104,1104,0,0,0,0,0,0,0,0,0,0,0,0,0,0,0,0,0,0,0,0,0,0,0,0,0,0,0,0,0,0,0,0,0,0,0,0,0,0,0,0,0,0,1380,1104,1104,1104,1104,1104,1380,0,0,0,1380,1380,1380,0,1380,1380,947,1104,896,896,896,896,896,896,896,896,896,896,896,896,896,896,0,0,0,0,0,0,0,0,0,0,0,0,0,0,0,0,0,0,0,0,0,0,0,1578,1578,1578,1578,1578,1578,1578,1506,1506,1506,1506,1506,1506,1506,1506,1506,1506,1506,1506,1506,1506,1506,1506,1506,1506,1506,1506,1506,1506,1440,1440,1440,1440,1440,1440,1440,1440,1440,1440,1440,1440,1440,1440,1440,1440,1440,1440,1440,1440,1440,1440,1440,1440,1440,1440,1440,1380,1380,1380,1380,1380,1380,1380,1380,1380,1380,1380,1325,1380,1380,1380,1380,1380,1380,1380,1380,1380,1325,1380,1325,1380,1380,1380,1325,1325,1380,1380,1380,1380,1380,1380,1380,1380,1380,1380,1380,1380,1380,1380,1380,1380,1380,1380,1380,1380,1380,1380,1380,1380,1440,1380,1380,1380,1380,1380,1380,1440,1440,1440,1440,1440,1440,1440,1440,1440,1440,1440,1440,1440,1440,1506,1506,1506,1506,1506,1506,1506,1506,0,0,0,0,0,0,0,2366,2208,2208,2208,2208,2760,2548,2366,2760,2760,2366,2760,3011,3011,3312,3011,2208,2208,2070,2070,2208,2208,2208,2208,2366,2366,2366,2548,2548,2760,3011,3011,2208,2208,2208,2208,2208,2208,2208,2208,2208,2208,3312,2760,2760,2366,2366,2366,2366,2366,2548,2548,2548,2760,0,0,0,0,0,0,2366,2760,0,0,0,0,2208,2208,2208,2208,2208,2208,2208,2208,2208,2208,2760,2760,0,0,0,0,0,0,0,0,0,0,0,0,0,0,0,0,0,0,0,0,0,0,0,0,0,0,0,0,2208,0,2208,2070,2208,2208,2366,0,0,0,0,0,0,0,0,0,0,0,0,0,0,0,0,0,0,0,0,0,0,0,0,0,0,0,0
676,676,690,705,720,736,736,736,736,705,705,705,705,705,705,705,705,705,705,705,705,705,720,720,720,720,720,720,720,720,720,720,736,720,736,736,753,753,0,0,753,753,753,753,753,0,0,0,0,0,0,771,771,771,771,771,789,808,808,808,789,789,789,789,789,789,789,808,808,808,808,0,0,0,0,0,0,0,0,0,0,0,789,0,0,808,789,808,808,808,808,0,828,0,828,828,808,808,828,828,828,850,0,0,0,0,872,828,828,828,828,850,850,850,850,850,850,850,850,850,850,850,850,850,850,850,850,850,850,850,850,850,850,850,850,850,872,872,872,872,872,872,872,872,872,872,872,872,872,872,872,872,872,872,872,872,872,872,872,872,872,872,872,872,872,872,872,872,872,872,872,872,872,872,896,0,0,0,0,872,872,872,872,0,0,0,0,0,0,0,1035,975,947,947,947,975,975,975,975,975,975,975,975,1035,1035,975,1004,1004,1004,1004,1004,1004,1004,1004,1004,1004,1004,1004,1004,1004,1004,1004,1035,1035,1035,0,0,0,0,0,0,0,1069,1069,1069,1380,1069,1380,1069,1069,1069,1069,1069,1069,1069,1069,1104,1104,1104,1104,1104,1069,1069,1069,1069,0,0,0,0,0,0,0,0,0,0,0,0,0,0,0,0,0,0,0,0,0,0,0,0,0,0,0,0,0,0,0,0,0,0,0,0,0,0,1380,0,0,0,0,0,1380,1104,1104,1104,1104,1104,0,0,0,0,1380,1380,1380,0,1380,0,1035,896,896,896,896,896,896,896,896,896,896,896,896,896,896,1440,0,0,0,0,0,0,0,0,0,0,0,0,0,0,0,0,0,0,0,0,0,0,0,1578,1506,1578,1578,1578,1578,1506,1506,1506,1506,1506,1506,1506,1506,1506,1506,1506,1506,1506,1506,1506,1506,1506,1506,1506,1506,1506,1506,1506,1440,1440,1440,1440,1440,1440,1440,1440,1440,1440,1440,1440,1440,1440,1440,1440,1440,1440,1440,1440,1440,1440,1440,1440,1440,1440,1440,1380,1380,1380,1380,1380,1380,1380,1380,1380,1380,1380,1380,1380,1380,1380,1380,1380,1380,1380,1380,1380,1380,1380,1380,1380,1380,1380,1380,1380,1380,1380,1380,1380,1380,1380,1380,1380,1380,1380,1380,1380,1380,1380,1380,1380,1380,1380,1380,1380,1380,1380,1380,1380,1380,1380,1380,1380,1380,1380,1380,1440,1440,1380,1380,1380,1380,1440,1440,1440,1440,1440,1440,1440,1440,1506,1506,1506,1506,1506,0,1506,0,0,0,0,0,0,0,2208,2208,2208,2208,2208,2208,2208,2208,2208,2366,0,2208,0,3312,2208,2208,2208,2208,2208,2070,2070,2208,2208,2208,2208,2208,2208,2208,2366,2548,0,0,2366,2208,2208,2208,2208,2208,2208,2208,2208,2208,2208,2208,2208,2366,2366,2366,2208,2208,2208,2208,2548,0,0,0,0,0,0,0,3680,2208,2208,0,0,0,0,2208,2208,2208,2208,2208,2208,2208,2208,2208,2208,2208,2208,0,0,0,0,0,0,0,0,2208,0,0,0,0,0,0,0,0,0,0,0,0,0,0,0,0,3680,5520,0,2208,0,0,2208,2208,2208,2366,0,0,0,0,0,0,0,0,0,0,0,0,0,0,0,0,0,0,0,0,0,0,0,0,0,0,0,0
676,676,676,690,705,736,705,705,690,705,705,705,705,705,705,705,705,705,705,705,705,705,705,720,720,720,720,720,736,736,736,736,736,736,736,0,0,0,0,0,0,0,0,0,0,0,0,0,0,0,0,771,771,771,771,771,789,789,789,789,789,789,789,789,789,789,789,789,789,789,789,1274,0,0,0,0,0,0,0,0,0,789,789,789,789,789,789,789,789,789,789,0,828,0,828,828,808,828,850,850,0,850,0,0,0,872,872,828,828,828,850,850,850,850,850,850,850,850,850,850,850,850,850,850,850,850,850,850,850,850,850,850,850,850,850,850,850,872,872,872,872,872,850,850,850,872,872,872,872,872,872,872,872,872,872,872,872,872,872,872,872,872,0,872,872,872,872,872,872,872,872,872,0,0,0,0,0,0,0,0,0,1274,0,0,0,0,0,0,0,0,0,0,0,0,0,975,0,975,975,975,975,975,0,0,0,1035,1004,1004,975,1004,1004,1004,1004,1004,1004,1004,1004,1004,1004,1035,1035,1035,1035,1035,1035,1274,0,0,0,0,0,0,0,1274,0,1274,1274,1274,1274,1069,1069,1069,1069,1069,1069,1069,1104,1104,1104,1104,1104,1069,1069,1069,1069,0,0,0,0,0,0,0,0,0,0,0,0,0,0,0,0,0,0,0,0,0,0,0,0,0,0,0,0,0,0,0,0,0,0,0,0,0,0,0,0,0,0,0,0,1104,1104,1069,1069,1069,1104,1104,0,0,0,0,1274,1274,0,1274,1274,896,896,896,896,896,896,896,896,896,896,896,896,896,896,896,896,0,0,0,0,0,0,0,0,0,0,0,0,0,0,0,0,0,0,0,0,0,0,0,1578,1506,1578,1578,1578,1578,1506,1506,1506,1506,1506,1506,1506,1506,1506,1506,1506,1506,1506,1506,1506,1506,1506,1506,1506,1506,1506,1506,1506,1440,1440,1440,1440,1440,1440,1440,1440,1440,1440,1440,1440,1440,1440,1440,1440,1440,1440,1440,1440,1440,1440,1440,1440,1440,1440,1380,1380,1380,1380,1380,1380,1380,1380,1380,1380,1380,1380,1380,1380,1380,1380,1380,1380,1380,1380,1380,1380,1380,1380,1380,1380,1380,1380,1380,1380,1380,1380,1380,1380,1380,1380,1380,1380,1380,1380,1380,1380,1380,1380,1380,1380,1380,1380,1380,1380,1380,1380,1380,1380,1380,1380,1380,1380,1380,1380,1380,1380,1380,1380,1380,1380,1380,1380,1380,1440,1440,1440,1440,1440,1506,1506,1506,0,0,0,0,1506,0,0,0,0,0,0,0,2208,2208,2208,2208,2208,2208,2208,2208,2208,2208,0,2208,0,2208,2208,2208,2208,2208,2208,2070,2070,2208,2070,2208,2208,2208,2208,2548,2548,2548,0,0,2208,2208,2208,2208,2208,2208,2208,2208,2208,2208,2208,2208,2208,2208,2366,2366,2208,2208,2208,2208,0,0,0,0,0,0,0,0,0,2208,0,0,0,0,0,0,2208,2208,2208,2208,2208,2208,2208,2208,2208,0,0,0,0,0,0,0,0,0,0,0,0,0,0,0,0,0,0,0,0,0,0,0,0,0,0,0,0,0,0,0,0,0,0,2208,0,0,0,0,0,0,0,0,0,0,0,0,0,0,0,0,0,0,0,2208,2208,0,0,0,0,0,0,0,0,0
676,676,676,676,690,736,705,690,690,690,705,705,705,705,705,705,705,705,705,705,705,705,720,720,720,720,736,0,0,736,736,736,736,736,0,0,0,0,0,0,0,753,753,1227,0,0,0,0,0,0,0,0,771,771,771,771,789,789,808,0,789,789,789,789,789,789,789,789,789,789,0,0,0,0,0,0,0,0,0,0,0,789,789,789,789,789,789,789,789,789,789,0,0,0,0,0,828,850,850,850,828,850,850,872,872,850,872,828,828,828,850,850,850,850,850,850,850,850,850,850,850,850,850,850,850,850,850,850,850,850,850,850,850,850,850,850,850,850,872,872,872,850,850,850,850,850,872,872,872,872,872,872,872,872,872,872,872,872,872,872,872,872,872,872,872,872,872,872,872,872,0,872,0,0,0,0,0,0,0,0,0,1274,0,0,0,0,0,0,0,0,0,0,0,0,0,0,0,0,1035,1035,0,0,0,0,0,0,0,1035,1004,1004,1004,1004,1004,1004,1004,1004,1004,1035,1004,1004,1035,0,0,0,0,0,0,0,0,0,0,0,0,0,0,0,0,3680,1274,1274,1069,1069,1069,1069,1069,1104,1104,1104,1104,1104,1104,1104,1104,1104,1104,0,0,0,0,0,0,0,0,0,0,0,0,0,0,0,0,0,0,0,0,0,0,0,0,0,0,0,0,0,0,0,0,0,0,0,0,0,0,0,0,0,0,0,0,1104,1104,1104,1104,1104,1104,1104,0,0,0,0,0,0,0,1274,1274,896,896,896,896,896,896,896,896,896,896,896,896,896,896,896,1440,0,0,0,0,0,0,0,0,0,0,0,0,0,0,0,0,0,0,0,0,0,0,0,1506,1506,1506,1506,1656,1656,1578,1506,1506,1506,1506,1506,1506,1506,1506,1506,1506,1506,1506,1440,1506,1506,1506,1506,1506,1506,1506,1506,1506,1440,1440,1440,1440,1440,1440,1440,1440,1440,1440,1440,1440,1440,1440,1440,1440,1440,1440,1440,1440,1440,1440,1440,1440,1380,1380,1380,1380,1380,1380,1380,1380,1380,1380,1380,1380,1380,1380,1380,1380,1380,1380,1380,1380,1380,1380,1380,1380,1380,1380,1380,1380,1380,1380,1380,1380,1380,1380,1380,1380,1380,1380,1380,1380,1380,1380,1380,1380,1380,1380,1380,1380,1380,1380,1380,1380,1380,1380,1380,1380,1380,1380,1380,1380,1380,1380,1380,1380,1380,1380,1380,1380,1380,1380,1380,1380,1440,1440,1440,1440,1506,1506,0,0,0,0,0,1506,0,0,0,0,0,0,0,2366,2208,2208,2208,2208,2208,0,0,0,0,0,0,0,0,0,0,4140,2208,2208,2208,2208,2208,2208,2208,2208,2208,2208,0,0,0,0,0,0,0,2208,2208,2208,2208,2208,2208,2208,2208,2208,0,0,0,0,0,2208,2208,2208,2208,0,0,0,0,0,0,0,0,0,0,0,0,0,0,0,0,0,2208,2208,2208,0,0,0,0,0,0,0,0,0,0,0,0,0,0,0,0,0,0,0,0,0,0,0,0,0,0,0,0,0,0,0,0,0,0,0,0,0,0,0,0,0,0,0,0,0,0,0,0,0,0,0,0,0,0,0,0,0,0,0,2208,0,0,0,0,0,0,0,0,0,0
676,676,676,676,676,676,676,676,676,690,690,690,705,705,705,705,705,705,705,705,705,705,720,720,720,720,720,0,0,720,720,736,736,720,0,0,0,0,0,0,0,0,0,0,0,0,0,0,0,0,0,0,771,771,771,771,789,789,789,808,789,789,789,789,789,789,789,789,789,789,0,0,0,0,0,0,0,0,0,0,789,789,789,789,789,789,789,789,789,789,789,808,808,808,808,808,808,808,828,828,828,828,828,850,850,828,828,828,828,828,828,850,850,828,828,828,828,850,850,850,850,850,850,850,850,850,850,850,850,850,850,850,850,850,850,850,850,872,872,872,872,872,850,850,850,872,872,872,872,872,872,872,872,872,872,872,872,872,872,872,872,872,896,896,896,896,896,896,896,896,0,0,0,0,0,0,0,0,0,0,0,0,0,0,0,0,0,0,0,0,0,0,0,0,0,975,1035,975,975,975,1035,0,0,0,0,0,1004,975,975,975,1004,975,1004,1004,1004,1004,1004,1004,1004,1004,1004,1035,1035,1035,0,0,0,0,0,0,0,0,0,0,1274,3680,3680,1274,1274,1274,1069,1069,1069,1069,1069,1069,1104,1274,0,0,0,1104,1069,1069,1104,0,0,0,0,0,0,0,0,0,0,0,0,0,0,0,0,0,0,0,0,0,0,0,1183,1183,1183,0,0,0,0,0,0,0,0,0,0,0,0,0,0,0,0,0,0,1104,1104,1104,1104,1069,1035,1069,1104,0,0,0,0,0,1104,1035,975,896,896,896,896,896,896,896,896,896,896,896,896,896,896,896,1440,0,0,0,0,0,0,0,0,0,0,0,0,0,0,0,0,0,0,0,0,0,0,0,0,1656,1840,1656,0,0,1840,1506,1506,1506,1506,1506,1506,1506,1506,1506,1506,1440,1440,1440,1506,1506,1506,1506,1506,1506,1506,1506,1506,1506,1440,1440,1440,1440,1440,1440,1440,1506,1440,1440,1440,1440,1440,1440,1440,1440,1440,1440,1440,1440,1440,1440,1440,1380,1380,1380,1380,1380,1380,1380,1380,1380,1380,1380,1380,1380,1380,1380,1380,1380,1380,1380,1380,1380,1380,1380,1380,1380,1380,1380,1380,1380,1380,1380,1380,1380,1380,1380,1380,1380,1380,1380,1380,1380,1380,1380,1380,1380,1380,1380,1380,1380,1380,1380,1380,1380,1380,1380,1380,1380,1380,1380,1380,1380,1380,1380,1380,1380,1380,1380,1380,1380,1380,1380,1380,1380,1440,1440,1506,1506,0,0,0,0,0,0,1506,0,0,0,0,0,0,0,0,0,2548,0,2208,0,0,0,0,0,0,0,0,0,0,0,0,0,0,0,2208,2208,2208,2208,2208,0,0,0,0,0,0,0,0,0,0,0,0,2208,0,0,0,0,0,0,0,0,0,0,0,0,0,0,0,0,0,0,0,0,0,0,0,0,0,0,0,0,0,0,0,0,0,0,0,0,0,0,0,0,0,0,0,0,0,0,0,0,0,0,0,0,0,0,0,0,0,0,0,0,0,0,0,0,0,0,0,0,0,0,0,0,0,0,0,0,0,0,0,0,0,0,0,0,0,0,0,0,5520,2208,2208,2208,2208,495,495,2208,2208,0,0,0,0,0,0,0
676,676,676,676,676,676,676,676,676,690,690,690,705,705,705,705,705,705,705,705,705,705,705,720,720,720,720,720,0,0,720,0,0,0,0,0,0,0,0,0,0,0,0,0,0,0,0,0,0,0,0,0,771,771,771,771,789,789,789,789,789,789,789,789,789,789,789,789,789,789,789,808,0,0,789,789,0,0,789,789,789,789,789,789,789,789,789,789,789,789,789,789,789,789,789,808,789,808,808,808,828,828,828,850,850,850,828,828,828,828,828,850,850,850,850,850,850,850,850,850,850,850,850,850,850,850,850,850,850,850,850,850,850,850,850,850,872,872,872,872,872,872,872,872,872,872,872,872,872,872,872,872,872,872,872,872,872,872,872,872,872,872,872,872,896,896,896,896,896,896,0,0,0,0,896,896,920,920,920,920,920,896,1274,1274,1274,1274,0,0,0,0,0,0,975,975,975,975,975,975,975,975,975,0,0,0,0,0,0,1004,1004,1004,1004,1004,1004,0,1035,1004,1004,1004,1004,1004,1004,1035,1035,0,0,0,0,0,0,0,0,0,1069,1069,1069,1274,1274,1274,1274,1274,1069,1069,1069,1069,1069,1104,1274,0,0,0,0,0,1069,1069,1104,0,0,0,0,0,0,0,0,0,0,0,0,0,0,0,0,0,0,0,0,0,0,0,1183,1183,1183,0,0,0,0,0,0,0,0,0,0,0,0,0,0,0,0,0,0,0,1069,0,0,1069,1035,1035,1035,1035,1183,0,0,0,1274,1035,896,896,896,896,896,896,896,896,896,896,896,896,896,896,896,896,896,0,0,0,0,0,0,0,0,0,0,0,0,0,0,0,0,0,0,0,0,0,0,0,0,1506,1656,1656,0,0,1840,1506,1506,1440,1440,1506,1506,1506,1506,1506,1440,1440,1440,1440,1440,1506,1506,1506,1506,1506,1506,1506,1506,1506,1440,1440,1440,1440,1440,1440,1440,1440,1440,1440,1440,1440,1440,1440,1440,1440,1440,1440,1440,1440,1440,1440,1440,1380,1380,1380,1380,1380,1380,1380,1380,1380,1380,1380,1380,1380,1380,1380,1380,1380,1380,1380,1380,1380,1380,1380,1380,1380,1380,1380,1380,1380,1380,1380,1380,1380,1380,1380,1380,1380,1380,1380,1380,1380,1380,1380,1380,1380,1380,1380,1380,1380,1380,1380,1380,1380,1380,1380,1380,1380,1380,1380,1380,1380,1380,1380,1380,1380,1380,1380,1380,1380,1380,1380,1380,1380,1440,1440,1506,1506,0,0,0,0,0,0,1506,0,0,0,0,0,0,0,0,0,0,0,0,0,0,0,0,0,0,0,0,0,0,0,0,0,0,0,0,0,0,0,0,0,0,0,0,0,0,0,0,0,0,0,0,0,0,0,0,0,0,0,0,0,0,0,0,0,0,0,0,0,0,0,0,0,0,0,0,0,0,0,0,0,0,0,0,0,0,0,0,0,0,0,0,0,0,0,0,0,0,0,0,0,0,0,0,0,0,0,0,0,0,0,0,0,0,0,0,0,0,0,0,0,0,0,0,0,0,0,0,0,0,0,0,0,0,0,0,0,0,0,0,0,0,0,518,518,518,495,495,0,0,0,0,0,0,0,33119,518
676,676,676,690,690,690,676,676,676,690,705,690,705,705,705,705,705,705,705,705,705,705,720,720,720,720,720,0,0,720,720,0,0,0,0,0,0,0,0,0,0,0,0,0,0,0,0,0,0,0,0,771,771,771,771,771,771,789,789,789,789,789,789,789,789,789,789,789,789,789,789,789,789,789,789,789,789,789,789,789,789,789,789,789,789,789,789,789,789,789,789,808,808,808,808,808,808,808,808,808,828,828,828,828,828,850,828,828,828,828,828,850,850,828,850,828,828,850,850,850,850,850,850,850,850,850,850,850,850,850,850,850,850,850,850,850,850,872,872,872,872,872,850,850,850,850,872,872,872,872,872,872,872,872,872,872,872,872,872,872,872,872,872,872,896,896,896,896,896,896,896,896,896,896,896,896,920,920,920,920,920,896,920,920,947,947,975,975,947,947,947,947,947,947,947,947,947,975,975,975,975,975,0,0,0,0,0,1004,1004,1004,0,0,0,0,0,0,0,1004,1004,1004,1004,1004,1274,0,0,0,0,0,0,0,0,0,1069,1274,1274,0,0,0,0,1274,1274,1069,1274,1274,1274,1274,0,0,0,0,0,0,0,0,0,0,0,0,0,0,0,0,0,0,0,0,0,0,0,0,0,0,0,0,0,0,0,0,1183,1183,1183,0,0,0,0,0,0,0,0,0,0,0,0,0,0,0,0,0,0,0,0,0,0,0,1069,975,975,1506,1506,0,0,0,0,975,896,896,896,896,896,896,872,896,896,896,896,896,896,896,896,896,896,0,0,0,0,0,0,0,0,0,0,0,0,0,0,0,0,0,0,0,0,0,0,0,0,1656,0,0,0,0,0,0,1506,1440,1440,1506,1506,1506,1506,1506,1440,1440,1440,1440,1440,1506,1506,1506,1506,1506,1506,1506,1506,1506,1440,1440,1440,1440,1440,1440,1440,1440,1440,1440,1440,1440,1440,1440,1440,1440,1440,1440,1440,1440,1440,1440,1440,1440,1380,1380,1380,1380,1380,1380,1380,1380,1380,1380,1380,1380,1380,1380,1380,1380,1380,1380,1380,1380,1380,1380,1380,1380,1380,1380,1380,1380,1380,1380,1380,1380,1380,1380,1380,1380,1380,1380,1380,1380,1380,1380,1380,1380,1380,1380,1380,1380,1380,1380,1380,1380,1380,1380,1380,1380,1380,1380,1380,1380,1380,1380,1380,1380,1380,1380,1380,1380,1380,1380,1380,1440,1440,1506,1506,0,0,0,0,0,0,0,1506,0,0,0,0,0,0,0,0,0,0,0,0,0,0,0,0,0,0,0,0,0,0,0,0,0,0,0,0,0,0,0,0,0,0,0,0,0,0,0,0,0,0,0,0,0,0,0,0,0,0,0,0,0,0,0,0,0,0,0,0,0,0,0,0,0,0,0,0,0,0,0,0,0,0,0,0,0,0,0,0,0,0,0,0,0,0,0,0,0,0,0,0,0,0,0,0,0,0,0,0,0,0,0,0,0,0,0,0,0,0,0,0,0,0,0,0,0,0,0,0,0,0,0,0,0,0,0,0,0,0,0,0,0,0,2366,518,518,495,495,495,0,0,0,0,0,0,0,0,518
676,676,676,676,690,690,690,690,690,690,705,690,705,705,705,705,705,705,705,705,705,720,720,720,720,720,720,720,720,720,720,720,720,720,0,0,0,0,0,0,0,0,0,0,0,0,0,0,0,0,789,771,771,771,771,771,771,771,789,789,789,771,771,771,789,789,789,789,789,789,789,789,789,789,789,789,789,789,789,789,789,771,789,789,789,789,789,789,808,808,808,808,828,828,808,808,808,808,808,808,828,828,828,828,850,850,828,828,828,828,828,850,850,828,850,850,850,850,850,850,850,850,850,850,850,850,850,850,850,850,850,850,850,850,850,850,872,872,872,872,872,872,872,872,850,872,872,872,872,872,872,872,872,872,872,872,872,872,872,872,872,872,872,872,872,872,872,872,896,896,896,896,896,896,896,896,896,896,920,920,896,872,872,872,896,947,947,947,947,947,947,947,947,947,947,947,947,947,975,975,975,975,1035,0,0,0,0,1004,1004,1004,1004,0,0,0,0,0,1004,1004,1004,1004,1004,1004,1035,0,0,0,0,0,0,0,0,0,1069,1069,1069,0,0,0,0,0,0,1069,1069,1069,1069,1069,0,0,0,0,0,0,1104,1104,0,0,0,0,0,0,0,0,0,0,0,0,0,0,0,0,0,0,0,0,0,0,0,0,1183,1183,1183,1183,0,0,0,0,0,0,0,0,0,0,0,0,0,0,0,0,0,0,0,0,0,0,975,975,947,896,1183,1506,0,0,0,975,896,896,896,896,896,872,872,872,872,896,896,896,896,896,896,896,896,0,0,0,0,0,0,0,0,0,0,0,0,0,0,0,0,0,0,0,0,0,0,0,1440,1440,1656,0,0,0,0,1506,1440,1440,1440,1440,1440,1506,1506,1506,1440,1440,1440,1440,1440,1506,1506,1506,1506,1506,1506,1506,1506,1506,1440,1440,1440,1440,1440,1440,1440,1440,1440,1440,1440,1440,1440,1440,1440,1440,1440,1440,1440,1440,1440,1440,1440,1440,1440,1380,1380,1380,1380,1380,1380,1380,1380,1380,1380,1380,1380,1380,1380,1380,1380,1380,1380,1380,1380,1380,1380,1380,1380,1380,1380,1380,1380,1380,1380,1380,1380,1380,1380,1380,1380,1380,1380,1380,1380,1380,1380,1380,1380,1380,1380,1380,1380,1380,1380,1380,1380,1380,1380,1380,1380,1380,1325,1325,1380,1380,1380,1380,1380,1380,1380,1380,1380,1380,1440,1440,1440,1506,1506,0,0,0,0,0,0,0,0,0,0,0,0,0,0,0,0,0,0,0,0,0,0,0,0,0,0,0,0,0,0,0,0,0,0,0,0,0,0,0,0,0,0,0,0,0,0,0,0,0,0,0,0,0,0,0,0,0,0,0,0,0,0,0,0,0,0,0,0,0,0,0,0,0,0,0,0,0,0,0,0,0,0,0,0,0,0,0,0,0,0,0,0,0,0,0,0,0,0,0,0,0,0,0,0,0,0,0,0,0,0,0,0,0,0,0,0,0,0,0,0,0,0,0,0,0,0,0,0,0,0,0,0,0,0,0,0,0,0,0,0,0,0,0,0,0,0,0,0,0,0,0,0,0,0,0,920,920
676,676,676,676,676,676,676,690,690,690,705,690,705,705,705,705,705,705,705,705,705,705,720,720,720,720,720,720,720,720,720,720,720,720,720,0,720,789,0,0,0,0,0,0,0,0,0,0,0,0,771,771,771,771,771,771,771,771,789,789,789,789,789,789,789,789,789,789,789,789,789,789,789,771,771,771,789,771,771,771,771,771,789,789,789,789,789,789,808,808,808,808,808,808,808,808,808,808,808,808,808,828,828,828,828,850,828,828,828,828,828,828,828,828,850,828,850,850,850,850,850,850,850,850,850,850,850,850,850,850,850,850,850,850,850,850,872,872,872,872,872,872,872,872,872,872,872,872,872,872,872,872,872,872,872,872,872,872,872,872,872,872,872,872,872,896,896,872,896,896,896,896,896,896,896,896,896,896,896,920,896,896,872,872,920,947,975,0,1035,975,1035,1035,947,947,947,947,947,975,975,1035,975,1035,0,1035,1035,0,0,1035,1035,1035,1069,0,0,0,0,1035,1004,1004,1004,1004,1004,1004,1035,1035,0,0,0,0,0,0,1069,1069,1069,1069,1069,1069,0,0,0,0,1069,1069,1069,1069,1069,1069,1069,0,0,0,0,1104,1069,1104,1104,0,0,0,0,0,0,0,0,0,0,0,0,0,0,0,0,0,0,0,0,0,0,0,0,1183,1183,1183,0,0,0,0,0,0,0,0,0,0,0,0,0,0,0,0,896,947,1069,0,0,0,1069,975,975,896,896,1183,1506,0,0,975,896,896,896,896,896,872,872,872,872,896,896,896,896,896,896,896,896,0,0,0,0,0,0,0,0,0,0,0,0,0,0,0,0,0,0,0,0,0,0,0,1440,1440,0,0,0,0,0,1506,1440,1440,1440,1440,1440,1506,1506,1506,1440,1440,1440,1440,1440,1506,1506,1506,1506,1506,1506,1506,1506,1506,1506,1440,1440,1440,1440,1440,1440,1440,1440,1440,1440,1440,1440,1440,1440,1440,1440,1440,1440,1440,1440,1440,1440,1440,1440,1440,1380,1380,1380,1380,1380,1380,1380,1380,1380,1380,1380,1380,1380,1380,1380,1380,1380,1380,1380,1380,1380,1380,1380,1380,1380,1380,1380,1380,1380,1380,1380,1380,1380,1380,1380,1380,1380,1380,1380,1380,1380,1380,1380,1380,1380,1380,1380,1380,1380,1380,1380,1380,1380,1380,1325,1325,1325,1325,1325,1380,1380,1380,1380,1380,1380,1380,1380,1380,1440,1440,1506,1506,1506,0,0,0,0,0,0,0,0,0,0,0,0,0,0,0,0,0,0,0,0,0,0,0,0,0,0,0,0,0,0,0,0,0,0,0,0,0,0,0,0,0,0,0,0,0,0,0,0,0,0,0,0,0,0,0,0,0,0,0,0,0,0,0,0,0,0,0,0,0,0,0,0,0,0,0,0,0,0,0,0,0,0,0,0,0,0,0,0,0,0,0,0,0,0,0,0,0,0,0,0,0,0,0,0,0,0,0,0,0,0,0,0,0,0,0,0,0,0,0,0,0,0,0,0,0,0,0,0,0,0,0,0,0,0,0,0,2366,2366,2366,0,0,0,0,0,0,0,0,0,0,0,0,0,0,0,0,1949,920
676,676,676,676,676,676,676,690,690,690,690,690,705,705,705,705,705,705,705,705,705,705,705,705,720,720,720,720,720,0,720,0,0,720,0,0,0,0,0,0,0,0,0,0,0,0,0,0,0,0,771,771,771,771,771,771,771,789,789,789,789,789,789,789,789,789,789,789,789,789,789,771,771,771,771,771,789,771,789,789,789,789,789,789,789,789,789,789,789,789,789,808,808,789,789,789,789,808,808,808,808,828,828,828,828,850,828,850,850,850,850,850,850,850,850,850,850,850,850,850,850,850,850,850,850,850,850,850,850,850,850,850,850,850,850,850,872,872,872,872,872,872,872,872,850,850,872,872,872,872,872,872,872,872,872,872,872,872,872,872,872,872,872,872,872,872,872,872,872,872,896,872,896,896,896,896,896,920,920,947,920,896,896,896,947,947,1004,1004,1004,1004,1004,975,947,947,975,975,975,975,1004,1004,1004,1004,1035,1035,1035,1035,0,1035,1035,1035,1035,1069,1035,1035,1035,1035,1004,1004,1004,1004,1004,1004,1035,1035,1035,1035,1035,1035,1035,1035,1069,1069,1069,1069,1069,1069,0,0,0,0,0,0,0,1069,1069,1069,0,0,0,0,0,0,0,0,0,0,0,0,0,0,0,0,0,0,0,0,0,0,0,0,1143,0,0,0,0,0,0,0,1183,1183,1183,1183,1183,0,0,0,0,0,0,0,0,0,0,0,0,0,0,0,896,947,1069,0,0,0,0,0,1183,896,896,1183,1183,0,0,1183,896,896,896,896,896,896,896,872,872,896,896,896,896,896,896,896,896,0,0,0,0,0,0,0,0,0,0,0,0,0,0,0,0,0,0,0,0,0,0,0,1440,1440,0,0,0,0,0,1506,1440,1440,1440,1440,1506,1506,1506,1506,1506,1506,1506,1440,1506,1506,1506,1506,1506,1506,1506,1506,1506,1506,1440,1440,1440,1440,1440,1440,1440,1440,1440,1440,1440,1440,1440,1440,1440,1440,1440,1440,1440,1440,1440,1440,1440,1440,1440,1440,1380,1380,1380,1380,1380,1380,1380,1380,1380,1380,1380,1380,1380,1380,1380,1380,1380,1380,1380,1380,1380,1380,1380,1380,1380,1380,1380,1380,1380,1380,1380,1380,1380,1380,1380,1380,1380,1380,1380,1380,1380,1380,1380,1380,1380,1380,1380,1380,1380,1380,1380,1380,1380,1380,1325,1325,1325,1325,1325,1380,1380,1380,1380,1380,1380,1380,1380,1380,1440,1440,1506,1656,1949,0,0,0,0,0,0,0,0,0,0,0,0,0,0,0,0,0,0,0,0,0,0,0,0,0,0,0,0,0,0,0,0,0,0,0,0,0,2366,2366,2366,0,0,0,0,0,0,0,0,0,2366,2366,2366,0,0,0,0,0,0,0,0,0,0,0,2366,0,0,0,0,0,0,0,0,0,0,0,0,0,0,0,0,0,0,0,0,0,0,0,0,0,0,2366,0,0,0,0,0,0,0,0,0,0,0,0,0,0,0,0,0,0,0,0,0,0,0,0,0,0,0,0,0,0,0,0,0,0,0,0,0,0,0,0,0,0,0,0,0,0,0,0,0,0,0,0,0,0,0,0,0,0,0,0,0,0,0,0,0,33119
676,676,676,676,676,676,676,676,690,690,690,690,690,690,690,690,690,690,690,690,705,705,705,705,720,720,720,720,0,0,720,720,720,720,0,0,0,0,0,0,0,0,0,0,0,0,0,0,0,0,771,771,771,771,771,771,771,789,789,789,789,789,789,789,789,789,789,789,789,789,789,771,771,771,771,771,789,771,789,789,789,789,789,789,789,789,789,789,789,789,789,808,808,789,789,789,789,808,808,808,828,828,828,850,850,850,850,850,850,850,850,850,850,850,850,850,850,850,850,850,850,850,850,850,850,850,850,850,850,850,850,850,850,850,850,850,850,872,872,872,872,872,850,850,850,850,872,872,872,872,872,872,872,872,872,872,872,872,872,872,872,872,872,872,872,872,872,872,872,872,872,872,872,872,896,896,947,947,947,975,975,975,0,0,0,0,1004,1004,1004,975,975,975,975,975,975,975,975,975,1004,1004,1004,1004,1035,1035,1035,1035,1035,1004,1004,1004,1004,1004,1004,1004,1004,1004,1004,1004,1004,1004,1004,1004,1004,1035,1035,1035,1035,1035,1035,1035,1035,1035,1035,1069,1069,1069,1069,0,0,0,0,1069,1069,1069,1069,1069,0,0,0,0,0,0,0,0,1143,0,0,0,0,0,0,0,0,0,0,0,0,0,0,0,0,0,0,0,0,0,0,0,1183,1183,1183,1183,1183,0,0,0,0,0,0,1183,1183,0,0,0,0,0,0,947,896,896,1069,1227,0,0,0,0,1506,1183,1183,1183,1183,1227,1183,1183,896,896,896,896,896,896,896,896,896,896,896,896,896,896,896,896,896,0,0,0,0,0,0,0,0,0,0,0,0,0,0,0,0,0,0,0,0,0,0,0,1440,1506,0,0,0,0,0,1506,1506,1440,1506,1506,1506,1506,1506,1506,1506,1506,1506,1506,1506,1506,1506,1506,1506,1506,1506,1506,1506,1440,1440,1440,1440,1440,1440,1440,1440,1440,1440,1440,1440,1440,1440,1440,1440,1440,1440,1440,1440,1440,1440,1440,1440,1440,1440,1440,1440,1380,1380,1380,1380,1380,1380,1380,1380,1380,1380,1380,1380,1380,1380,1380,1380,1380,1380,1380,1380,1380,1380,1380,1380,1380,1380,1380,1380,1380,1380,1380,1380,1380,1380,1380,1380,1380,1380,1380,1380,1380,1380,1380,1380,1380,1380,1380,1380,1380,1380,1380,1380,1380,1380,1380,1325,1325,1380,1380,1380,1380,1380,1380,1380,1380,1380,1380,1440,1440,1440,1656,1949,0,0,0,0,0,0,0,0,0,0,0,0,0,0,0,0,2366,2366,2366,2366,2548,0,0,0,0,0,0,0,0,2366,0,0,0,0,0,0,2366,2366,2366,2366,2366,2366,2548,0,0,0,0,2366,2366,2366,2208,2208,2366,2366,2366,2366,2366,2366,0,0,0,2548,2548,2366,2366,2366,2366,2366,0,0,0,0,0,0,0,0,2548,2548,2548,2548,2548,2548,2548,2548,2366,2366,2366,2366,2366,2366,2208,2366,2760,2366,2366,2760,2760,2366,0,0,0,0,0,2366,2548,0,0,0,0,0,0,2366,2366,0,0,0,0,0,0,0,0,0,0,0,0,0,0,0,0,0,0,0,0,0,0,0,0,8280,0,0,0,0,0,0,0,0,0,0,0,0,0,0,0,0,0,33119,2208
676,676,676,676,676,676,676,676,676,690,690,690,690,690,690,690,690,690,690,690,705,705,705,705,720,720,720,720,720,720,720,720,720,720,720,0,0,0,736,736,736,736,736,0,0,0,0,0,0,0,771,771,771,771,771,771,771,789,789,789,789,789,789,789,789,789,789,789,789,789,789,789,771,771,771,771,789,789,789,789,789,789,789,789,789,789,789,789,789,789,789,789,789,789,789,789,789,808,808,808,808,0,0,0,0,0,850,850,850,0,0,0,0,0,0,0,0,0,850,850,850,850,850,850,850,850,850,850,850,850,850,850,850,850,850,850,872,872,872,872,872,872,872,872,872,872,872,872,872,872,872,872,872,872,872,872,872,872,872,872,872,872,872,872,872,872,872,872,872,872,872,872,872,872,896,947,947,975,975,975,1004,1004,0,0,0,0,0,0,1004,1004,1004,1004,975,975,975,1004,1004,0,0,0,1004,1004,1004,1004,1004,1004,1004,1004,1004,1004,1004,1004,1004,1004,1004,1004,1004,1004,1004,1004,1004,1004,1004,1035,1035,1035,1035,1035,1035,1035,1035,1035,1035,1035,1035,1035,1069,1069,1069,1069,0,1069,1069,0,1069,1069,0,0,0,0,0,0,0,0,0,0,0,0,0,0,0,0,0,0,0,0,0,0,0,0,1143,0,0,0,0,1183,1183,1183,1183,1183,1183,1183,1183,1183,0,0,0,0,0,1183,1183,0,0,0,0,0,0,896,896,896,1069,1227,0,0,0,0,1183,1143,1143,1143,1183,1183,1183,1143,896,896,896,896,896,896,896,896,896,896,896,896,896,896,896,896,896,0,0,0,0,0,0,0,0,0,0,0,0,0,0,0,0,0,0,0,0,0,0,0,1440,1506,0,0,0,0,0,1506,1506,1440,1506,1506,1506,1506,1506,1506,1506,1506,1506,1506,1506,1506,1506,1506,1506,1506,1440,1440,1440,1440,1440,1440,1440,1440,1440,1440,1440,1440,1440,1440,1440,1440,1440,1440,1440,1440,1440,1440,1440,1440,1440,1440,1440,1440,1440,1440,1380,1380,1380,1380,1380,1380,1380,1380,1380,1380,1380,1380,1380,1380,1380,1380,1380,1380,1380,1380,1380,1380,1380,1380,1380,1380,1380,1380,1380,1380,1380,1380,1380,1380,1380,1380,1380,1380,1380,1380,1380,1380,1380,1380,1380,1380,1380,1380,1380,1380,1380,1380,1380,1380,1380,1380,1380,1325,1380,1380,1380,1380,1380,1380,1380,1380,1380,1380,1380,1440,1440,1578,1578,0,0,0,0,0,0,0,0,0,0,0,0,0,0,0,2366,2208,2366,2366,2366,2366,2548,0,2366,0,2070,2070,2070,2208,2208,2366,2366,0,0,0,2366,2208,2070,2208,2366,2366,2366,2366,2548,2548,0,2366,2366,2366,2208,2208,2208,2208,2208,2366,2366,2366,2366,2548,2548,2548,2548,2548,2366,2366,2366,2366,2366,2548,2548,2548,0,0,0,0,0,2548,2548,2548,2548,2548,2548,2366,2208,2208,2208,2208,2208,2070,1949,2070,2070,2366,2366,2366,2366,2366,2366,2548,2548,2366,2366,2548,2366,2366,0,2548,0,0,0,2366,2366,2366,2366,2366,2366,0,0,0,2208,0,2366,0,0,2366,0,0,0,0,0,0,0,0,0,0,0,0,8280,0,0,33119,0,0,33119,0,0,33119,33119,0,0,0,0,0,2208,2208,2208,1949
676,676,676,676,676,676,676,676,690,690,690,690,690,690,690,690,690,690,690,690,690,705,705,705,705,720,720,720,720,720,720,720,720,720,720,0,0,0,0,0,736,736,736,0,0,0,0,0,0,0,0,789,771,771,771,771,789,789,789,789,789,789,789,789,789,789,789,789,789,789,789,789,789,789,789,789,789,789,789,789,789,789,789,789,789,789,789,789,789,789,789,789,789,789,789,789,789,789,808,808,808,808,808,0,0,828,828,828,828,0,0,0,0,0,0,0,0,0,0,0,0,0,0,872,850,850,850,850,850,850,850,850,850,850,850,850,872,872,872,872,872,872,872,872,872,872,872,896,896,896,896,896,872,872,872,872,872,872,872,872,872,872,872,872,872,872,872,872,872,896,896,896,0,920,896,947,947,975,975,975,1004,1004,0,0,0,0,0,0,0,0,0,0,1035,1004,0,0,0,0,0,0,1004,1004,1004,1004,1004,1004,1004,1004,1004,1004,1004,1004,1004,1004,1004,1004,1004,1004,1004,1004,1004,1004,1004,1004,1004,1035,1035,1035,1035,1035,1035,1035,1035,1035,1035,1035,1035,1035,1035,1069,1069,1069,0,0,0,0,0,0,0,0,0,0,0,0,0,0,0,0,0,0,0,0,0,0,0,0,0,0,0,1143,1143,0,0,0,0,1183,1183,1183,1183,1183,1183,1183,1183,0,0,0,0,0,0,0,0,0,0,0,0,0,0,896,896,896,1069,0,0,0,0,0,0,0,1183,1183,1183,1183,1183,1143,896,896,896,896,896,896,896,896,896,896,896,896,896,896,896,896,896,0,0,0,0,0,0,0,0,0,0,0,0,0,0,0,0,0,0,0,0,0,0,0,0,0,0,0,0,0,0,1506,1506,1506,1506,1506,1506,1506,1506,1506,1506,1506,1506,1506,1506,1506,1506,1506,1506,1506,1506,1440,1440,1440,1440,1440,1440,1440,1440,1440,1440,1440,1440,1440,1440,1440,1440,1440,1440,1440,1440,1440,1440,1440,1440,1440,1440,1440,1440,1440,1380,1380,1380,1380,1380,1380,1380,1380,1380,1380,1380,1380,1380,1380,1380,1380,1380,1380,1380,1380,1380,1380,1380,1380,1380,1380,1380,1380,1380,1380,1380,1380,1380,1380,1380,1380,1380,1380,1380,1380,1380,1380,1380,1380,1380,1380,1380,1380,1380,1380,1380,1380,1380,1380,1380,1380,1380,1380,1380,1380,1380,1380,1380,1380,1380,1380,1380,1380,1440,1440,1440,1506,1506,0,0,0,0,0,0,0,0,0,0,0,0,0,0,0,2208,2208,2548,0,0,0,0,0,2070,2070,2070,2070,2070,2208,2208,2208,0,0,0,2208,2208,2070,1949,2070,2208,2366,2366,2548,2366,1949,1949,1949,2070,2208,2208,2208,2208,2208,2208,2208,2366,2366,2548,0,0,0,0,0,2548,0,2548,2548,2548,2548,2548,2548,0,0,2070,0,0,0,0,0,0,0,0,2548,2208,2208,2208,1949,1949,1949,1949,1949,2070,2366,2366,2366,2760,2760,2366,0,0,2366,2366,2366,2208,2548,0,0,0,0,0,2366,2366,2208,2366,2366,1949,2208,2208,2070,2208,2366,2208,2208,0,1949,1949,0,0,0,0,0,0,0,0,8280,8280,2760,2366,2548,2548,2366,2548,2366,2208,2366,2208,2208,2208,2208,2208,2208,2208,2208,2208,2208,2208,1949
676,676,676,676,690,690,690,690,690,690,690,690,690,690,690,690,690,690,690,690,690,690,705,705,705,705,705,705,720,720,705,705,705,720,720,0,0,0,0,736,736,736,736,736,736,0,0,0,0,0,0,789,771,771,771,771,789,789,789,789,789,789,789,789,789,789,789,789,789,789,808,808,808,808,789,789,789,789,789,789,789,789,789,789,789,789,789,789,789,789,789,789,789,789,789,789,789,808,808,808,808,808,808,0,0,808,808,0,0,0,0,0,0,0,0,0,0,0,0,0,872,0,0,0,872,850,850,850,850,850,850,850,850,850,850,850,872,872,872,872,872,872,872,872,872,872,872,896,896,896,896,896,872,872,872,872,850,872,872,872,872,872,872,872,872,872,872,872,896,872,896,872,896,896,896,947,0,975,1004,975,975,975,0,0,0,0,0,0,0,0,0,0,1004,975,1004,0,0,0,0,0,1004,1004,1004,1004,1004,1004,1004,1004,1004,1004,1004,1004,1004,1004,1004,1004,1004,1004,1004,1004,1004,1004,1004,1004,1004,1035,1035,1035,1035,1035,1035,1035,1035,1035,1035,1035,1035,1035,1035,1069,0,0,0,0,0,0,0,0,0,0,0,0,0,0,0,0,0,0,0,0,0,0,0,0,0,0,0,0,0,1440,1143,0,0,0,0,1183,1183,1183,1183,1183,1183,1183,1183,0,0,0,0,0,0,0,0,0,0,0,0,0,0,0,896,896,1183,0,0,0,0,0,0,0,0,1227,1183,1227,1183,1183,896,896,896,896,896,896,896,896,896,896,896,896,896,896,896,896,896,0,0,0,0,0,0,0,0,0,0,0,0,0,0,0,0,0,0,0,0,0,0,0,1506,1506,0,0,0,0,0,1506,1506,1506,1506,1506,1506,1506,1506,1506,1506,1506,1506,1506,1506,1506,1506,1506,1506,1506,1506,1440,1440,1440,1440,1440,1440,1440,1440,1440,1440,1440,1440,1440,1440,1440,1440,1440,1440,1440,1440,1440,1440,1440,1440,1440,1440,1440,1440,1440,1380,1380,1380,1380,1380,1380,1380,1380,1380,1380,1440,1440,1380,1380,1380,1380,1380,1380,1380,1380,1380,1380,1380,1380,1380,1380,1380,1380,1380,1380,1380,1380,1380,1380,1380,1380,1380,1380,1380,1380,1380,1380,1380,1380,1380,1380,1380,1380,1380,1380,1380,1380,1380,1380,1380,1380,1380,1380,1380,1380,1380,1380,1380,1380,1380,1380,1380,1380,1440,1440,1440,1506,1506,1949,0,0,0,0,0,0,0,0,0,0,0,0,0,0,0,0,0,0,0,0,0,0,2070,2070,2070,2070,2070,2070,2070,1949,2208,2208,2070,1949,2070,1949,1949,2070,2070,2548,2548,0,2548,1949,1949,1949,2070,2208,2208,2208,2208,2208,2548,2366,2548,2548,0,0,0,0,0,0,0,0,0,0,2548,0,2548,2548,2548,2548,1949,2548,0,0,0,0,0,0,0,2548,2208,2208,1949,1949,1949,1949,1949,1949,2208,2760,2760,2760,0,0,0,0,0,2366,2548,2366,2208,0,0,0,0,0,0,0,2366,2208,2366,2366,1949,2208,2070,2070,2208,2208,2070,2208,2208,1949,2070,0,0,0,0,0,0,0,0,3011,3011,2760,8280,0,33119,2548,2548,2208,1840,1840,1840,1840,1840,1840,1840,1840,1840,1840,1840,1840,1840,1840
676,676,676,676,676,690,690,690,690,690,690,690,690,690,690,690,690,690,705,705,705,705,705,705,705,705,705,705,720,720,705,720,720,720,720,0,736,0,0,736,736,736,736,736,736,736,736,0,0,0,0,0,789,789,771,789,789,789,789,789,789,789,789,789,789,789,789,789,789,808,808,808,808,808,789,789,789,789,789,789,789,789,789,789,789,789,789,789,789,789,789,789,789,789,789,789,789,808,808,808,808,828,0,0,0,828,828,828,828,828,0,0,0,0,0,0,0,0,0,872,872,0,0,0,0,850,850,850,850,850,850,850,850,850,850,872,872,872,872,872,872,872,872,872,872,872,872,872,896,872,872,872,872,872,872,872,872,872,872,872,872,872,872,872,872,872,872,896,896,872,896,896,896,872,896,896,947,975,0,975,920,896,896,896,947,0,0,0,0,0,0,0,0,0,0,0,0,0,0,0,0,0,0,1035,1035,1035,1004,1004,1004,1004,1004,1004,1004,1004,1004,1004,1004,1004,1004,1004,1004,1004,1004,1004,1035,1035,1035,1035,1035,1035,1035,1035,1035,1069,1035,1035,1035,1035,1035,1035,1069,1069,1069,0,0,0,0,0,0,0,0,0,0,0,0,0,0,0,0,0,0,0,0,0,0,0,0,0,0,0,0,0,0,0,0,0,0,0,0,1183,1183,0,0,0,0,0,0,0,0,0,0,0,0,0,0,0,0,0,896,896,1227,0,0,0,0,0,0,0,0,0,0,0,1227,1143,896,896,896,896,896,896,896,896,896,896,896,896,896,896,896,896,896,0,0,0,0,0,0,0,0,0,0,0,0,0,0,0,0,0,0,0,0,0,0,0,1506,1506,0,0,0,0,0,1506,1506,1506,1506,1506,1506,1506,1506,1506,1506,1506,1506,1506,1506,1506,1506,1506,1506,1506,1506,1506,1506,1440,1440,1440,1440,1440,1440,1440,1440,1440,1440,1440,1440,1440,1440,1440,1440,1440,1440,1440,1440,1440,1440,1440,1440,1440,1440,1440,1440,1380,1380,1380,1380,1380,1380,1380,1380,1380,1440,1440,1380,1380,1380,1380,1380,1380,1380,1380,1380,1380,1380,1380,1380,1380,1380,1380,1380,1380,1380,1380,1380,1380,1380,1380,1380,1380,1380,1380,1380,1380,1380,1380,1380,1380,1380,1380,1380,1380,1380,1380,1440,1440,1440,1440,1380,1380,1380,1380,1380,1380,1380,1380,1380,1380,1380,1380,1440,1440,1440,1440,1506,1506,0,0,0,0,0,0,0,0,0,0,0,0,0,0,0,0,0,0,0,0,0,0,0,0,0,0,0,0,0,0,0,0,0,1840,1840,1840,1840,2070,2208,0,0,0,2548,1949,1949,1949,2208,2366,0,0,2548,2548,0,0,0,0,0,0,0,0,0,0,0,0,0,0,0,0,0,2548,0,2548,1840,0,0,0,0,0,0,0,0,2760,2208,2208,1949,1840,1949,1949,1949,1949,2548,0,0,2760,0,0,0,0,0,2548,0,3312,3312,0,0,0,0,0,0,0,3312,2366,0,0,0,0,0,2208,3011,2366,2208,2366,2366,1949,3312,0,0,0,0,0,3011,3011,3011,3011,3011,2760,3312,3312,3312,2548,2548,2208,1840,1840,1840,1840,1840,1840,1840,1840,1840,1840,1840,1840,1840,1840
676,676,676,676,676,676,676,676,690,690,690,690,690,690,690,705,705,705,705,705,705,705,705,705,705,705,705,705,705,705,705,705,705,705,720,720,720,736,736,705,705,705,705,705,705,705,705,736,0,0,0,0,0,0,771,771,771,771,771,789,789,789,789,789,789,789,789,789,789,808,808,0,0,0,789,789,789,789,789,789,789,789,789,789,789,789,789,789,789,789,789,808,808,808,789,789,789,808,808,808,808,808,828,0,0,828,828,828,828,828,0,0,0,0,0,0,0,0,0,872,872,0,0,0,0,850,850,850,850,850,872,850,850,850,872,872,872,872,872,872,872,872,872,872,872,872,872,872,872,872,872,872,872,872,872,872,872,872,872,872,872,872,872,872,872,872,872,896,896,872,896,896,896,872,872,896,896,920,947,920,896,872,872,872,872,896,0,0,0,0,0,0,0,0,0,0,0,0,0,0,0,0,0,1035,0,0,1035,0,0,1004,1004,1035,1004,1004,1004,1035,1004,1035,1004,1004,1004,1004,1004,1004,1035,1035,1035,1035,1035,1035,1035,1035,1069,1069,1069,1069,1069,1069,1035,1069,1069,1069,0,0,0,0,0,0,0,0,0,0,0,0,0,0,0,0,0,0,0,0,0,0,0,0,0,0,0,1143,1143,1143,1143,1143,0,0,0,0,0,1183,1183,0,0,0,0,0,0,0,0,1183,1183,0,0,0,0,0,1143,896,896,896,0,0,0,0,0,0,0,0,0,0,0,0,0,1143,896,896,896,896,896,896,896,896,896,896,896,896,896,896,896,896,896,2208,0,0,0,0,0,0,0,0,0,0,0,0,0,0,0,0,0,0,0,0,0,0,1506,1506,0,0,0,0,0,1506,1506,1440,1440,1506,1506,1506,1506,1506,1506,1506,1506,1506,1506,1506,1506,1506,1506,1506,1506,1506,1506,1440,1440,1440,1440,1440,1440,1440,1440,1440,1440,1440,1440,1440,1440,1440,1440,1440,1440,1440,1440,1440,1440,1440,1440,1440,1440,1440,1440,1440,1440,1440,1440,1440,1440,1440,1440,1440,1440,1440,1440,1440,1440,1440,1440,1440,1440,1440,1440,1440,1440,1380,1380,1380,1380,1380,1380,1380,1380,1380,1380,1380,1380,1380,1380,1380,1380,1380,1380,1380,1440,1380,1380,1380,1380,1380,1380,1380,1440,1440,1440,1440,1440,1440,1440,1440,1440,1440,1440,1440,1440,1380,1380,1380,1380,1440,1440,1440,1440,1440,1440,1506,0,0,0,0,0,0,0,0,0,0,0,0,0,0,0,0,0,0,0,0,0,0,2070,2070,2070,0,0,0,0,1840,1840,1840,1840,1840,1840,1840,1840,1840,1949,2548,0,2548,1949,1840,1840,1840,1949,2070,2208,2208,2208,1949,2548,2548,0,0,0,0,2548,2548,0,0,0,0,0,0,0,0,0,2548,0,1840,1840,1840,0,0,0,0,0,0,0,0,2760,0,1840,1840,1840,1949,1949,1949,2548,0,0,0,0,0,0,0,0,0,0,0,0,0,0,0,0,0,0,0,0,0,0,0,0,0,0,3011,3011,3011,3011,3011,0,3011,0,0,0,0,0,0,3011,3011,3011,3011,3312,3312,3680,0,0,0,0,3312,1840,1840,1840,1840,1840,1840,1840,1840,1840,1840,1840,1840,1840,1840
690,690,690,690,690,690,690,690,690,690,690,690,690,690,690,705,705,705,705,705,705,705,705,705,705,705,705,705,705,705,705,705,705,705,720,720,720,720,720,705,705,705,705,705,705,705,705,705,0,0,0,0,0,0,771,771,771,771,771,789,789,789,789,789,789,789,789,789,789,789,808,0,0,0,0,789,789,789,789,789,789,789,789,789,789,789,789,789,789,789,789,808,789,789,789,789,789,808,808,808,808,828,828,850,850,828,828,828,828,828,0,0,0,0,0,0,0,872,850,850,850,872,0,872,872,850,850,850,850,850,850,850,850,850,850,872,872,872,872,872,872,872,872,872,872,872,872,872,872,872,872,872,872,872,872,872,872,872,872,872,872,872,872,872,872,872,872,896,896,896,896,896,896,872,872,896,896,896,896,896,896,872,872,872,872,872,0,0,0,0,0,0,0,0,0,0,0,0,0,0,0,0,0,1035,0,0,1035,1035,1004,1004,1004,0,1035,1035,1035,1035,1035,1035,1035,1035,1035,1004,1035,1035,1035,0,0,0,0,0,1069,1069,1069,1069,1069,1069,1069,1069,1069,0,0,0,0,0,0,0,0,0,0,0,0,0,0,0,0,0,0,0,0,0,0,0,0,0,0,0,0,0,0,0,0,0,0,0,0,0,0,0,0,0,0,0,0,0,0,0,0,0,0,1183,1183,1069,0,0,0,0,0,896,896,896,0,0,0,0,0,0,0,0,0,0,0,0,0,1440,896,896,896,896,896,896,896,896,896,896,896,896,896,896,896,896,896,33119,0,0,0,0,0,0,0,0,0,0,0,0,0,0,0,0,0,0,0,0,0,0,0,1506,0,0,0,0,1506,1506,1440,1440,1440,1506,1506,1506,1506,1506,1506,1506,1506,1506,1506,1506,1506,1506,1506,1506,1506,1506,1506,1440,1440,1440,1440,1440,1440,1440,1440,1440,1440,1440,1440,1440,1440,1440,1440,1440,1440,1440,1440,1440,1440,1440,1440,1440,1440,1440,1440,1440,1440,1440,1440,1440,1440,1440,1440,1440,1440,1440,1440,1440,1440,1440,1440,1440,1440,1440,1440,1440,1440,1440,1380,1440,1440,1380,1380,1380,1380,1380,1380,1380,1380,1380,1380,1380,1380,1380,1380,1380,1440,1380,1380,1380,1440,1380,1380,1440,1440,1440,1440,1440,1440,1440,1440,1440,1440,1440,1440,1440,1440,1440,1440,1380,1380,1440,1440,1440,1440,1440,1440,1506,1506,1506,1506,0,0,1506,0,0,0,0,0,0,0,0,0,0,0,0,0,0,0,0,0,0,0,0,0,0,0,0,0,0,1840,1840,1840,1840,1840,1840,1949,0,0,0,1949,1840,1840,1840,1949,2208,0,0,0,0,0,0,0,0,0,0,0,0,0,0,0,0,0,0,0,0,0,0,0,1840,1840,1840,0,0,0,0,0,0,0,0,0,0,1949,1840,1840,1949,1949,0,0,0,0,0,0,0,0,0,0,0,0,0,0,0,0,0,0,0,0,0,0,0,0,0,0,0,0,0,0,0,0,0,0,0,0,0,0,0,0,0,0,0,0,3011,3312,0,0,0,0,0,0,0,3312,3312,3011,3011,1840,1840,1840,1840,1840,1840,1840,1840,1840,1840
690,690,690,690,690,690,690,690,690,690,690,690,690,690,690,705,705,705,705,705,705,705,705,705,705,705,705,705,705,705,705,705,705,720,720,720,720,736,720,720,720,720,705,705,720,720,705,753,771,0,771,771,771,771,771,771,771,771,771,771,789,789,771,771,771,771,789,789,789,789,789,789,789,771,771,771,789,789,789,789,789,789,789,789,789,789,789,789,789,789,789,789,789,789,789,789,789,808,808,808,808,828,828,0,0,0,828,828,850,0,0,0,0,0,0,0,0,0,850,850,850,872,850,850,850,850,850,850,850,850,850,850,850,850,850,850,872,872,872,872,872,872,872,872,872,872,872,872,872,872,872,872,872,872,872,872,850,872,872,872,872,872,872,872,872,872,872,872,872,872,872,872,872,872,872,872,896,896,0,896,872,872,872,872,872,872,0,0,0,0,0,0,0,0,0,0,0,0,0,0,975,1035,1035,1035,1035,975,975,975,975,975,1004,0,1004,1004,1004,1035,1004,1035,1035,1035,1035,1035,0,0,0,0,0,0,0,0,0,0,1104,1104,1104,1104,1104,0,0,0,0,0,0,0,0,0,1104,1104,1104,1104,1104,1104,0,0,0,0,0,0,0,0,0,0,0,0,0,0,0,0,0,1440,1143,1143,1506,0,0,0,0,0,0,0,1183,0,1183,0,0,0,0,0,1183,1143,1183,1104,1104,0,0,0,1104,896,896,896,0,0,1104,0,1104,1104,0,0,0,0,0,0,0,1104,896,896,896,896,896,896,896,896,896,896,896,896,896,896,896,896,896,33119,0,0,0,0,0,0,0,0,0,0,0,0,0,0,0,0,0,0,0,0,0,0,1506,1506,1506,0,0,0,1506,1506,1440,1440,1440,1506,1506,1506,1506,1506,1506,1506,1506,1440,1440,1440,1440,1440,1440,1440,1440,1440,1440,1440,1440,1440,1440,1440,1440,1440,1440,1440,1440,1440,1440,1440,1440,1440,1440,1440,1440,1440,1440,1440,1440,1440,1440,1440,1440,1440,1440,1440,1440,1440,1440,1440,1440,1440,1440,1440,1440,1440,1440,1440,1440,1440,1440,1440,1440,1440,1440,1440,1440,1440,1440,1440,1440,1380,1440,1380,1440,1440,1440,1440,1380,1380,1380,1380,1380,1380,1380,1380,1440,1380,1380,1380,1440,1380,1440,1440,1440,1440,1440,1440,1440,1440,1440,1440,1440,1440,1440,1440,1440,1440,1440,1380,1380,1440,1440,1440,1440,1440,1440,1506,1506,1506,1506,1506,1506,1506,1506,1506,1578,0,0,1949,0,0,0,0,0,0,0,0,0,0,0,0,0,0,0,0,0,0,0,0,1840,1840,1840,1840,1840,2070,0,0,0,0,0,0,1840,0,0,0,0,0,0,0,0,0,0,0,0,0,8280,8280,0,0,0,0,0,0,0,0,0,0,0,0,1840,0,0,0,0,0,0,0,0,0,0,0,0,1840,0,0,0,0,0,0,0,0,0,0,0,0,0,0,0,0,0,0,0,0,0,0,0,0,0,0,0,0,0,0,0,0,0,0,0,0,0,0,0,0,0,0,0,0,0,0,0,3011,3312,0,0,0,0,0,0,0,0,0,0,3011,3011,3011,3011,3011,3011,3011,3011,3011,3011,3011
690,690,705,705,690,690,690,690,690,690,690,690,690,705,705,705,705,705,705,705,705,705,705,705,720,720,720,720,720,720,720,720,720,720,736,736,736,736,736,720,720,736,736,736,736,736,753,753,771,771,771,771,771,771,771,771,771,771,771,771,771,771,771,771,771,771,789,789,789,789,789,789,771,771,771,771,771,771,771,789,789,789,789,789,789,789,789,789,789,789,789,789,789,789,789,789,789,808,808,808,808,828,828,0,0,0,828,828,828,828,0,0,0,0,0,0,0,0,850,850,850,850,850,850,850,850,850,850,850,850,850,850,850,850,850,850,850,872,872,872,872,872,850,850,850,850,872,872,872,872,872,872,872,850,850,872,872,872,872,872,872,872,872,872,872,872,872,872,872,872,872,872,872,872,872,872,896,896,896,896,872,872,872,872,872,872,947,0,0,0,0,0,0,0,0,0,0,975,975,975,975,975,975,975,975,975,975,975,975,975,975,1004,1004,1004,1004,975,1004,1004,1004,1004,1035,1035,0,0,0,0,0,0,0,0,0,0,1104,1104,1104,1104,1274,0,0,0,0,0,0,0,1104,1104,1104,1104,1104,1104,1104,1104,1104,1143,1104,1104,1143,1143,1143,0,0,0,1143,0,0,0,0,0,1143,1143,1143,1143,1143,1143,1143,1143,0,1183,1143,1183,1183,1183,1183,1183,0,0,1183,1183,1183,1183,1183,1143,0,0,0,0,1104,896,896,896,0,0,1104,1104,1104,1104,1104,1183,0,0,0,0,0,1104,896,896,896,896,896,896,896,896,896,896,896,896,896,896,896,896,896,0,0,0,0,0,0,0,0,0,0,0,0,0,0,0,0,0,0,0,0,0,0,0,0,1506,1506,0,0,0,1578,1440,1440,1440,1440,1440,1506,1506,1506,1506,1506,1506,1506,1440,1440,1440,1440,1440,1440,1440,1440,1440,1440,1440,1440,1440,1440,1440,1440,1440,1440,1440,1440,1440,1440,1440,1440,1440,1440,1440,1440,1440,1440,1440,1440,1440,1440,1440,1440,1440,1440,1440,1440,1440,1440,1440,1440,1440,1440,1440,1440,1440,1440,1440,1440,1440,1440,1440,1440,1440,1440,1440,1440,1440,1440,1440,1440,1440,1440,1440,1440,1440,1440,1440,1440,1380,1380,1380,1380,1380,1380,1440,1440,1380,1440,1440,1440,1440,1440,1440,1440,1440,1440,1440,1440,1440,1440,1440,1440,1440,1440,1440,1440,1440,1440,1440,1440,1440,1440,1440,1440,1440,1440,1506,1506,1506,1506,1506,1506,1506,1506,1506,1506,1578,1840,1840,1949,0,0,0,0,0,0,0,0,0,0,0,0,0,0,0,0,0,0,0,1840,1840,1840,1840,1840,0,0,0,0,0,0,0,0,0,0,0,0,0,0,33119,0,0,0,0,0,0,8280,8280,0,0,0,0,6624,6624,0,0,0,0,0,0,0,0,0,0,0,0,0,0,0,0,0,0,0,0,0,0,0,0,0,0,0,0,0,0,0,0,0,0,0,0,0,0,0,0,0,0,0,0,0,0,0,0,0,0,0,0,0,0,0,0,0,0,0,0,0,0,0,0,0,0,0,3011,0,0,0,0,0,0,0,0,0,0,0,0,0,3312,3011,3011,3011,3011,3011,3011,3011,3011
0,0,0,0,0,0,0,2070,2070,705,705,705,705,705,0,0,0,0,0,0,0,0,0,0,0,0,0,736,736,736,736,736,736,736,736,736,736,736,736,736,736,736,736,736,736,753,753,753,753,753,753,771,771,771,771,771,771,771,771,771,771,771,771,771,771,771,789,789,789,789,789,789,771,771,771,771,789,789,789,789,789,789,789,789,789,789,789,789,789,789,789,808,808,808,808,808,808,808,808,808,808,808,808,828,828,828,828,828,828,828,0,0,0,0,0,0,850,850,850,850,850,850,850,850,850,850,850,850,850,850,850,850,850,850,850,850,850,872,872,872,872,872,850,850,850,850,872,872,872,872,872,872,850,850,850,872,850,872,872,872,872,872,872,872,872,872,872,872,872,872,872,872,872,872,872,896,896,947,896,872,872,872,872,872,872,872,947,0,0,0,0,0,0,0,0,0,975,975,975,975,975,975,975,975,975,975,975,975,975,975,975,975,1004,1004,1004,975,975,975,1004,1004,1004,1004,0,0,0,0,0,0,0,0,0,0,1104,1104,1104,0,0,0,0,0,0,0,0,0,0,0,1104,1104,1104,1143,0,0,0,0,1143,1104,1143,1143,1143,1143,1143,1143,1143,1143,0,1143,1143,1143,1143,1143,1143,1143,1143,1143,1143,1143,1143,1143,1143,1143,1183,1183,1183,1183,1183,0,1183,1183,1183,1183,1183,0,0,0,0,0,0,1183,896,1104,0,0,0,0,1104,1104,1104,1143,0,0,0,0,0,0,1104,896,896,896,896,896,896,896,896,896,896,896,896,896,896,896,896,33119,0,0,0,0,0,0,0,0,0,0,0,0,0,0,0,0,0,0,0,0,0,0,1440,1440,1440,0,0,0,0,1440,1440,1440,1440,1440,1506,1506,1506,1506,1506,1506,1506,1440,1440,1440,1440,1440,1440,1440,1440,1440,1440,1440,1440,1440,1440,1440,1440,1440,1440,1440,1440,1440,1440,1440,1440,1440,1440,1440,1440,1440,1440,1440,1440,1440,1440,1440,1440,1440,1440,1440,1440,1440,1440,1440,1440,1440,1440,1440,1440,1440,1440,1440,1440,1440,1440,1440,1440,1440,1440,1440,1440,1440,1440,1440,1440,1440,1440,1440,1440,1440,1440,1440,1440,1440,1440,1440,1440,1440,1440,1440,1440,1440,1440,1440,1440,1440,1440,1440,1440,1440,1440,1440,1440,1440,1440,1440,1440,1440,1440,1440,1440,1440,1440,1440,1440,1440,1440,1440,1440,1440,1506,1506,1506,1506,1506,1506,1506,1506,1506,1506,1506,1506,1840,1840,1949,0,0,0,0,0,0,0,1840,0,1840,1840,1840,1840,1840,1840,0,1840,1840,1840,1840,1840,0,1949,0,0,0,0,0,0,0,0,0,0,0,0,0,0,0,0,0,0,0,0,0,0,0,0,0,0,0,0,0,0,0,0,0,0,0,0,0,0,0,0,0,0,0,0,0,0,0,0,0,0,0,0,0,0,0,0,0,0,0,0,0,0,0,0,0,0,0,0,0,0,0,0,0,0,0,0,0,0,0,0,0,0,0,0,0,0,0,0,0,0,0,0,0,0,0,0,0,0,0,0,0,0,0,0,0,0,0,0,0,0,3312,3312,3011,3011,3011,3011,3011,3011,3011,3011
0,0,0,0,0,0,0,2070,2070,690,690,690,690,690,0,0,0,0,0,0,0,0,0,0,0,0,0,0,0,0,753,753,753,736,736,736,736,736,736,736,736,736,736,736,753,753,753,753,753,753,753,753,771,771,771,771,771,771,771,771,771,771,771,771,771,771,789,789,789,789,789,771,771,771,771,771,771,771,789,789,789,789,789,789,789,808,808,808,808,808,808,808,808,808,808,808,808,808,808,808,808,828,828,0,0,0,850,850,850,850,872,0,0,0,0,0,872,872,850,850,850,850,850,850,850,850,850,850,850,850,850,850,850,850,850,850,872,872,872,872,872,872,872,872,872,850,872,872,872,872,850,872,850,850,850,872,850,872,872,872,872,872,872,872,872,872,872,872,872,872,872,872,872,872,872,896,920,0,947,947,872,872,872,872,872,896,0,0,0,0,0,0,0,0,0,0,975,975,975,975,975,975,975,975,975,975,975,975,975,975,1004,1004,1004,1004,1004,1004,1004,1004,1004,1004,1004,1004,1035,0,0,0,0,0,0,0,0,0,1104,1104,1104,1104,1274,0,0,0,0,0,0,0,0,0,1104,1104,1104,1104,1104,0,0,1143,1104,1104,1104,1143,1143,1143,1143,1143,1143,1143,1143,0,1143,1143,1143,1143,1143,1143,1143,0,0,0,0,0,1183,1183,1183,1183,1183,0,0,0,0,0,0,0,0,0,0,0,0,0,0,0,0,0,0,0,0,0,1143,1143,1143,0,0,0,0,0,0,1143,1035,896,896,896,896,896,896,896,896,896,896,896,896,896,896,896,896,33119,0,0,0,0,0,0,0,0,0,0,0,0,0,0,0,0,0,0,0,0,0,0,1440,1440,1440,0,0,0,0,1440,1440,1440,1440,1440,1506,1506,1506,1506,1506,1506,1506,1440,1440,1506,1506,1440,1506,1506,1506,1440,1440,1440,1440,1440,1440,1440,1440,1440,1440,1440,1440,1440,1440,1440,1440,1440,1440,1440,1440,1440,1440,1440,1440,1440,1440,1440,1440,1440,1440,1440,1440,1440,1440,1440,1440,1440,1440,1440,1440,1440,1440,1440,1440,1440,1440,1440,1440,1440,1440,1440,1440,1440,1440,1440,1440,1440,1440,1440,1440,1440,1440,1440,1440,1380,1440,1380,1440,1440,1440,1440,1440,1440,1440,1440,1440,1440,1440,1440,1440,1440,1440,1440,1440,1440,1440,1440,1440,1440,1440,1440,1440,1440,1440,1440,1440,1440,1440,1440,1440,1440,1506,1506,1506,1506,1506,1506,1506,1506,1506,1506,1506,1506,1578,1840,1949,0,0,0,0,0,0,0,0,0,0,0,0,0,0,0,0,0,0,0,0,0,0,0,0,0,0,0,0,0,0,0,0,0,0,0,0,0,0,0,0,0,0,0,0,0,0,0,0,0,0,0,0,0,0,0,0,0,0,0,0,0,0,0,0,0,0,0,0,0,0,0,0,0,0,0,0,0,0,0,0,0,0,0,0,0,0,0,0,3312,3312,0,0,0,0,0,0,0,0,0,0,0,0,0,0,0,0,0,0,0,0,0,0,0,0,0,0,0,0,0,0,0,0,0,0,0,0,0,0,0,0,0,0,0,0,0,3011,3011,3011,3011,3011,3011,3011,3011
0,0,0,0,0,0,0,0,0,690,690,690,705,705,0,0,0,0,0,0,0,0,0,0,0,0,0,0,0,0,753,753,753,736,736,736,736,736,736,736,736,736,736,753,753,771,753,753,753,753,753,753,771,771,771,771,771,753,753,771,753,771,771,771,771,771,771,771,789,789,771,771,771,753,753,753,753,771,771,771,771,771,789,789,789,808,808,808,808,808,808,808,808,808,808,808,808,808,808,808,828,828,920,0,0,920,850,850,850,850,872,0,0,0,0,0,872,872,850,850,850,850,850,850,872,850,850,850,850,850,850,850,850,850,850,850,872,872,872,872,872,872,872,872,872,872,872,872,872,872,850,850,850,850,850,850,850,872,872,872,872,872,872,872,872,872,872,872,872,872,872,872,872,872,896,920,920,947,947,920,872,872,872,872,872,920,0,0,0,0,0,0,0,0,0,975,975,975,975,975,1004,1004,1004,1035,1035,1004,1004,975,975,1004,1004,1004,1004,1004,1004,1004,1004,1004,1004,1004,1004,1004,1035,1035,1035,1035,1035,1035,1035,1035,1035,1035,1035,1104,1069,1104,1104,1274,0,0,1274,1104,1069,1104,1104,1104,1104,1104,1104,1104,1104,1104,1104,1104,1104,1104,1104,1143,1104,1143,1143,1143,1143,1143,1143,1143,1143,1143,1143,1143,1143,1143,1143,1143,0,0,0,0,0,1183,1183,1183,1183,0,0,0,0,0,0,0,0,0,0,0,0,0,0,0,0,0,0,0,0,0,1143,0,1143,1183,0,0,0,0,0,1104,1035,896,896,896,896,896,896,896,896,896,896,896,896,896,896,896,896,0,0,0,0,0,0,0,0,0,0,0,0,0,0,0,0,0,0,0,0,0,0,1440,1440,1440,1440,1578,0,1578,1506,1440,1440,1440,1440,1440,1506,1506,1506,1506,1506,1506,1506,1440,1440,1506,1506,1506,1506,1506,1506,1506,1506,1440,1440,1440,1440,1440,1440,1440,1440,1440,1440,1440,1440,1440,1440,1440,1440,1440,1440,1440,1440,1440,1440,1440,1440,1440,1440,1440,1440,1440,1440,1440,1440,1440,1440,1440,1440,1440,1440,1440,1440,1440,1440,1440,1440,1440,1440,1440,1440,1440,1440,1440,1440,1440,1440,1440,1440,1440,1440,1440,1440,1440,1440,1380,1440,1380,1440,1440,1440,1440,1440,1440,1440,1440,1440,1440,1440,1440,1440,1440,1440,1440,1440,1440,1440,1440,1440,1440,1440,1440,1440,1440,1440,1440,1440,1440,1440,1440,1440,1440,1506,1506,1506,1506,1506,1506,1506,1506,1506,1506,1506,1578,1840,1949,1949,2070,2070,2070,2070,2070,2070,2070,2070,2070,2070,2070,2070,2070,2070,2070,2070,1949,2070,2070,2070,2070,0,2070,0,0,0,0,0,0,0,0,0,0,0,0,0,0,0,33119,33119,33119,33119,33119,0,0,0,0,0,0,0,0,6624,6624,6624,33119,0,0,0,0,0,0,0,0,0,0,0,0,0,0,0,0,0,0,0,0,0,2070,0,0,0,0,0,0,0,0,0,0,2208,2208,2208,3312,3312,2208,2208,0,2208,3011,0,0,0,0,0,0,0,0,3011,0,3011,2070,3011,0,2070,2070,3011,3011,0,0,0,0,0,3011,0,6624,0,0,0,0,0,0,0,0,3011,3011,3011,3011,3011,3011,3011,3011,3011,3011,3011,3011
0,0,0,0,0,0,0,0,0,0,2070,0,0,0,0,0,0,0,0,0,0,0,0,0,0,0,0,0,753,753,753,753,736,736,736,736,736,736,736,736,736,736,753,753,771,771,753,753,753,753,753,753,771,771,753,753,753,753,753,753,753,753,753,771,771,771,771,771,789,789,771,771,753,753,753,753,753,753,753,771,771,771,789,808,808,808,0,0,0,0,0,808,808,0,808,0,0,0,0,0,0,0,0,0,0,920,850,850,850,850,872,872,872,872,872,872,850,850,850,850,850,850,850,850,872,850,850,850,850,850,850,850,850,850,850,850,872,872,872,872,872,872,872,872,872,872,872,872,872,872,872,872,850,850,850,872,872,872,872,872,872,872,872,872,872,872,872,896,896,896,896,896,896,896,896,920,920,947,947,920,920,872,872,872,920,920,0,0,0,0,0,0,1035,947,947,975,975,975,1004,975,1004,1004,1035,1035,1035,1035,1035,1004,1004,1004,1004,1004,1004,1004,1004,1035,1004,1004,1004,1004,1004,1004,1004,1035,1035,1035,1035,1035,1035,1035,1035,1035,1035,1069,1069,1069,1104,1069,1069,1069,1069,1069,1069,1069,1069,1069,1104,1104,1104,1104,1104,1104,1104,1104,1104,1104,1104,1143,1104,1143,1143,1143,1143,1143,1143,1143,1143,1143,1143,1143,1143,1143,0,0,0,0,0,0,0,0,0,0,0,0,0,0,0,0,0,0,0,0,0,0,0,0,0,0,0,0,0,0,0,0,0,0,0,0,0,0,0,0,0,1143,896,896,896,896,896,896,896,896,896,896,896,896,896,896,896,896,896,4140,0,0,0,0,0,0,0,0,0,0,0,0,0,0,0,0,0,0,1506,0,1440,1440,1440,1440,1506,0,0,1578,1506,1440,1440,1440,1440,1440,1506,1506,1506,1506,1506,1506,1506,1506,1506,1506,1506,1506,1506,1506,1506,1506,1506,1506,1440,1440,1440,1440,1440,1440,1440,1440,1440,1440,1440,1440,1440,1440,1440,1440,1440,1440,1440,1440,1440,1440,1440,1440,1440,1440,1440,1440,1440,1440,1440,1440,1440,1440,1440,1440,1440,1440,1440,1440,1440,1440,1440,1440,1440,1440,1380,1380,1380,1380,1380,1380,1380,1380,1380,1380,1380,1380,1380,1380,1380,1380,1380,1380,1380,1440,1440,1380,1380,1380,1380,1380,1380,1380,1380,1440,1440,1440,1440,1440,1440,1440,1440,1440,1440,1440,1440,1440,1440,1440,1440,1440,1440,1440,1440,1440,1440,1440,1506,1506,1506,1506,1506,1506,0,0,0,0,0,0,2070,1949,1949,2070,2070,2070,2070,2070,2070,2070,2070,2070,1949,1949,1949,1949,1949,1949,1949,1949,1949,1949,2070,2070,2070,2070,2070,2070,2070,2070,0,0,0,0,0,33119,2070,2070,2070,2070,2070,2070,2070,2070,2070,2070,2070,2070,2070,33119,2070,2070,2070,2070,2070,2070,2070,2070,33119,33119,33119,33119,33119,33119,33119,0,0,0,0,33119,3312,3312,2760,2366,2366,2208,2366,2366,2070,2070,2070,2760,0,0,0,0,0,0,0,0,2208,2208,2208,2208,2208,2208,2208,2366,2208,2208,2366,0,0,0,0,0,0,2366,2070,0,0,2070,2366,2208,2070,2070,2208,2208,2366,3011,0,0,0,3011,0,0,2366,2366,0,0,0,2366,2366,0,0,2366,2366,0,0,0,0,0,0,2366,0,0
0,0,0,0,0,0,0,0,0,690,690,690,690,690,705,705,705,0,0,0,0,0,0,0,0,0,0,0,753,753,753,753,753,736,736,736,736,736,736,736,736,736,753,753,771,771,753,753,753,753,753,753,771,771,753,753,753,753,753,753,753,753,753,753,753,771,771,771,771,771,771,753,753,753,753,753,753,753,753,771,753,753,771,808,808,808,0,0,0,0,0,0,0,0,0,0,0,0,0,0,0,0,0,0,0,920,850,850,850,850,872,872,872,872,872,872,850,850,850,850,850,850,872,850,872,850,850,850,850,850,850,850,850,850,850,872,872,872,872,872,872,872,872,872,872,872,872,872,872,872,872,872,850,850,850,872,872,872,872,872,872,872,872,872,872,896,896,896,896,896,896,920,896,920,920,920,920,920,920,920,920,872,872,872,920,920,0,0,0,0,0,0,0,0,0,975,1004,1004,1004,1004,0,0,0,1035,0,1035,1035,1035,1004,1004,1004,1004,1004,1004,1035,1035,1035,1035,1004,1004,1004,1035,1035,1035,1035,1035,1035,1035,1035,1035,1035,1035,1069,1069,1069,1069,1069,1069,1069,1069,1069,1069,1069,1069,1069,1069,1069,1104,1104,1104,1104,1069,1069,1104,1104,1104,1104,1104,1104,1104,1104,1104,1104,1104,1143,1143,1143,0,0,0,0,0,0,0,0,0,0,0,0,0,0,0,0,0,0,0,0,1183,1183,1183,1183,1069,1069,0,0,0,0,0,0,0,0,0,0,0,0,0,0,0,0,0,0,0,0,0,1035,896,896,896,896,896,896,896,896,896,896,896,896,896,896,896,896,4140,0,0,0,0,0,0,0,0,0,0,0,0,0,0,0,0,0,1578,1380,1440,1380,1380,1440,1440,1440,1506,1506,1506,1440,1440,1440,1440,1440,1440,1506,1506,1506,1506,1506,1506,1506,1506,1506,1506,1506,1506,1506,1506,1506,1506,1506,1440,1440,1440,1440,1440,1440,1440,1440,1440,1440,1440,1440,1440,1440,1440,1440,1440,1440,1440,1440,1440,1440,1440,1440,1440,1440,1440,1440,1440,1440,1440,1440,1440,1440,1440,1440,1440,1380,1380,1440,1380,1380,1380,1380,1380,1380,1380,1380,1380,1380,1380,1380,1380,1380,1380,1380,1380,1380,1380,1380,1380,1380,1380,1380,1380,1380,1380,1380,1380,1380,1380,1380,1380,1380,1380,1380,1380,1380,1380,1440,1440,1440,1380,1380,1380,1380,1380,1380,1380,1380,1380,1380,1380,1380,1380,1440,1440,1440,1440,1440,1506,1506,1506,1506,1949,0,0,0,0,0,0,0,0,2070,2070,2070,2070,2070,2070,2070,2070,2070,2070,2070,2070,2070,2070,2070,1949,1949,1949,1949,1949,2070,2070,2070,2070,2070,2070,2070,2070,2070,2070,2070,2070,2070,2070,2070,2070,2070,2070,2070,2070,2070,2070,2070,2070,2070,2070,2070,2070,2070,2070,2070,2070,2070,2070,2070,2070,2070,2070,2070,2070,2070,2070,2070,33119,33119,33119,33119,33119,2760,2366,2366,2366,2366,2208,0,0,2070,2070,2070,2070,2366,0,0,0,0,0,2208,2208,2070,2070,2070,2208,2070,2208,2208,2208,2208,2208,2208,2208,2366,2366,2366,2366,2070,2070,2070,2070,2070,2070,2070,2070,2070,2070,2070,2208,2366,0,0,0,0,0,0,0,2366,2366,0,2366,2366,2366,2070,2070,2070,2070,2070,2366,2366,2366,2366,2366,2366,2366,2366,0
0,0,0,0,0,0,0,0,690,690,690,690,690,690,690,705,705,705,705,705,705,720,720,0,736,736,720,720,720,720,720,736,736,736,736,736,736,736,736,736,736,736,736,736,753,753,753,753,753,753,753,753,771,771,753,753,753,753,753,753,753,753,753,771,771,771,771,771,771,771,771,771,753,753,753,753,753,753,753,753,753,753,753,771,771,0,0,0,0,0,0,0,0,0,0,0,0,0,0,0,0,0,0,0,0,0,920,850,850,850,872,872,872,872,872,872,850,850,850,850,850,872,872,872,872,872,872,850,850,850,850,850,850,850,850,872,872,872,872,872,872,872,872,872,872,872,872,872,872,872,872,872,850,850,850,872,872,872,872,872,872,872,872,872,896,896,896,896,896,896,896,920,920,920,920,920,920,920,920,920,920,872,872,872,920,920,0,0,0,0,0,0,0,0,975,975,975,975,1004,1004,0,0,0,1035,1035,1035,1035,1035,1004,1004,1004,1004,1004,1035,1035,1035,1035,1035,1035,1035,1035,1035,1035,1035,1035,1035,1035,1035,1035,1035,1035,1035,1069,1069,1069,1069,1069,1069,1069,1069,1069,1069,1069,1069,1069,1069,1104,1104,1104,1104,1104,1069,1069,1104,1104,1104,1104,1104,1104,1104,1104,1104,1104,1104,1143,1143,1143,0,0,0,0,0,0,0,0,0,0,0,0,0,0,0,0,0,0,0,0,0,1183,1183,1183,1069,1069,1104,1104,0,0,0,0,0,0,0,0,0,1069,0,0,0,0,0,0,0,0,1035,896,896,896,896,896,896,896,896,896,896,896,896,896,896,896,896,896,4140,0,0,0,0,0,0,0,0,0,0,0,0,0,0,0,0,0,1578,1380,1380,1380,1380,1440,1440,1440,1440,1440,1440,1440,1440,1440,1440,1440,1440,1506,1506,1506,1506,1506,1506,1506,1506,1440,1506,1506,1506,1506,1506,1506,1506,1440,1440,1440,1440,1440,1440,1440,1440,1440,1440,1440,1440,1440,1440,1440,1440,1440,1440,1440,1440,1440,1440,1440,1440,1440,1440,1440,1440,1440,1440,1440,1440,1440,1440,1440,1440,1440,1440,1380,1380,1440,1380,1380,1380,1380,1380,1380,1380,1380,1380,1380,1380,1380,1380,1380,1380,1380,1380,1380,1380,1380,1380,1380,1380,1380,1380,1380,1380,1380,1380,1380,1380,1380,1380,1380,1380,1380,1380,1380,1380,1440,1440,1380,1380,1380,1380,1380,1380,1380,1380,1380,1380,1380,1380,1380,1380,1380,1440,1440,1440,1440,1506,1506,1506,1949,0,0,0,0,0,0,0,0,2070,2070,2070,2070,2070,2070,2070,2070,2070,2548,2070,2070,2070,2070,2070,2070,2070,2070,2070,2070,2070,2070,2070,2070,2070,1949,1949,1949,2070,2070,2070,2070,2070,2070,2070,2070,2070,2070,2070,2070,2070,2070,2070,2070,2070,2070,2070,2070,2070,1949,2070,2070,2070,2070,2070,2070,2070,2070,2070,2070,2070,2070,2070,2070,0,0,0,0,0,2760,2760,2760,2366,2366,2070,2070,2070,2070,2070,2070,2070,2366,2760,0,0,0,0,2208,2208,2070,2070,2070,2208,2208,2208,2208,2208,2208,2208,2208,2208,2208,2366,2366,2366,2070,2070,2070,2070,2070,2070,2070,2070,2070,2070,2070,2208,2366,2760,0,0,0,0,0,2366,2366,0,0,0,0,0,2366,0,0,2366,2070,2366,2366,2366,2366,2366,2366,2366,2366,0
0,0,0,0,0,0,0,0,0,690,690,690,690,690,705,705,705,0,705,720,720,720,720,720,720,720,720,720,720,720,720,720,720,720,736,736,720,736,736,736,736,736,736,736,736,736,753,753,753,753,753,753,753,753,753,753,753,753,753,753,753,753,753,753,753,771,771,771,771,771,771,753,753,753,753,753,753,753,753,753,753,753,753,771,771,828,828,0,0,0,0,0,0,0,0,0,0,0,0,0,0,0,0,0,0,920,920,850,850,850,0,0,0,872,872,872,850,850,850,850,850,850,850,850,872,850,850,850,850,850,850,850,850,850,850,872,872,872,872,872,872,872,872,872,872,872,872,872,872,872,850,850,850,850,850,872,872,872,872,872,872,872,872,872,896,896,896,896,896,896,896,920,920,920,920,920,920,920,920,920,920,872,872,872,920,920,0,0,0,0,0,0,0,0,975,975,975,975,0,1004,0,0,0,0,0,0,0,1035,1035,1004,1004,1004,1004,0,0,0,0,0,0,0,1035,1104,1104,1035,1035,1035,1035,1035,1035,1069,1069,1069,1069,1069,1069,1069,1069,1069,1069,1069,1069,1069,1069,1069,1069,1069,1104,1104,1104,1104,1104,1069,1069,1104,1104,1104,1104,1104,1104,1104,1104,1104,1104,1104,1143,1143,1143,0,0,1143,1143,0,0,0,0,0,0,0,0,0,0,0,0,0,0,0,5520,1183,1183,1183,1183,1069,1069,1104,1104,1104,0,0,0,0,0,0,0,0,0,0,0,0,0,0,0,0,0,1035,896,896,896,896,896,896,896,896,896,896,896,896,896,896,896,896,896,3011,0,0,0,0,0,0,0,0,0,0,0,0,0,0,0,0,0,0,1380,1380,1380,1380,1440,1440,1440,1506,1440,1440,1440,1440,1440,1440,1440,1440,1506,1506,1506,1506,1506,1506,1506,1506,1506,1506,1506,1506,1506,1506,1506,1506,1506,1440,1440,1440,1440,1440,1440,1440,1440,1440,1440,1440,1440,1440,1440,1440,1440,1440,1440,1440,1440,1440,1440,1440,1440,1440,1440,1440,1440,1440,1440,1440,1440,1440,1440,1440,1440,1440,1440,1440,1440,1440,1440,1440,1440,1440,1380,1380,1380,1380,1380,1380,1380,1380,1380,1380,1380,1380,1380,1380,1380,1380,1380,1380,1380,1380,1380,1380,1380,1380,1380,1380,1380,1380,1380,1380,1380,1380,1380,1380,1380,1380,1380,1325,1380,1380,1380,1380,1380,1380,1380,1380,1380,1380,1380,1380,1380,1380,1440,1440,1440,1506,1506,1506,1949,0,0,0,0,0,0,0,0,0,0,2070,2070,2070,2070,2070,2548,0,0,0,0,0,2070,2070,2070,2070,1949,1949,2070,2070,2070,2070,2070,1949,1949,1949,1949,1949,1949,1949,1949,1949,1949,2070,2070,2070,2070,2070,1949,1949,1949,1949,2070,2070,1949,1949,1949,1949,1949,1949,1949,1949,1949,2070,1949,1949,1949,1949,1949,1949,1949,1949,1949,1949,1949,1949,1949,1949,1949,2070,2070,2070,2070,2070,2070,2070,2070,2070,2070,2070,2070,2070,2366,2366,2366,2070,2070,2070,2070,2070,2070,2366,2366,2366,2366,2208,2208,2208,2070,2070,2208,2208,2208,2208,2070,2070,2070,2070,2070,2070,2070,2070,2070,2070,2208,2366,2366,0,0,0,0,0,0,0,0,0,0,0,0,0,0,0,0,33119,2366,33119,0,0,0,0,0,0,0,0
0,0,0,0,0,0,0,0,690,690,690,690,690,690,705,705,705,0,705,720,720,720,720,720,720,720,720,720,720,720,720,720,720,720,736,736,720,736,736,736,736,736,736,736,736,736,753,753,753,753,753,753,753,753,753,753,753,753,753,753,753,753,753,753,753,771,789,789,789,789,771,753,753,753,753,753,753,753,753,753,753,771,771,789,808,828,0,0,0,0,0,0,0,0,0,0,0,828,828,0,0,0,0,0,0,850,850,850,850,850,850,872,0,872,872,872,850,850,850,850,850,850,850,850,850,850,850,850,850,850,850,850,850,850,850,872,872,872,872,872,872,872,872,872,872,872,872,872,872,872,850,850,850,850,850,872,872,872,872,872,872,872,872,872,872,872,872,896,896,896,896,896,896,920,896,920,920,920,920,920,896,872,872,872,920,0,0,0,0,0,0,0,0,0,0,0,0,0,0,0,0,0,0,0,0,0,0,0,0,0,0,0,0,0,0,0,0,0,0,0,0,0,0,0,0,0,0,0,0,0,1069,1069,1069,1069,1069,1104,1104,1069,1069,1069,1069,1069,1069,1069,1069,1069,1104,1104,1104,1104,1104,1069,1069,1104,1104,1104,1104,1104,1104,1104,1104,1104,1104,1104,1143,1143,1143,1143,1143,1143,1143,0,0,0,0,0,0,0,0,0,0,0,0,0,0,0,0,0,0,0,0,1104,1104,0,0,3312,0,0,0,0,0,0,0,0,0,0,0,0,0,0,0,0,0,1325,896,896,896,896,896,896,896,896,896,896,896,896,896,896,896,896,896,3011,0,0,0,3680,3680,0,0,0,0,0,0,0,0,0,0,0,0,0,1380,1380,1380,1380,1440,1440,1440,1506,1440,1440,1440,1440,1440,1440,1440,1440,1440,1506,1506,1506,1506,1506,1506,1506,1506,1506,1506,1506,1506,1506,1506,1506,1506,1506,1440,1440,1440,1440,1440,1506,1506,1506,1506,1440,1440,1440,1440,1440,1440,1440,1440,1440,1440,1440,1440,1440,1440,1440,1440,1440,1440,1440,1440,1440,1440,1440,1440,1440,1440,1440,1440,1440,1440,1440,1440,1440,1440,1440,1440,1440,1380,1380,1380,1380,1380,1380,1380,1380,1380,1380,1380,1380,1380,1380,1380,1380,1380,1380,1380,1380,1380,1380,1380,1380,1380,1380,1380,1380,1380,1380,1380,1380,1380,1380,1380,1325,1325,1380,1380,1380,1380,1380,1380,1380,1380,1380,1380,1380,1380,1440,1440,1440,1440,1506,1506,1506,1578,0,0,0,0,0,0,0,0,1949,2070,2070,2070,2070,2070,0,0,0,0,0,0,0,0,2070,2070,2070,1949,1949,2070,2070,2070,2070,2070,1949,1949,1949,1949,1949,1949,1949,1949,1949,1949,2070,2070,2070,2070,2070,2070,2070,2070,1949,2070,2070,1949,1949,1949,1744,1744,1744,1744,1949,1949,2070,1949,1949,1949,1949,1949,1840,1840,1949,1949,1949,1949,1949,1949,2070,2070,2208,2208,2366,2070,2070,2070,2070,2070,2070,2070,2070,2070,2070,2366,2366,2366,2366,0,0,2070,2070,2366,2366,2366,2366,2366,2366,2208,2208,2208,2208,2208,2366,2366,2366,2366,2366,2366,2070,2070,2070,2070,2070,2070,2070,2070,2366,2366,0,0,0,0,0,0,0,0,0,0,0,0,0,0,0,0,0,0,0,0,0,0,0,0,0,0,0
0,0,0,0,0,0,0,0,690,690,690,690,690,690,690,705,705,0,720,720,720,720,720,720,720,720,720,720,720,720,720,720,720,720,720,720,720,720,720,736,736,736,736,736,736,736,736,753,753,753,753,753,753,753,753,753,753,753,753,753,753,753,753,771,771,771,789,789,789,0,771,771,771,771,771,771,771,771,771,771,771,771,771,789,808,808,808,0,0,0,0,0,0,0,0,0,828,828,828,0,0,0,0,0,850,850,828,828,828,828,850,850,0,850,872,850,850,850,828,850,850,850,828,850,828,850,850,850,850,850,850,850,850,850,850,872,872,872,872,872,872,872,872,872,872,872,872,872,872,850,850,850,850,850,850,872,872,872,872,872,872,872,872,872,872,872,872,896,896,896,896,0,896,920,920,920,920,920,920,920,920,872,872,872,920,0,0,0,0,0,0,0,0,0,0,0,0,0,0,0,0,1035,0,0,0,0,0,0,0,0,0,0,0,0,0,0,0,0,0,0,0,0,0,0,0,0,0,1744,1744,1104,1069,1069,1069,1069,1069,1104,1104,1104,1069,1069,1069,1069,1069,1069,1069,1069,1104,1104,1104,1104,1104,1104,1104,1104,1104,1104,1104,1143,1104,1104,1104,1104,1143,1143,0,0,0,0,1143,1143,0,0,0,0,0,0,0,0,0,0,0,0,0,0,0,0,0,0,0,0,0,0,0,0,0,0,0,0,0,0,0,0,0,0,0,0,0,0,0,0,0,0,0,1004,896,896,896,896,896,896,896,896,896,896,896,896,896,896,896,896,896,3680,0,0,4140,3680,3312,3312,3312,0,0,0,0,0,0,0,0,0,0,1440,1440,1440,1380,1440,1440,1440,1440,1440,1440,1440,1440,1440,1440,1440,1440,1440,1440,1506,1506,1506,1506,1506,1506,1506,1506,1506,1506,1506,1506,1506,1506,1506,1506,1506,1506,1440,1440,1440,1440,1506,1506,1506,1506,1440,1440,1440,1440,1440,1440,1440,1440,1440,1440,1440,1440,1440,1440,1440,1440,1440,1440,1440,1440,1440,1440,1440,1440,1440,1440,1440,1440,1440,1440,1440,1440,1440,1440,1440,1440,1440,1440,1440,1380,1380,1380,1380,1380,1380,1380,1380,1380,1380,1380,1380,1380,1380,1380,1380,1380,1380,1380,1380,1380,1380,1380,1380,1380,1380,1380,1380,1380,1380,1440,1440,1440,1325,1380,1380,1380,1380,1380,1440,1380,1380,1380,1380,1380,1380,1380,1440,1440,1440,1440,1506,1506,1506,1744,0,0,0,0,0,1744,0,0,1949,2070,2070,2070,2070,2070,0,0,0,0,0,0,0,0,2070,2070,2070,1949,1949,1949,1949,1949,1744,1744,1744,1744,1744,1744,1744,1744,1744,1744,1744,1744,2070,2070,1744,1744,1744,1744,1744,1744,1744,1744,1744,1744,1744,1744,1744,1744,1744,1744,1744,1744,1744,1744,1744,1744,1744,1744,1744,1744,1744,1744,1744,1744,1949,2070,2208,2208,0,2208,0,2070,2070,2070,2070,2070,2070,2070,2070,2070,2070,2070,2070,2070,2070,2070,1949,1744,2070,2208,2366,2366,2366,0,2366,2208,2208,2070,2070,2208,2208,0,0,0,0,0,2070,2070,2070,2070,2070,2070,2070,2070,0,0,0,0,0,0,0,0,0,0,0,0,0,0,0,0,0,0,0,0,0,0,0,0,0,0,0,0,0
0,0,0,0,0,0,690,690,690,690,690,690,690,690,705,705,705,705,705,705,705,720,720,720,720,720,720,720,720,720,720,720,720,720,720,720,720,720,720,720,720,736,736,736,736,736,736,736,753,753,753,753,771,771,771,771,771,771,771,771,771,771,771,771,771,789,0,0,0,0,771,771,771,771,771,771,771,771,771,771,771,771,771,789,808,808,808,0,0,0,0,0,0,0,0,808,828,828,828,828,828,828,0,0,828,828,828,828,828,828,828,872,0,872,0,850,850,828,828,850,850,828,828,828,828,828,850,850,850,850,850,850,850,850,850,850,872,872,872,872,872,872,872,850,850,872,872,872,850,850,850,850,850,850,850,850,850,872,872,872,872,872,872,872,872,872,872,896,896,896,896,896,896,896,896,920,920,920,920,920,920,872,872,872,0,0,0,0,0,0,0,0,0,0,0,0,0,0,0,0,0,0,0,0,0,0,0,0,0,0,0,0,0,0,0,0,0,0,0,0,0,0,0,0,0,0,0,0,0,0,1069,1069,1069,1069,1104,0,0,1104,1104,1104,1069,1069,1069,1069,1069,1104,1104,1104,1104,1104,1104,1104,1104,1143,1143,1143,1143,0,0,0,0,0,0,0,0,0,0,0,0,1143,0,0,0,0,0,0,0,0,1744,0,0,0,0,0,0,0,0,0,0,0,0,0,0,0,0,0,0,0,0,0,0,0,0,0,0,0,0,0,0,0,0,0,0,1004,896,896,896,896,896,896,896,896,896,896,896,896,896,896,896,896,896,3680,0,0,4140,3680,3680,3312,3312,0,0,0,0,0,0,0,0,0,1440,1440,1440,1440,1440,1440,1440,1440,1440,1440,1440,1440,1440,1440,1440,1440,1440,1440,1440,1506,1506,1506,1506,1506,1506,1506,1506,1506,1506,1506,1506,1506,1506,1506,1506,1506,1506,1506,1506,1440,1440,1506,1506,1506,1506,1440,1440,1440,1440,1440,1440,1440,1440,1440,1440,1440,1440,1440,1440,1440,1440,1440,1440,1440,1440,1440,1440,1440,1440,1440,1440,1440,1440,1440,1440,1440,1440,1440,1440,1440,1440,1440,1440,1440,1440,1380,1380,1380,1380,1380,1380,1380,1380,1380,1380,1380,1380,1380,1380,1380,1380,1380,1380,1380,1380,1380,1380,1380,1380,1380,1380,1440,1440,1440,1440,1440,1440,1440,1380,1380,1380,1380,1440,1440,1440,1440,1440,1380,1380,1380,1440,1440,1440,1440,1506,1506,1506,1506,0,0,0,0,0,0,1744,0,1744,1949,1949,2070,2070,2070,2070,0,0,0,0,0,0,0,0,2070,2070,1840,1949,1840,1949,1949,1949,1744,1744,1744,1949,1949,1949,1949,1744,1744,1744,1744,1744,0,2070,2070,2070,2070,2070,2070,2070,2070,2070,2070,2070,2070,1744,1744,1744,1744,1744,1744,1949,2070,2070,2070,2070,0,0,0,0,0,0,0,0,0,0,0,0,0,0,0,0,2208,2070,2070,2070,2070,2070,2070,2208,2208,2208,2208,2208,2208,2208,2208,0,0,0,0,0,2366,2366,2366,2208,2208,2208,2208,2208,2208,0,0,0,0,0,0,2208,0,2208,2070,2070,2070,2070,2208,2366,0,0,0,0,0,0,0,0,0,0,0,0,0,0,0,0,0,0,0,0,0,0,0,0,0,0,0
0,0,0,0,0,690,690,0,690,690,705,705,690,0,0,0,0,705,705,705,720,720,720,720,720,720,720,720,720,720,720,720,720,720,720,720,720,720,720,720,720,736,736,736,736,736,0,0,0,771,771,771,771,771,0,0,0,771,771,771,771,771,771,771,771,0,0,0,0,0,0,771,771,771,771,771,789,789,771,771,771,789,789,789,808,808,808,828,828,0,0,0,0,0,808,808,808,808,828,828,828,828,0,0,828,828,828,828,828,828,828,850,0,0,0,828,828,828,828,828,828,828,828,828,828,828,828,850,850,850,850,850,850,850,850,850,872,872,872,872,872,872,850,850,850,872,872,872,850,850,850,850,850,850,850,850,850,850,872,872,872,872,872,872,872,872,896,896,896,896,896,920,896,920,920,920,920,920,920,920,920,920,920,0,0,0,0,0,0,0,0,0,0,0,0,0,0,0,0,0,0,1004,0,0,0,0,0,0,0,0,0,0,0,0,0,0,0,0,0,0,0,1227,0,0,0,0,0,1744,1744,1069,1069,1069,1069,1104,1104,0,0,0,0,1104,1069,1069,1069,1069,1069,1069,1104,1104,1104,1104,1104,1104,1104,0,0,0,0,0,0,0,0,0,0,0,0,0,0,0,0,0,0,0,0,0,0,1744,0,1744,0,0,0,0,0,0,0,0,0,3011,0,0,0,0,0,0,0,0,0,0,0,1744,0,0,0,0,0,0,0,0,0,0,0,0,0,1004,896,896,896,896,896,896,896,896,896,896,896,896,896,896,896,896,896,4140,0,0,0,0,3680,0,3680,0,0,0,0,0,0,0,0,1440,1440,1440,1440,1440,1440,1440,1440,1440,1440,1440,1440,1440,1440,1440,1440,1440,1440,1440,1440,1506,1506,1506,1506,1506,1506,1506,1506,1506,1506,1506,1506,1506,1506,1506,1506,1506,1506,1506,1506,1440,1440,1506,1506,1506,1506,1440,1440,1440,1440,1440,1440,1440,1440,1440,1440,1440,1440,1440,1440,1440,1440,1440,1440,1440,1440,1440,1440,1440,1440,1440,1440,1440,1440,1440,1440,1440,1440,1440,1440,1440,1440,1440,1440,1440,1440,1440,1380,1380,1380,1380,1380,1380,1380,1380,1380,1380,1380,1380,1380,1380,1380,1380,1380,1380,1380,1380,1380,1380,1380,1380,1380,1440,1440,1440,1440,1440,1440,1440,1380,1380,1380,1380,1440,1440,1440,1440,1440,1380,1380,1380,1440,1440,1440,1506,1506,1506,1506,1506,0,0,0,0,0,0,0,0,1744,1949,1949,2070,1949,2070,2070,2070,2070,0,0,0,0,2070,1840,1744,1744,1744,1744,1744,1744,1744,1744,1744,1744,1744,1744,1744,1744,1744,1744,1744,1744,1744,1744,1744,1744,1744,1744,1744,1744,1744,1744,1744,1744,1744,2070,2070,1744,1744,1744,1744,1744,1744,1744,2070,2070,0,2070,0,0,0,0,0,0,0,0,0,0,0,0,0,0,0,0,0,0,0,2208,2208,2208,2208,2208,2208,2208,2208,2208,2208,2208,2208,0,0,0,0,0,0,0,0,2208,2208,2208,2208,2208,2208,0,0,0,0,0,2208,2208,2208,2208,2208,2208,2208,2208,2208,2366,2548,0,0,0,2548,2548,2548,0,0,0,0,0,0,0,0,0,0,0,0,0,0,0,0,0,0,0,0
0,0,0,0,0,0,0,0,0,0,0,0,0,0,0,0,705,705,705,705,705,720,705,705,705,720,720,720,720,720,720,720,720,720,720,720,720,720,720,720,720,720,736,736,736,0,0,0,0,0,771,771,0,0,0,0,0,0,771,771,771,771,771,771,789,0,0,0,0,0,0,0,789,0,789,789,789,789,789,789,789,789,789,789,808,808,808,808,808,808,0,828,828,808,808,808,808,808,828,828,828,828,828,828,828,828,828,828,828,828,828,850,0,0,0,828,828,828,828,850,850,828,828,828,828,828,850,850,850,850,850,850,850,850,850,850,850,872,872,872,872,872,850,850,850,850,850,850,850,850,850,850,850,850,850,850,850,850,872,872,872,872,872,872,872,872,896,896,896,896,896,896,896,920,920,920,920,920,920,920,920,920,0,0,0,0,0,0,0,0,0,0,0,0,0,0,0,0,0,0,0,1004,0,0,0,0,0,0,0,0,0,0,1744,1744,1744,1744,1744,0,0,0,0,0,0,0,0,0,0,1744,1744,1069,1069,1069,1069,1069,0,0,0,0,0,0,1069,1069,1069,1069,1069,1069,1069,1104,1104,1104,3312,0,0,0,0,0,0,0,0,0,0,0,0,0,0,0,0,0,0,0,0,0,0,0,0,1744,1744,1183,1183,1744,0,0,0,0,0,0,0,0,0,0,0,0,0,0,0,0,0,0,0,0,0,0,0,0,0,0,0,0,0,0,0,0,0,1004,896,896,896,896,896,896,896,896,872,872,872,896,896,896,896,896,896,4140,33119,0,0,4140,3680,0,0,0,0,0,0,0,0,0,0,1440,1440,1440,1440,1440,1440,1440,1440,1440,1440,1440,1440,1440,1440,1440,1440,1440,1440,1440,1440,1506,1506,1506,1506,1506,1506,1506,1506,1506,1506,1506,1506,1506,1506,1506,1506,1506,1506,1506,1440,1440,1440,1440,1440,1440,1440,1440,1440,1440,1440,1440,1440,1440,1440,1440,1440,1440,1440,1440,1440,1440,1440,1440,1440,1440,1440,1440,1440,1440,1440,1440,1440,1440,1440,1440,1440,1440,1440,1440,1440,1440,1440,1440,1440,1440,1440,1380,1380,1380,1380,1380,1380,1380,1380,1380,1380,1380,1380,1380,1380,1380,1380,1380,1380,1380,1380,1380,1380,1380,1380,1380,1380,1380,1380,1440,1440,1440,1440,1440,1380,1380,1380,1380,1440,1440,1440,1440,1380,1380,1380,1440,1440,1440,1506,1506,1506,1506,1506,1506,0,0,0,0,0,0,0,0,1744,1744,1744,2070,1949,2070,2070,2070,1744,2070,0,0,2070,2070,1744,1744,1744,1744,1744,1744,1744,1744,1744,1744,1744,1744,1744,1744,1744,1744,1744,1744,1744,1744,1744,1744,1744,1744,1744,2070,2070,2070,2070,0,2070,0,0,0,2070,1744,1744,1744,1744,1744,2070,0,0,0,0,0,0,0,0,0,0,0,0,0,0,0,0,0,0,0,0,0,0,0,0,0,0,0,0,0,0,0,0,2208,2208,2208,0,0,0,0,0,0,0,0,0,0,2366,2366,2366,2548,0,0,0,0,0,0,0,2208,2208,2208,2208,2208,2208,2208,2366,0,0,0,0,0,2548,0,0,0,0,0,0,0,0,0,0,0,0,0,0,0,0,0,0,0,0,0
663,676,676,2208,0,0,0,0,0,0,0,0,0,0,0,0,705,705,705,705,705,720,720,720,720,720,720,720,720,720,720,720,720,720,720,720,720,720,720,720,720,736,736,736,736,736,0,0,0,0,0,0,0,0,0,0,0,771,771,771,771,771,789,789,789,0,0,0,0,0,0,789,789,789,789,789,789,789,789,789,789,789,789,789,808,808,789,789,808,808,808,808,808,808,808,789,789,808,808,828,828,828,828,828,828,828,828,828,828,828,828,828,0,0,0,828,828,828,828,850,850,828,828,828,828,828,850,850,850,850,850,850,850,850,850,850,850,872,872,872,872,872,850,850,850,850,850,850,850,850,850,850,850,850,850,850,850,872,872,896,896,872,872,872,896,896,920,920,920,896,920,920,896,920,920,920,920,920,920,920,920,0,0,0,0,0,0,975,975,975,975,975,975,975,947,975,975,975,975,1004,1004,1004,1004,1004,1004,1004,1004,1004,1004,1004,1004,1004,1004,1004,1004,1004,1004,1004,1004,0,0,0,0,0,0,0,0,1035,1035,1069,1069,1069,1069,1069,1104,0,1104,0,0,1069,1069,1069,1069,1069,1069,1069,1069,1104,1104,1104,3312,0,0,0,0,0,0,0,0,0,0,0,0,0,0,0,0,0,0,0,0,0,0,1227,1004,1183,1183,1183,1183,0,0,0,0,0,0,0,0,0,0,0,0,0,0,0,0,0,0,0,0,0,0,0,0,0,0,0,0,0,0,0,0,0,1325,975,896,896,896,896,896,896,896,896,872,872,872,896,896,896,896,896,896,4140,33119,0,0,0,0,0,0,0,0,0,0,0,0,0,0,1440,1440,1440,1440,1440,1440,1440,1440,1440,1440,1440,1440,1440,1440,1440,1440,1440,1440,1440,1506,1506,1506,1506,1506,1506,1506,1506,1506,1506,1506,1506,1506,1506,1506,1506,1506,1506,1440,1440,1440,1440,1440,1440,1440,1440,1440,1440,1440,1440,1440,1440,1440,1440,1440,1440,1440,1440,1440,1440,1440,1440,1440,1440,1440,1440,1440,1440,1440,1440,1440,1440,1440,1440,1440,1440,1440,1440,1440,1440,1440,1440,1440,1440,1440,1440,1440,1380,1380,1380,1380,1380,1380,1380,1380,1380,1380,1380,1380,1380,1380,1380,1380,1380,1380,1380,1380,1380,1380,1380,1380,1380,1380,1380,1380,1440,1440,1440,1440,1440,1380,1380,1380,1380,1380,1440,1380,1380,1380,1380,1440,1440,1440,1440,1506,1506,1506,1506,1506,1506,0,0,0,0,0,0,0,0,1744,1744,1744,1949,1744,1744,1744,1744,1744,1744,1744,1744,1744,1744,1744,1744,1744,1744,1744,1744,1744,1744,1744,1744,1744,1744,1744,1744,1744,1744,1744,1744,1744,1744,1744,1744,1744,1744,1744,1744,0,0,0,0,0,0,0,0,1744,1744,1744,1744,1744,1744,0,0,0,0,0,0,0,0,1840,1840,0,0,0,0,0,0,0,0,0,0,0,0,0,0,0,0,0,0,0,0,0,0,0,2208,2208,2208,0,0,0,0,0,0,0,0,0,0,0,0,0,0,0,0,0,0,0,2208,2208,2208,2208,2208,2208,0,2208,0,0,0,0,0,0,0,2548,0,0,0,0,0,0,0,0,0,0,2208,0,0,0,0,0,0,0,33119,33119,2208
663,663,676,676,676,676,0,0,0,0,0,0,0,0,705,705,705,705,705,705,705,705,705,705,705,720,720,720,720,720,720,720,720,720,720,720,720,736,736,736,736,736,0,0,0,0,0,0,0,0,0,0,0,0,789,0,771,771,771,771,771,771,771,771,789,789,789,789,789,789,789,789,789,789,789,789,789,789,789,789,789,789,789,789,789,808,789,789,808,808,808,808,808,808,789,789,789,808,828,828,828,828,828,828,828,828,828,828,828,828,828,828,0,0,0,0,850,828,828,850,850,828,828,828,828,828,850,850,850,850,850,850,850,850,850,850,850,872,872,872,872,872,850,850,850,850,850,850,850,850,850,850,850,850,850,850,850,850,872,872,872,872,872,872,872,872,920,920,920,896,920,920,896,920,920,947,947,0,975,920,920,920,920,920,0,0,0,0,0,975,975,975,975,975,947,975,975,975,975,0,0,0,0,0,0,0,0,0,0,0,0,0,0,0,0,0,0,0,0,0,0,0,0,0,0,0,0,0,0,0,0,0,1104,1104,0,0,0,0,0,0,1069,0,1069,1069,1069,1069,1069,1104,1104,1104,1104,0,0,0,0,0,0,0,0,0,0,1104,1104,1104,0,0,0,0,0,0,0,0,0,0,1183,1183,1183,1183,1183,0,0,0,0,0,0,0,0,0,0,0,0,0,0,0,0,0,0,0,0,0,0,0,0,0,0,0,0,0,1274,0,0,0,0,975,896,896,896,896,896,896,896,896,872,872,872,896,896,896,896,896,896,33119,0,0,0,0,0,0,0,0,0,0,0,0,0,0,0,0,1506,1440,1440,1440,1440,1440,1440,1440,1440,1440,1440,1440,1440,1440,1440,1440,1440,1440,1506,1506,1506,1506,1506,1506,1506,1506,1506,1506,1506,1506,1506,1506,1506,1506,1506,1506,1506,1440,1440,1440,1440,1440,1440,1440,1440,1440,1440,1440,1440,1440,1440,1440,1440,1440,1440,1440,1440,1440,1440,1440,1440,1440,1440,1440,1440,1440,1440,1440,1440,1440,1440,1440,1440,1440,1440,1440,1440,1440,1440,1440,1440,1440,1440,1440,1440,1440,1380,1380,1380,1380,1380,1380,1380,1380,1380,1380,1380,1380,1380,1380,1380,1380,1380,1380,1380,1380,1380,1380,1380,1380,1380,1380,1380,1440,1440,1440,1440,1380,1380,1380,1380,1380,1440,1440,1380,1380,1440,1440,1440,1440,1440,1506,1506,1506,1506,1506,1506,1506,1506,1656,0,0,0,0,0,0,1744,1744,0,0,0,0,0,0,1744,0,0,0,0,0,1744,1744,1744,1744,1744,1744,1744,1744,1744,1744,1744,1744,1744,1949,1744,1949,1744,1744,1744,1744,1744,1744,1744,1744,0,0,0,0,0,0,0,0,0,0,0,11040,1744,1744,1744,0,0,0,0,0,0,0,0,0,0,0,0,0,0,0,0,0,0,0,0,0,0,0,0,0,0,0,0,0,0,0,0,0,0,0,0,2208,0,0,0,0,0,0,0,0,0,0,2366,2366,2366,0,0,0,0,0,0,2208,2208,2208,2208,2208,2208,3312,3312,0,0,0,0,0,0,0,0,0,0,0,0,0,0,0,0,0,0,2208,0,0,0,0,0,0,0,11040,11040,2208
663,676,676,676,676,676,690,690,690,690,690,690,690,690,705,705,705,705,705,705,705,705,705,705,705,705,705,705,705,705,705,705,720,720,720,720,736,736,0,0,0,0,0,0,0,0,0,0,0,0,0,771,0,771,771,789,771,771,771,771,771,771,771,771,789,789,789,789,789,789,789,789,789,789,789,789,789,789,789,789,789,789,789,789,789,789,789,789,789,789,789,808,808,789,789,789,789,808,828,828,828,828,828,828,828,828,828,828,828,828,828,828,0,0,0,0,850,828,828,850,850,828,828,828,828,828,850,850,850,850,850,850,850,850,850,850,872,872,872,872,872,872,850,850,850,850,850,850,850,850,850,850,850,850,850,850,850,872,872,872,872,872,872,872,872,872,896,896,896,896,920,920,896,920,920,920,920,920,920,920,920,920,920,920,0,0,0,0,0,975,975,975,975,975,947,975,975,975,975,0,0,0,0,0,0,0,0,0,1004,1004,1004,1004,1004,1004,1004,1004,0,0,0,0,0,0,0,0,0,0,0,0,0,0,0,0,0,0,0,0,0,0,0,0,2548,0,2548,2548,1069,1104,1104,1104,1104,1104,1104,2548,2548,0,0,0,0,0,0,0,2548,1104,1104,1143,0,0,0,0,0,0,0,0,0,0,0,0,0,0,0,0,0,0,0,0,0,0,0,0,0,0,0,0,0,0,0,0,0,0,0,0,0,0,0,0,0,0,0,2548,1274,0,0,0,0,975,896,896,896,896,896,896,896,896,896,896,896,896,896,896,896,896,896,33119,0,0,0,0,0,0,0,0,0,0,0,0,0,0,0,0,0,0,0,0,1440,1440,1440,1440,1440,1440,1440,1440,1440,1440,1440,1440,1440,1506,1506,1506,1506,1506,1506,1506,1506,1506,1506,1506,1506,1506,1506,1506,1506,1506,1506,1506,1506,1506,1440,1440,1440,1440,1440,1440,1440,1440,1440,1440,1440,1440,1440,1440,1440,1440,1440,1440,1440,1440,1440,1440,1440,1440,1440,1440,1440,1440,1440,1440,1440,1440,1440,1440,1440,1440,1440,1440,1440,1440,1440,1440,1440,1440,1440,1440,1440,1440,1380,1380,1380,1380,1380,1380,1380,1380,1380,1380,1380,1380,1380,1380,1380,1380,1380,1380,1380,1380,1380,1380,1380,1380,1380,1380,1380,1440,1440,1440,1440,1440,1380,1380,1380,1380,1380,1380,1380,1380,1380,1380,1440,1440,1440,1506,1506,1506,1506,1506,1506,1506,1506,1578,1656,0,0,0,0,0,1744,1744,0,0,0,0,0,0,1744,0,0,0,0,0,0,0,1744,1744,1744,1744,1744,1744,1744,1744,1744,1744,1840,1949,1949,0,1744,1744,1744,1744,1744,1744,0,0,0,0,0,0,0,0,0,0,0,0,0,11040,1744,1744,1744,0,0,0,0,0,0,0,0,0,0,0,0,0,0,0,0,0,0,0,0,0,0,0,0,0,0,0,0,0,0,0,0,0,0,0,0,2208,16560,0,0,0,0,0,0,0,0,0,0,0,0,0,0,0,0,0,0,0,0,0,2208,11040,16560,16560,16560,0,33119,33119,33119,33119,33119,33119,0,0,0,0,0,0,0,0,16560,16560,11040,2208,8280,16560,16560,16560,16560,16560,11040,11040,11040,2208
690,676,690,676,676,676,676,690,690,690,690,690,690,690,690,705,705,705,705,705,705,705,705,705,705,705,705,705,705,705,705,705,705,720,720,720,736,736,736,736,736,736,736,736,0,0,0,753,753,771,771,771,771,771,771,771,771,771,771,771,771,771,771,771,771,771,789,789,789,789,789,771,771,771,771,771,789,789,789,789,789,789,789,789,789,789,789,789,789,789,789,808,789,789,789,789,789,808,828,828,828,0,0,0,850,850,828,828,828,828,828,872,0,0,0,0,850,850,828,850,850,850,850,850,850,850,850,850,850,850,850,850,850,850,850,850,872,872,872,872,872,872,850,850,850,850,850,850,850,850,850,850,850,850,850,872,872,872,872,872,872,872,872,872,872,872,896,896,896,896,896,896,896,920,920,920,920,920,920,920,920,872,872,920,947,0,0,0,0,0,0,0,0,0,0,0,0,0,0,0,0,0,0,0,0,0,0,0,0,0,0,0,0,0,0,0,0,0,0,0,0,0,0,0,0,0,0,0,0,0,0,0,0,0,0,0,0,0,0,0,0,0,0,0,0,0,1104,1104,1104,1104,2548,2548,0,0,0,0,0,0,0,0,0,0,0,0,0,0,0,0,0,0,0,0,0,0,0,0,0,0,0,0,0,0,0,0,0,0,0,0,0,0,0,0,0,0,0,0,0,0,0,0,0,0,0,0,0,0,0,0,0,0,0,0,0,1274,896,896,896,896,896,896,896,896,896,896,896,896,896,896,896,896,896,33119,0,0,0,0,0,0,0,0,0,0,0,0,0,0,0,0,0,0,0,0,0,0,1506,1440,1506,1506,1506,1506,1506,1440,1440,1440,1506,1506,1506,1506,1506,1506,1506,1506,1506,1506,1506,1506,1506,1506,1506,1506,1506,1506,1506,1506,1506,1506,1506,1440,1440,1440,1440,1440,1440,1440,1440,1440,1440,1440,1440,1440,1440,1440,1440,1506,1506,1440,1440,1440,1440,1440,1440,1440,1440,1440,1440,1440,1440,1440,1440,1440,1440,1440,1440,1440,1440,1440,1440,1440,1440,1440,1440,1440,1440,1440,1440,1440,1440,1380,1380,1380,1380,1380,1440,1440,1380,1380,1380,1380,1380,1440,1380,1380,1380,1380,1380,1380,1380,1380,1380,1440,1440,1440,1440,1440,1440,1440,1440,1440,1380,1380,1440,1440,1380,1380,1440,1440,1440,1440,1506,1506,1506,1506,1506,1506,1506,1506,1506,1506,1506,1506,1506,1506,1578,1578,1578,1744,0,0,0,0,0,0,0,0,0,0,0,0,0,0,0,1840,1840,1744,1744,1840,1949,1744,1744,1840,1949,0,0,0,1949,1744,1744,1840,1744,0,0,0,0,0,0,0,0,0,0,0,0,0,0,0,1744,0,0,0,0,0,0,0,0,0,0,0,0,0,0,0,0,0,0,0,0,0,0,0,0,0,0,0,0,0,0,0,0,0,0,0,0,0,0,0,0,0,0,0,0,0,0,0,0,0,0,0,0,0,0,0,0,0,0,0,0,0,0,0,16560,16560,16560,0,0,0,0,0,0,0,0,0,0,0,0,0,0,0,0,33119,33119,11040,16560,0,0,0,0,0,0,16560,16560,11040
690,676,690,676,676,676,676,690,690,690,690,690,690,690,690,690,705,705,705,705,705,705,705,705,705,705,705,705,705,705,705,705,720,720,720,720,736,736,736,736,736,736,736,736,0,0,0,753,753,753,753,753,771,771,771,771,771,771,771,771,771,771,771,771,789,789,789,789,789,789,789,771,771,771,771,771,771,771,771,771,789,789,789,789,789,789,789,789,789,789,789,808,808,789,789,789,789,828,0,0,0,0,0,0,0,0,850,850,850,850,850,872,0,0,0,0,0,850,850,850,850,850,850,850,850,850,850,850,850,850,850,850,850,850,850,872,872,872,872,872,872,872,872,872,872,850,850,872,850,850,850,850,850,850,850,872,872,872,872,872,872,872,872,872,896,896,896,896,896,896,896,896,896,896,896,920,920,920,920,920,896,872,872,896,920,947,947,0,0,0,0,0,0,947,947,947,947,975,0,0,0,0,0,0,0,0,0,0,0,0,0,0,0,0,0,0,0,0,0,0,0,0,0,0,0,0,0,0,0,0,0,0,0,0,0,0,0,0,0,0,0,0,0,0,0,0,0,0,2548,0,0,0,0,0,0,0,0,0,0,0,0,0,0,0,0,0,0,0,0,0,0,0,0,0,0,0,0,0,0,0,0,0,0,0,0,0,0,0,0,0,0,0,0,0,0,0,0,0,0,0,0,0,0,0,0,0,0,0,2548,0,0,0,0,1274,896,896,896,896,896,896,896,896,896,896,896,896,896,896,896,896,896,0,0,0,0,0,0,0,0,0,0,0,0,0,0,0,0,0,0,0,0,0,0,0,1506,1506,1506,1506,1506,1506,1506,1506,1506,1440,1506,1506,1506,1506,1506,1506,1506,1506,1506,1506,1506,1506,1506,1506,1506,1506,1506,1506,1506,1506,1506,1506,1506,1440,1440,1440,1440,1440,1440,1440,1440,1440,1440,1440,1440,1440,1440,1440,1440,1506,1506,1440,1440,1440,1440,1440,1440,1440,1440,1440,1440,1440,1440,1440,1440,1440,1440,1440,1440,1440,1440,1440,1440,1440,1440,1440,1440,1440,1440,1440,1440,1440,1440,1380,1380,1380,1380,1440,1440,1440,1440,1440,1440,1380,1380,1440,1380,1380,1380,1380,1380,1380,1380,1380,1440,1440,1440,1440,1440,1440,1440,1440,1440,1440,1440,1440,1440,1440,1440,1440,1440,1440,1440,1440,1506,1506,1506,1506,1506,1506,1506,1506,1506,1506,1506,1506,1578,1506,1578,1578,1656,1949,0,0,0,0,0,0,0,0,0,0,0,0,0,0,0,0,0,1949,1949,0,1949,1840,1840,1949,1949,0,0,0,1949,1840,1840,0,0,0,0,0,0,0,0,0,0,0,0,0,0,0,0,0,0,0,0,0,0,0,0,0,0,0,0,0,0,0,0,0,0,0,0,0,0,0,0,0,0,0,0,0,0,0,0,0,0,0,0,0,0,0,0,0,0,0,0,0,0,0,0,0,0,0,0,0,0,0,0,0,0,0,0,0,0,0,0,16560,16560,0,0,0,0,0,0,0,0,0,0,0,33119,0,0,0,0,0,16560,16560,11040,1656,1656,16560,16560,11040,11040,16560,11040,11040,11040,1656
0,690,690,690,676,690,690,690,690,690,690,690,690,690,690,705,705,705,705,705,705,705,705,705,705,705,705,705,705,705,705,705,720,720,720,720,736,736,736,736,736,736,736,736,736,736,736,753,753,753,753,753,771,771,771,771,771,771,771,771,771,771,771,771,771,771,789,789,789,771,771,771,771,771,771,771,789,771,789,771,789,789,789,789,789,789,789,789,808,808,808,808,808,789,789,808,808,808,0,0,0,0,0,0,0,0,850,850,850,850,850,872,0,0,0,0,0,850,828,850,850,850,850,850,850,850,850,850,850,872,850,850,850,850,850,872,872,872,872,872,872,872,872,872,872,850,872,872,850,850,850,850,850,850,850,872,872,872,872,872,896,896,896,896,896,896,896,896,896,896,896,896,896,896,896,896,896,920,896,896,896,872,872,896,896,896,896,0,0,0,0,0,0,0,947,947,947,975,0,0,0,0,0,0,0,0,0,0,0,0,0,0,0,0,0,0,0,0,0,0,0,0,0,0,0,0,0,0,0,0,0,0,0,0,0,0,0,0,0,0,0,0,0,0,0,0,0,0,0,0,0,0,0,0,0,0,0,0,0,0,0,1143,1143,0,0,0,0,0,0,0,0,0,0,0,0,0,0,0,0,0,0,0,0,0,0,0,0,0,0,0,0,0,0,0,0,0,0,0,0,0,0,0,0,0,0,0,0,0,0,0,0,0,0,1325,896,896,896,896,896,896,896,896,896,896,896,896,896,896,896,896,896,0,0,0,0,0,0,0,0,0,0,0,0,0,0,0,0,0,0,0,0,0,0,0,1506,1506,1506,1506,1506,1506,1506,1506,1506,1440,1506,1506,1506,1506,1506,1506,1506,1506,1506,1506,1506,1506,1506,1506,1506,1506,1506,1506,1506,1506,1506,1506,1440,1440,1440,1440,1440,1440,1440,1440,1440,1440,1440,1440,1440,1440,1440,1440,1440,1506,1506,1440,1440,1440,1440,1440,1440,1440,1440,1440,1440,1440,1440,1440,1440,1440,1440,1440,1440,1440,1440,1440,1440,1440,1440,1440,1440,1440,1440,1440,1440,1440,1440,1380,1380,1380,1380,1440,1440,1440,1440,1440,1440,1380,1380,1440,1380,1380,1380,1380,1380,1380,1440,1440,1440,1440,1440,1440,1440,1440,1440,1440,1440,1440,1440,1440,1440,1440,1440,1440,1440,1440,1440,1440,1506,1506,1506,1506,1506,1506,1506,1506,1506,1506,1506,1506,1506,1506,1506,1578,1578,1949,0,0,0,0,0,0,0,0,0,0,0,0,0,0,0,0,0,0,1949,2070,1949,1949,0,1949,1949,0,0,0,0,0,0,0,0,0,0,0,0,0,0,0,0,0,0,0,0,0,0,0,0,0,0,0,0,0,0,0,0,0,0,0,0,0,0,0,0,0,0,0,0,0,0,0,0,0,0,0,0,0,0,0,0,0,0,0,0,0,0,0,0,0,0,0,0,0,0,0,0,0,0,0,0,0,0,0,0,0,0,0,0,0,0,0,0,16560,16560,16560,0,0,0,0,0,0,0,33119,16560,0,33119,16560,33119,33119,16560,33119,33119,33119,33119,33119,0,0,33119,0,0,16560,16560,16560
0,0,0,0,690,690,690,690,690,690,690,690,690,690,705,705,705,705,705,705,705,705,705,705,705,705,705,705,705,705,705,705,720,720,720,736,736,736,736,736,736,736,736,736,736,753,753,753,753,753,753,753,753,771,753,771,771,771,771,771,771,771,771,771,771,771,789,0,789,771,771,771,771,771,771,771,771,771,771,771,789,789,789,789,789,808,789,789,808,808,808,808,808,808,808,808,808,0,0,0,0,0,0,0,0,0,850,850,850,850,850,872,0,0,0,0,872,850,850,850,850,850,850,850,850,850,850,850,850,850,850,850,850,850,850,872,872,872,872,872,872,872,872,850,850,850,850,872,850,850,850,850,850,850,872,872,872,872,872,896,896,896,896,896,896,896,896,896,896,896,896,896,896,896,896,896,896,920,896,896,896,896,896,896,920,920,920,975,0,0,0,0,0,0,975,947,947,975,975,975,1004,1004,1004,1004,1004,0,0,0,1004,1004,1004,1004,1004,1004,1004,1004,0,0,0,0,0,0,0,0,0,0,0,0,1035,0,0,0,0,0,0,0,0,0,0,0,0,0,0,2548,0,0,0,0,0,0,0,0,0,0,0,0,0,0,0,0,0,0,0,0,0,0,0,0,0,0,0,0,0,0,0,0,0,0,0,0,0,0,0,0,0,0,0,0,0,0,0,0,0,0,0,0,0,0,896,1227,0,0,0,0,0,0,0,0,0,0,1325,0,0,1274,896,896,896,896,896,896,896,896,896,896,896,896,896,896,896,896,896,33119,0,0,0,0,0,0,0,0,0,0,0,0,0,0,0,0,0,0,0,0,0,0,1440,1440,1506,1506,1506,1506,1506,1506,1440,1440,1440,1506,1506,1506,1506,1506,1506,1506,1506,1506,1506,1506,1506,1506,1506,1506,1506,1506,1506,1506,1506,1440,1440,1440,1440,1440,1440,1440,1440,1440,1440,1440,1440,1440,1440,1440,1440,1440,1440,1440,1440,1440,1440,1440,1440,1440,1440,1440,1440,1440,1440,1440,1440,1440,1440,1440,1440,1440,1440,1440,1440,1440,1440,1440,1440,1440,1440,1440,1440,1440,1440,1440,1440,1380,1380,1380,1380,1440,1440,1440,1440,1440,1440,1380,1380,1440,1380,1380,1380,1380,1380,1380,1440,1440,1440,1440,1440,1440,1440,1440,1440,1506,1440,1440,1440,1440,1440,1440,1440,1380,1380,1380,1440,1440,1506,1506,1506,1506,1506,1506,1506,1506,1506,1506,1578,1578,1578,1506,1578,1578,1578,1949,0,0,0,0,0,0,0,0,0,0,0,0,0,0,0,0,0,0,3011,2070,1949,1949,2070,1949,1949,1949,1949,1949,0,0,0,0,0,0,0,0,0,0,0,0,0,0,0,0,0,0,0,0,0,0,0,0,0,0,0,0,0,0,0,0,0,0,0,16560,16560,0,0,0,0,0,0,0,0,1949,1949,0,0,0,0,0,0,0,0,0,0,0,0,0,0,0,0,0,0,0,0,0,0,0,0,0,0,0,0,0,0,0,0,0,0,0,0,0,0,0,16560,16560,0,0,0,0,0,0,0,0,0,0,0,0,0,33119,16560,33119,33119,16560,16560,33119,33119,33119,0,0,0,0,16560,16560
0,0,0,1744,676,676,676,676,676,676,690,690,690,690,705,705,705,705,705,705,705,705,705,705,705,720,720,720,720,720,720,720,720,720,736,736,736,736,736,736,736,736,736,736,736,753,753,753,753,753,753,753,753,753,753,753,753,753,753,771,771,771,771,771,771,789,789,0,789,789,789,771,771,771,771,771,789,771,789,771,789,789,789,789,808,808,789,789,808,808,808,808,808,808,808,808,808,808,828,0,0,0,0,0,0,0,0,850,850,850,850,0,0,0,0,0,0,850,850,850,850,850,850,850,850,850,850,850,850,872,850,850,850,850,850,872,872,872,872,872,872,872,850,850,850,850,850,872,872,850,850,850,850,850,872,872,872,872,896,896,896,896,896,896,896,896,896,896,896,896,896,896,896,896,896,896,920,920,920,896,896,920,896,920,0,947,920,975,0,0,0,0,0,975,947,947,947,975,975,975,975,1004,1004,1004,1004,1004,0,0,1004,0,0,1004,1004,1004,1004,1004,1004,1004,1004,0,1004,1227,0,0,0,0,0,0,0,0,0,0,0,0,0,0,0,0,0,0,0,0,0,0,0,0,0,0,0,0,0,0,0,0,0,0,0,0,0,0,0,0,0,0,0,0,0,0,0,0,0,0,0,0,0,0,0,0,0,0,0,0,0,0,0,0,0,0,0,0,0,0,0,0,0,0,1227,1227,896,896,0,0,0,0,0,0,0,0,0,0,0,0,0,1274,896,896,896,896,896,896,896,896,896,896,896,896,896,896,896,896,896,33119,0,0,0,0,0,0,0,0,0,0,0,0,0,0,0,0,0,0,0,0,0,1440,1440,1440,1440,1506,1506,1506,1506,1440,1440,1440,1440,1440,1506,1506,1506,1506,1506,1506,1506,1506,1506,1506,1506,1506,1506,1506,1506,1506,1506,1506,1506,1440,1440,1440,1440,1440,1440,1440,1440,1440,1440,1440,1440,1440,1440,1440,1440,1440,1440,1506,1440,1440,1440,1440,1440,1440,1440,1440,1440,1440,1440,1440,1440,1440,1440,1440,1440,1440,1440,1440,1440,1440,1440,1440,1440,1440,1440,1440,1440,1440,1440,1380,1380,1380,1380,1380,1380,1380,1440,1440,1440,1440,1380,1380,1380,1380,1380,1380,1380,1380,1380,1380,1380,1380,1440,1440,1440,1440,1440,1506,1440,1506,1380,1380,1380,1440,1440,1440,1440,1440,1440,1380,1440,1506,1506,1506,1506,1506,1506,1506,1506,1506,1506,1506,1578,1578,0,1578,1578,1578,2070,1949,0,0,0,0,0,0,0,0,3312,0,0,3312,0,0,0,0,0,3312,3011,2070,2070,2070,2070,2070,1949,2070,2208,1949,0,0,0,3011,3011,0,0,0,0,2208,0,0,0,0,0,0,0,0,0,0,0,0,0,0,0,0,0,0,0,0,0,0,0,0,0,0,0,0,0,0,0,0,0,0,0,1949,1949,0,0,0,0,0,0,0,0,0,0,0,0,0,0,0,0,0,0,0,0,0,0,0,0,0,0,0,0,0,0,0,0,0,0,0,0,0,0,0,0,0,0,0,0,0,0,0,0,0,0,0,0,0,0,0,0,0,0,0,0,0,0,0,0,0,0,0,0,1840
0,0,1744,690,690,690,690,690,690,690,690,690,690,690,705,690,705,690,690,705,705,705,705,705,705,720,705,720,720,720,720,720,736,753,753,736,736,736,736,736,736,736,736,736,753,753,753,753,753,753,753,753,753,753,753,753,753,753,753,771,771,771,771,771,771,771,789,789,789,771,771,771,771,771,771,771,771,771,771,771,771,789,789,789,808,808,789,789,808,808,808,808,0,808,808,808,808,0,0,0,0,0,0,0,0,0,0,850,850,850,872,0,0,0,0,0,0,850,850,850,850,850,850,850,850,850,872,872,872,850,850,850,850,850,850,872,872,872,872,872,872,872,850,850,850,850,872,872,872,872,850,850,850,850,872,872,872,872,896,896,896,896,896,896,896,896,896,896,896,896,896,896,896,920,920,920,0,0,0,0,0,0,0,0,0,1227,975,1227,1227,0,0,0,975,975,947,947,947,975,975,1004,1004,1004,1004,1004,1004,1004,0,0,0,0,0,0,0,1004,1004,0,0,0,0,0,1227,1227,1227,1227,1227,1227,1227,1227,1227,0,0,0,0,0,0,0,0,0,0,0,0,0,0,0,0,0,0,0,0,0,0,0,0,0,0,0,0,0,0,0,0,0,0,0,0,0,0,0,0,0,0,0,0,0,0,0,0,0,0,0,0,0,0,0,0,0,0,0,0,0,0,0,0,0,0,1227,1227,1227,1227,1227,0,0,0,0,0,0,0,0,0,0,1325,0,1274,1227,896,896,896,896,896,896,896,896,896,896,896,896,896,896,896,896,896,0,0,0,0,0,0,0,0,0,0,0,0,0,0,0,0,0,0,0,0,1506,1440,1440,1440,1440,1440,1506,1506,1506,1440,1440,1440,1440,1440,1440,1506,1506,1506,1506,1506,1506,1506,1506,1506,1506,1506,1506,1506,1506,1506,1506,1506,1440,1440,1440,1440,1440,1440,1440,1440,1440,1440,1440,1440,1440,1440,1440,1440,1440,1440,1440,1440,1440,1440,1440,1440,1440,1440,1440,1440,1440,1440,1440,1440,1440,1440,1440,1440,1440,1440,1440,1440,1440,1440,1440,1380,1380,1380,1380,1380,1380,1380,1380,1380,1380,1380,1380,1380,1380,1380,1380,1380,1440,1440,1380,1380,1380,1380,1380,1380,1380,1380,1380,1380,1380,1380,1380,1380,1440,1440,1440,1440,1506,1440,1506,1380,1380,1380,1380,1440,1440,1440,1440,1440,1380,1440,1440,1506,1506,1506,1578,1506,1506,1578,1578,1506,1578,0,0,0,0,0,0,0,2070,2366,0,2366,0,0,0,0,3312,3312,3312,0,3312,0,0,0,0,0,0,3312,3312,3312,2070,0,2070,1949,2070,2208,0,0,0,0,0,3011,0,3011,3011,3011,2208,2548,0,0,0,0,0,0,0,0,0,0,0,0,0,0,0,0,0,0,0,0,0,0,0,0,16560,16560,0,0,16560,0,0,0,0,0,0,0,0,0,0,0,0,0,0,0,0,0,0,0,0,0,0,0,0,0,0,0,0,0,0,0,0,0,0,0,0,0,0,0,3011,3011,0,0,0,0,0,0,0,0,0,0,0,0,0,0,0,0,0,0,0,0,0,0,0,0,0,0,0,0,0,0,0,0,16560,2760,2760
0,690,690,690,690,690,690,690,690,690,690,690,690,690,690,690,690,690,690,690,705,705,705,705,705,705,705,705,705,720,720,720,720,736,753,0,753,753,736,736,736,736,736,736,753,753,753,753,753,753,753,753,753,753,753,771,771,771,771,771,771,771,771,771,771,771,789,789,789,771,771,771,771,771,771,771,771,771,789,771,789,789,789,789,789,808,789,789,808,808,808,808,808,808,808,808,808,828,828,828,850,0,0,0,0,0,850,850,850,850,850,0,0,0,0,0,850,850,850,850,850,850,850,850,850,850,850,850,850,850,850,850,850,850,850,872,872,872,872,872,872,850,850,850,850,850,872,872,872,872,872,850,850,850,872,872,896,0,920,920,920,896,896,896,896,896,896,896,896,920,920,1227,920,1227,920,0,0,0,0,0,0,0,0,0,0,0,1227,0,0,0,0,0,0,975,975,947,947,975,1004,0,0,1004,1004,1004,1004,1035,0,0,0,0,1004,1004,1004,1004,1004,1004,1004,1004,1004,1227,1004,1227,1227,1227,1227,1227,1227,0,0,0,0,0,0,0,0,0,0,0,0,0,0,0,0,0,0,0,0,0,0,0,0,0,0,0,0,0,0,0,0,0,0,0,0,0,0,0,0,0,1183,0,0,0,0,0,0,0,0,0,0,0,0,0,1227,0,0,0,0,0,0,0,0,0,0,0,0,0,0,0,1227,1227,0,0,0,0,0,0,0,0,0,0,0,0,1325,1227,896,896,896,896,896,896,896,896,896,896,896,896,896,896,896,896,896,0,0,0,0,0,0,0,0,0,0,0,0,0,0,0,0,0,1506,1506,1506,1440,1440,1440,1440,1440,1440,1440,1440,1440,1440,1440,1440,1440,1440,1440,1506,1506,1506,1506,1506,1506,1506,1506,1506,1506,1506,1506,1506,1506,1506,1506,1506,1440,1440,1440,1440,1440,1440,1440,1440,1440,1440,1440,1440,1440,1440,1440,1440,1440,1440,1440,1440,1440,1440,1440,1440,1440,1440,1440,1440,1440,1440,1440,1440,1440,1440,1440,1440,1440,1440,1440,1440,1440,1440,1380,1380,1380,1380,1380,1380,1380,1380,1380,1380,1380,1380,1380,1380,1380,1380,1380,1380,1380,1380,1380,1380,1380,1380,1380,1380,1380,1380,1380,1380,1380,1380,1380,1380,1380,1380,1440,1440,1440,1440,1380,1380,1380,1380,1380,1440,1440,1440,1440,1380,1380,1380,1440,1506,1506,1506,1506,1506,1506,1578,1578,1506,0,0,0,0,0,0,0,0,0,2208,2366,2208,0,0,0,0,0,0,0,0,0,0,0,0,0,0,0,3312,3312,3312,2070,0,2208,2070,2208,2208,0,0,0,0,0,3011,3011,3011,2366,2208,2208,2208,0,0,0,0,0,0,0,0,0,0,0,0,0,0,0,0,0,0,0,0,0,0,3011,0,0,2760,0,0,0,0,0,0,0,0,0,0,0,0,0,0,0,0,0,0,0,0,0,0,0,0,0,0,0,0,0,0,0,0,0,0,0,0,0,0,0,0,0,0,16560,0,0,0,0,0,0,0,0,0,0,0,0,0,0,0,0,0,0,0,0,0,0,0,0,0,0,0,0,0,0,0,0,0,16560,2760,2760
0,690,690,690,690,690,690,690,690,690,690,690,690,690,690,690,690,690,690,690,690,705,705,705,705,705,705,705,705,705,705,705,720,736,0,0,0,0,0,736,736,736,736,736,753,753,753,753,753,753,753,753,753,753,753,771,771,771,771,789,789,771,771,771,771,789,789,789,789,789,771,771,771,753,753,753,771,771,771,771,771,789,789,789,789,789,789,789,808,0,808,808,808,808,808,808,850,850,850,850,850,0,0,0,0,0,850,850,850,850,850,850,0,0,0,0,850,850,850,850,850,850,850,850,850,850,850,850,850,850,850,850,850,850,850,872,872,872,872,872,872,850,850,850,850,850,872,0,0,0,0,872,850,850,872,872,0,0,0,0,920,920,920,920,920,920,920,920,920,0,0,0,0,0,0,0,0,0,0,0,0,0,0,0,0,0,0,0,0,0,0,0,0,0,0,975,975,0,0,0,0,0,1035,0,0,0,0,0,0,0,0,0,0,1004,1004,1004,1004,1004,1004,1004,1004,1004,1227,1227,1227,0,0,0,0,0,0,0,0,0,0,0,0,0,0,0,0,0,0,0,0,0,0,0,0,0,0,0,0,0,0,0,0,0,0,0,0,0,0,0,0,0,0,0,1183,0,0,0,0,0,0,0,0,0,0,0,0,0,1227,1274,0,0,0,0,0,0,0,0,0,0,0,0,0,0,0,0,0,0,0,0,0,0,0,0,0,0,0,0,1325,1227,896,896,896,896,896,896,896,896,896,896,896,896,896,896,896,896,896,0,0,0,0,0,0,0,0,0,0,0,0,0,0,0,0,1506,1440,1440,1440,1440,1440,1440,1440,1440,1440,1440,1440,1440,1440,1440,1440,1440,1440,1440,1506,1506,1506,1506,1506,1506,1506,1506,1506,1506,1506,1506,1506,1506,1506,1506,1506,1440,1440,1440,1440,1440,1440,1440,1440,1440,1440,1440,1440,1440,1440,1440,1440,1440,1440,1440,1440,1440,1440,1440,1440,1440,1440,1440,1440,1440,1380,1380,1380,1440,1440,1440,1380,1380,1440,1440,1440,1440,1380,1380,1380,1380,1380,1380,1380,1380,1380,1380,1380,1380,1380,1380,1380,1380,1380,1380,1380,1380,1380,1380,1380,1380,1380,1380,1380,1380,1380,1380,1380,1380,1380,1380,1380,1380,1380,1380,1440,1440,1440,1380,1380,1380,1380,1440,1440,1440,1440,1440,1380,1380,1380,1440,1506,1506,1506,1506,1506,1506,0,0,1506,0,0,0,0,0,0,0,0,0,2208,2208,2208,0,0,0,0,0,0,0,0,0,0,0,0,0,0,0,0,0,0,0,0,0,0,2208,2208,0,0,0,0,0,0,0,3011,3011,2208,2208,2548,0,0,0,0,0,0,0,0,0,0,0,0,0,0,0,0,0,0,0,0,0,0,0,0,0,0,0,0,0,0,0,0,0,0,0,0,0,0,0,0,0,0,0,0,0,0,0,0,0,0,0,0,0,0,0,0,0,0,0,0,0,0,0,0,0,0,0,0,0,0,0,0,0,0,0,0,0,0,0,0,0,0,0,0,0,0,0,0,0,0,0,0,0,0,0,0,0,0,0,2760,0,2760,2760,1840,736
0,690,690,690,690,690,690,690,690,690,690,690,690,690,690,690,690,690,690,690,690,705,705,705,705,705,705,705,705,705,705,705,705,720,0,0,0,0,0,736,736,736,736,736,771,771,771,753,771,753,0,753,0,771,771,0,0,0,0,0,0,789,789,789,0,0,0,0,789,789,789,771,771,771,771,771,789,771,789,789,789,789,789,789,789,789,789,789,789,808,808,808,808,808,808,808,828,828,828,828,828,0,0,0,0,0,828,828,828,828,828,850,0,0,0,0,850,850,850,850,850,850,850,850,828,850,850,850,850,850,850,850,850,850,872,872,872,872,872,872,872,850,850,850,850,850,0,0,0,0,0,0,850,872,872,0,0,0,0,0,0,920,920,920,920,920,920,920,920,0,1227,0,0,0,1227,0,920,920,920,920,0,0,0,0,947,947,947,0,0,0,0,0,0,0,0,0,0,0,0,0,0,0,0,0,0,0,0,0,0,0,0,0,0,0,0,1035,1035,1004,1004,1004,1004,1004,1227,1227,0,0,0,0,0,0,0,0,0,0,0,0,0,0,0,0,0,0,0,0,0,0,0,0,0,0,0,0,0,0,0,1227,0,1227,0,0,0,0,0,0,0,0,0,0,1183,0,0,0,0,0,0,0,920,0,1183,0,0,0,0,0,0,0,0,0,0,0,0,0,0,0,0,0,0,0,1227,1227,0,0,0,0,0,0,0,0,0,0,0,0,0,1274,896,896,896,896,896,896,896,896,896,896,896,896,896,896,896,896,896,0,0,0,0,0,0,0,0,0,0,0,0,0,0,0,33119,1506,1440,1440,1440,1440,1440,1440,1440,1440,1440,1440,1440,1440,1440,1440,1440,1440,1440,1440,1506,1506,1506,1506,1506,1506,1506,1506,1506,1506,1506,1506,1506,1506,1506,1506,1506,1440,1440,1440,1440,1440,1440,1440,1440,1440,1440,1440,1440,1440,1440,1440,1440,1440,1440,1440,1440,1440,1440,1440,1440,1440,1440,1440,1440,1380,1380,1380,1380,1380,1380,1380,1380,1380,1380,1380,1380,1380,1380,1380,1380,1380,1380,1380,1380,1380,1380,1380,1380,1380,1380,1380,1380,1380,1380,1380,1380,1380,1380,1380,1380,1380,1380,1380,1380,1380,1380,1380,1380,1380,1380,1380,1380,1380,1380,1380,1440,1440,1380,1380,1380,1380,1380,1380,1440,1440,1440,1440,1380,1380,1380,1506,1506,1506,0,0,1506,1506,1506,1506,1506,1506,0,1506,0,0,0,0,0,0,2208,2208,2208,0,0,0,0,0,0,0,0,0,0,0,0,0,0,0,0,0,0,0,0,0,0,0,2208,0,0,0,0,0,0,0,3011,3011,2208,2208,0,0,0,0,0,0,0,0,0,0,0,0,0,0,0,0,0,0,0,0,0,0,0,0,0,0,0,0,0,0,0,0,0,0,0,0,0,0,0,0,0,0,0,0,0,0,0,0,0,0,0,0,0,0,0,0,0,0,0,0,0,0,0,0,0,0,0,0,0,0,0,0,0,0,0,0,0,0,0,0,0,0,0,0,0,0,0,0,0,0,0,0,0,0,0,0,0,0,0,2760,2760,2760,467,467,467,467
